# full-loop .dat — generated by util/make_loop_dat.py
# topology=full, half-length=33.5 Mm, apex_T=2.00 MK, footpoint |B|=532.3 G (uniform)
# chromosphere: Model C7 (two-fluid); TR+corona: hydrostatic, fully ionized (single-fluid via F_SLAVE)
# Units: SI (m, T, K, m^-3, J/kg)

[META]
ns=524
g_si=274.0
B_outer_T=5.323000e-02
phi_g_offset_Jpkg=0.0
topology=full
loop_half_length_m=3.348600e+07

[CELLS]
# i  ds_m         B_imh_T      B_iph_T      phi_g_imh    phi_g_iph    ne_im3       nn_im3       T_K
0  1.100000e+04  5.323000e-02  5.323000e-02  0.000000e+00  3.014000e+06  1.925379e+17  2.595517e+19  6.242069e+03
1  1.100000e+04  5.323000e-02  5.323000e-02  3.014000e+06  6.027999e+06  1.970138e+17  2.400552e+19  6.276207e+03
2  1.100000e+04  5.323000e-02  5.323000e-02  6.027999e+06  9.041996e+06  2.014897e+17  2.205586e+19  6.310345e+03
3  1.100000e+04  5.323000e-02  5.323000e-02  9.041996e+06  1.205599e+07  2.041151e+17  2.047440e+19  6.339470e+03
4  1.100000e+04  5.323000e-02  5.323000e-02  1.205599e+07  1.506998e+07  2.064485e+17  1.895107e+19  6.367803e+03
5  1.100000e+04  5.323000e-02  5.323000e-02  1.506998e+07  1.808397e+07  2.087818e+17  1.742774e+19  6.396136e+03
6  1.100000e+04  5.323000e-02  5.323000e-02  1.808397e+07  2.109795e+07  2.094431e+17  1.621196e+19  6.419528e+03
7  1.100000e+04  5.323000e-02  5.323000e-02  2.109795e+07  2.411193e+07  2.098403e+17  1.504474e+19  6.442138e+03
8  1.100000e+04  5.323000e-02  5.323000e-02  2.411193e+07  2.712590e+07  2.102375e+17  1.387753e+19  6.464749e+03
9  1.100000e+04  5.323000e-02  5.323000e-02  2.712590e+07  3.013987e+07  2.087132e+17  1.288777e+19  6.482821e+03
10  1.100000e+04  5.323000e-02  5.323000e-02  3.013987e+07  3.315382e+07  2.058585e+17  1.202088e+19  6.497749e+03
11  1.100000e+04  5.323000e-02  5.323000e-02  3.315382e+07  3.616777e+07  2.030038e+17  1.115399e+19  6.512678e+03
12  1.100000e+04  5.323000e-02  5.323000e-02  3.616777e+07  3.918171e+07  2.001491e+17  1.028710e+19  6.527606e+03
13  1.100000e+04  5.323000e-02  5.323000e-02  3.918171e+07  4.219563e+07  1.966870e+17  9.638965e+18  6.536387e+03
14  1.100000e+04  5.323000e-02  5.323000e-02  4.219563e+07  4.520955e+07  1.930463e+17  9.055206e+18  6.543358e+03
15  1.100000e+04  5.323000e-02  5.323000e-02  4.520955e+07  4.822345e+07  1.894055e+17  8.471449e+18  6.550330e+03
16  1.100000e+04  5.323000e-02  5.323000e-02  4.822345e+07  5.123734e+07  1.857648e+17  7.887694e+18  6.557301e+03
17  1.100000e+04  5.323000e-02  5.323000e-02  5.123734e+07  5.425122e+07  1.821241e+17  7.303942e+18  6.564273e+03
18  1.100000e+04  5.323000e-02  5.323000e-02  5.425122e+07  5.726508e+07  1.784834e+17  6.720192e+18  6.571245e+03
19  1.100000e+04  5.323000e-02  5.323000e-02  5.726508e+07  6.027893e+07  1.748853e+17  6.211720e+18  6.576905e+03
20  1.100000e+04  5.323000e-02  5.323000e-02  6.027893e+07  6.329276e+07  1.713784e+17  5.864786e+18  6.579752e+03
21  1.100000e+04  5.323000e-02  5.323000e-02  6.329276e+07  6.630658e+07  1.678715e+17  5.517853e+18  6.582599e+03
22  1.100000e+04  5.323000e-02  5.323000e-02  6.630658e+07  6.932037e+07  1.643647e+17  5.170922e+18  6.585446e+03
23  1.100000e+04  5.323000e-02  5.323000e-02  6.932037e+07  7.233415e+07  1.608579e+17  4.823994e+18  6.588292e+03
24  1.100000e+04  5.323000e-02  5.323000e-02  7.233415e+07  7.534791e+07  1.573511e+17  4.477068e+18  6.591139e+03
25  1.100000e+04  5.323000e-02  5.323000e-02  7.534791e+07  7.836165e+07  1.538443e+17  4.130144e+18  6.593986e+03
26  1.100000e+04  5.323000e-02  5.323000e-02  7.836165e+07  8.137537e+07  1.503376e+17  3.783222e+18  6.596833e+03
27  1.100000e+04  5.323000e-02  5.323000e-02  8.137537e+07  8.438906e+07  1.485657e+17  3.525559e+18  6.598787e+03
28  1.100000e+04  5.323000e-02  5.323000e-02  8.438906e+07  8.740274e+07  1.479991e+17  3.329913e+18  6.600120e+03
29  1.100000e+04  5.323000e-02  5.323000e-02  8.740274e+07  9.041639e+07  1.474325e+17  3.134268e+18  6.601453e+03
30  1.100000e+04  5.323000e-02  5.323000e-02  9.041639e+07  9.343002e+07  1.468659e+17  2.938625e+18  6.602786e+03
31  1.100000e+04  5.323000e-02  5.323000e-02  9.343002e+07  9.644362e+07  1.462993e+17  2.742984e+18  6.604119e+03
32  1.100000e+04  5.323000e-02  5.323000e-02  9.644362e+07  9.945719e+07  1.457327e+17  2.547344e+18  6.605453e+03
33  1.100000e+04  5.323000e-02  5.323000e-02  9.945719e+07  1.024707e+08  1.451661e+17  2.351705e+18  6.606786e+03
34  1.100000e+04  5.323000e-02  5.323000e-02  1.024707e+08  1.054843e+08  1.445995e+17  2.156069e+18  6.608119e+03
35  1.100000e+04  5.323000e-02  5.323000e-02  1.054843e+08  1.084978e+08  1.440329e+17  1.960434e+18  6.609452e+03
36  1.100000e+04  5.323000e-02  5.323000e-02  1.084978e+08  1.115112e+08  1.437204e+17  1.822436e+18  6.610690e+03
37  1.100000e+04  5.323000e-02  5.323000e-02  1.115112e+08  1.145247e+08  1.435852e+17  1.724680e+18  6.611862e+03
38  1.100000e+04  5.323000e-02  5.323000e-02  1.145247e+08  1.175381e+08  1.434499e+17  1.626925e+18  6.613034e+03
39  1.100000e+04  5.323000e-02  5.323000e-02  1.175381e+08  1.205514e+08  1.433147e+17  1.529171e+18  6.614206e+03
40  1.100000e+04  5.323000e-02  5.323000e-02  1.205514e+08  1.235648e+08  1.431795e+17  1.431418e+18  6.615378e+03
41  1.100000e+04  5.323000e-02  5.323000e-02  1.235648e+08  1.265781e+08  1.430443e+17  1.333666e+18  6.616550e+03
42  1.100000e+04  5.323000e-02  5.323000e-02  1.265781e+08  1.295914e+08  1.429091e+17  1.235915e+18  6.617721e+03
43  1.100000e+04  5.323000e-02  5.323000e-02  1.295914e+08  1.326046e+08  1.427739e+17  1.138165e+18  6.618893e+03
44  1.100000e+04  5.323000e-02  5.323000e-02  1.326046e+08  1.356178e+08  1.426386e+17  1.040417e+18  6.620065e+03
45  1.100000e+04  5.323000e-02  5.323000e-02  1.356178e+08  1.386310e+08  1.425034e+17  9.426693e+17  6.621237e+03
46  1.100000e+04  5.323000e-02  5.323000e-02  1.386310e+08  1.416441e+08  1.423682e+17  8.449231e+17  6.622409e+03
47  1.100000e+04  5.323000e-02  5.323000e-02  1.416441e+08  1.446572e+08  1.414239e+17  7.734498e+17  6.623562e+03
48  1.100000e+04  5.323000e-02  5.323000e-02  1.446572e+08  1.476703e+08  1.396553e+17  7.287378e+17  6.624695e+03
49  1.100000e+04  5.323000e-02  5.323000e-02  1.476703e+08  1.506833e+08  1.378868e+17  6.840263e+17  6.625829e+03
50  1.100000e+04  5.323000e-02  5.323000e-02  1.506833e+08  1.536963e+08  1.361184e+17  6.393154e+17  6.626963e+03
51  1.100000e+04  5.323000e-02  5.323000e-02  1.536963e+08  1.567092e+08  1.343499e+17  5.946051e+17  6.628096e+03
52  1.100000e+04  5.323000e-02  5.323000e-02  1.567092e+08  1.597221e+08  1.325815e+17  5.498954e+17  6.629230e+03
53  1.100000e+04  5.323000e-02  5.323000e-02  1.597221e+08  1.627349e+08  1.308131e+17  5.051864e+17  6.630363e+03
54  1.100000e+04  5.323000e-02  5.323000e-02  1.627349e+08  1.657477e+08  1.290447e+17  4.604780e+17  6.631497e+03
55  1.100000e+04  5.323000e-02  5.323000e-02  1.657477e+08  1.687605e+08  1.272763e+17  4.157702e+17  6.632631e+03
56  1.100000e+04  5.323000e-02  5.323000e-02  1.687605e+08  1.717732e+08  1.250058e+17  3.864043e+17  6.633706e+03
57  1.100000e+04  5.323000e-02  5.323000e-02  1.717732e+08  1.747859e+08  1.224926e+17  3.644557e+17  6.634753e+03
58  1.100000e+04  5.323000e-02  5.323000e-02  1.747859e+08  1.777985e+08  1.199795e+17  3.425075e+17  6.635800e+03
59  1.100000e+04  5.323000e-02  5.323000e-02  1.777985e+08  1.808111e+08  1.174664e+17  3.205595e+17  6.636847e+03
60  1.100000e+04  5.323000e-02  5.323000e-02  1.808111e+08  1.838236e+08  1.149533e+17  2.986120e+17  6.637894e+03
61  1.100000e+04  5.323000e-02  5.323000e-02  1.838236e+08  1.868361e+08  1.124402e+17  2.766647e+17  6.638942e+03
62  1.100000e+04  5.323000e-02  5.323000e-02  1.868361e+08  1.898486e+08  1.099272e+17  2.547179e+17  6.639989e+03
63  1.100000e+04  5.323000e-02  5.323000e-02  1.898486e+08  1.928609e+08  1.074143e+17  2.327714e+17  6.641036e+03
64  1.100000e+04  5.323000e-02  5.323000e-02  1.928609e+08  1.958733e+08  1.049014e+17  2.108253e+17  6.642083e+03
65  1.100000e+04  5.323000e-02  5.323000e-02  1.958733e+08  1.988855e+08  1.023800e+17  1.903043e+17  6.643125e+03
66  1.100000e+04  5.323000e-02  5.323000e-02  1.988855e+08  2.018978e+08  9.979875e+16  1.798525e+17  6.644135e+03
67  1.100000e+04  5.323000e-02  5.323000e-02  2.018978e+08  2.049099e+08  9.721754e+16  1.694009e+17  6.645144e+03
68  1.100000e+04  5.323000e-02  5.323000e-02  2.049099e+08  2.079221e+08  9.463638e+16  1.589495e+17  6.646154e+03
69  1.100000e+04  5.323000e-02  5.323000e-02  2.079221e+08  2.109341e+08  9.205526e+16  1.484983e+17  6.647164e+03
70  1.100000e+04  5.323000e-02  5.323000e-02  2.109341e+08  2.139461e+08  8.947419e+16  1.380472e+17  6.648173e+03
71  1.100000e+04  5.323000e-02  5.323000e-02  2.139461e+08  2.169581e+08  8.689317e+16  1.275964e+17  6.649183e+03
72  1.100000e+04  5.323000e-02  5.323000e-02  2.169581e+08  2.199700e+08  8.431219e+16  1.171458e+17  6.650192e+03
73  1.100000e+04  5.323000e-02  5.323000e-02  2.199700e+08  2.229818e+08  8.173127e+16  1.066953e+17  6.651202e+03
74  1.100000e+04  5.323000e-02  5.323000e-02  2.229818e+08  2.259936e+08  7.921825e+16  9.723806e+16  6.652248e+03
75  1.100000e+04  5.323000e-02  5.323000e-02  2.259936e+08  2.290053e+08  7.696197e+16  9.153719e+16  6.653437e+03
76  1.100000e+04  5.323000e-02  5.323000e-02  2.290053e+08  2.320169e+08  7.470573e+16  8.583644e+16  6.654625e+03
77  1.100000e+04  5.323000e-02  5.323000e-02  2.320169e+08  2.350285e+08  7.244954e+16  8.013581e+16  6.655813e+03
78  1.100000e+04  5.323000e-02  5.323000e-02  2.350285e+08  2.380401e+08  7.019340e+16  7.443530e+16  6.657002e+03
79  1.100000e+04  5.323000e-02  5.323000e-02  2.380401e+08  2.410515e+08  6.793730e+16  6.873490e+16  6.658190e+03
80  1.100000e+04  5.323000e-02  5.323000e-02  2.410515e+08  2.440629e+08  6.568125e+16  6.303463e+16  6.659378e+03
81  1.100000e+04  5.323000e-02  5.323000e-02  2.440629e+08  2.470743e+08  6.356964e+16  5.840476e+16  6.660705e+03
82  1.100000e+04  5.323000e-02  5.323000e-02  2.470743e+08  2.500855e+08  6.161678e+16  5.495131e+16  6.662184e+03
83  1.100000e+04  5.323000e-02  5.323000e-02  2.500855e+08  2.530967e+08  5.966395e+16  5.149794e+16  6.663664e+03
84  1.100000e+04  5.323000e-02  5.323000e-02  2.530967e+08  2.561079e+08  5.771117e+16  4.804465e+16  6.665143e+03
85  1.100000e+04  5.323000e-02  5.323000e-02  2.561079e+08  2.591189e+08  5.575844e+16  4.459144e+16  6.666622e+03
86  1.100000e+04  5.323000e-02  5.323000e-02  2.591189e+08  2.621299e+08  5.392770e+16  4.195137e+16  6.668332e+03
87  1.100000e+04  5.323000e-02  5.323000e-02  2.621299e+08  2.651409e+08  5.213881e+16  3.959003e+16  6.670121e+03
88  1.100000e+04  5.323000e-02  5.323000e-02  2.651409e+08  2.681517e+08  5.034996e+16  3.722875e+16  6.671910e+03
89  1.100000e+04  5.323000e-02  5.323000e-02  2.681517e+08  2.711625e+08  4.856115e+16  3.486752e+16  6.673699e+03
90  1.100000e+04  5.323000e-02  5.323000e-02  2.711625e+08  2.741732e+08  4.673467e+16  4.673467e+13  9.239874e+03
91  1.100000e+04  5.323000e-02  5.323000e-02  2.741732e+08  2.771839e+08  2.239428e+16  2.239428e+13  1.909947e+04
92  1.100000e+04  5.323000e-02  5.323000e-02  2.771839e+08  2.801944e+08  1.172897e+16  1.172897e+13  3.628407e+04
93  1.100000e+04  5.323000e-02  5.323000e-02  2.801944e+08  2.832049e+08  6.994078e+15  6.994078e+12  6.066523e+04
94  1.100000e+04  5.323000e-02  5.323000e-02  2.832049e+08  2.862153e+08  4.599753e+15  4.599753e+12  9.206097e+04
95  1.100000e+04  5.323000e-02  5.323000e-02  2.862153e+08  2.892257e+08  3.246887e+15  3.246887e+12  1.302371e+05
96  1.100000e+04  5.323000e-02  5.323000e-02  2.892257e+08  2.922359e+08  2.415109e+15  2.415109e+12  1.749091e+05
97  1.100000e+04  5.323000e-02  5.323000e-02  2.922359e+08  2.952461e+08  1.869744e+15  1.869744e+12  2.257440e+05
98  1.100000e+04  5.323000e-02  5.323000e-02  2.952461e+08  2.982562e+08  1.493860e+15  1.493860e+12  2.823631e+05
99  1.100000e+04  5.323000e-02  5.323000e-02  2.982562e+08  3.012663e+08  1.224319e+15  1.224319e+12  3.443448e+05
100  1.100000e+04  5.323000e-02  5.323000e-02  3.012663e+08  3.042762e+08  1.024740e+15  1.024740e+12  4.112273e+05
101  1.100000e+04  5.323000e-02  5.323000e-02  3.042762e+08  3.072861e+08  8.730166e+14  8.730166e+11  4.825129e+05
102  1.100000e+04  5.323000e-02  5.323000e-02  3.072861e+08  3.102959e+08  7.551123e+14  7.551123e+11  5.576707e+05
103  1.100000e+04  5.323000e-02  5.323000e-02  3.102959e+08  3.133056e+08  6.617762e+14  6.617762e+11  6.361416e+05
104  1.100000e+04  5.323000e-02  5.323000e-02  3.133056e+08  3.163152e+08  5.867170e+14  5.867170e+11  7.173414e+05
105  1.100000e+04  5.323000e-02  5.323000e-02  3.163152e+08  3.193247e+08  5.255382e+14  5.255382e+11  8.006661e+05
106  1.100000e+04  5.323000e-02  5.323000e-02  3.193247e+08  3.223342e+08  4.750943e+14  4.750943e+11  8.854957e+05
107  1.100000e+04  5.323000e-02  5.323000e-02  3.223342e+08  3.253435e+08  4.330883e+14  4.330883e+11  9.711993e+05
108  1.100000e+04  5.323000e-02  5.323000e-02  3.253435e+08  3.283528e+08  3.978118e+14  3.978118e+11  1.057139e+06
109  1.100000e+04  5.323000e-02  5.323000e-02  3.283528e+08  3.313620e+08  3.679740e+14  3.679740e+11  1.142677e+06
110  1.100000e+04  5.323000e-02  5.323000e-02  3.313620e+08  3.343711e+08  3.425857e+14  3.425857e+11  1.227176e+06
111  1.100000e+04  5.323000e-02  5.323000e-02  3.343711e+08  3.373801e+08  3.208793e+14  3.208793e+11  1.310008e+06
112  1.100000e+04  5.323000e-02  5.323000e-02  3.373801e+08  3.403890e+08  3.022523e+14  3.022523e+11  1.390558e+06
113  1.100000e+04  5.323000e-02  5.323000e-02  3.403890e+08  3.433979e+08  2.862277e+14  2.862277e+11  1.468227e+06
114  1.100000e+04  5.323000e-02  5.323000e-02  3.433979e+08  3.464066e+08  2.724243e+14  2.724243e+11  1.542438e+06
115  1.100000e+04  5.323000e-02  5.323000e-02  3.464066e+08  3.494153e+08  2.605357e+14  2.605357e+11  1.612639e+06
116  1.100000e+04  5.323000e-02  5.323000e-02  3.494153e+08  3.524238e+08  2.503141e+14  2.503141e+11  1.678309e+06
117  1.100000e+04  5.323000e-02  5.323000e-02  3.524238e+08  3.554323e+08  2.415583e+14  2.415583e+11  1.738961e+06
118  1.100000e+04  5.323000e-02  5.323000e-02  3.554323e+08  3.584407e+08  2.341048e+14  2.341048e+11  1.794144e+06
119  1.100000e+04  5.323000e-02  5.323000e-02  3.584407e+08  3.614489e+08  2.278210e+14  2.278210e+11  1.843448e+06
120  1.100000e+04  5.323000e-02  5.323000e-02  3.614489e+08  3.644571e+08  2.225994e+14  2.225994e+11  1.886509e+06
121  1.100000e+04  5.323000e-02  5.323000e-02  3.644571e+08  3.674652e+08  2.183540e+14  2.183540e+11  1.923005e+06
122  1.100000e+04  5.323000e-02  5.323000e-02  3.674652e+08  3.704732e+08  2.150170e+14  2.150170e+11  1.952667e+06
123  1.100000e+04  5.323000e-02  5.323000e-02  3.704732e+08  3.734810e+08  2.125364e+14  2.125364e+11  1.975276e+06
124  1.100000e+04  5.323000e-02  5.323000e-02  3.734810e+08  3.764888e+08  2.108742e+14  2.108742e+11  1.990663e+06
125  1.100000e+04  5.323000e-02  5.323000e-02  3.764888e+08  3.794965e+08  2.100055e+14  2.100055e+11  1.998716e+06
126  1.100000e+04  5.323000e-02  5.323000e-02  3.794965e+08  3.825041e+08  2.098515e+14  2.098515e+11  2.000000e+06
127  1.100000e+04  5.323000e-02  5.323000e-02  3.825041e+08  3.855116e+08  2.098324e+14  2.098324e+11  2.000000e+06
128  1.100000e+04  5.323000e-02  5.323000e-02  3.855116e+08  3.885189e+08  2.098133e+14  2.098133e+11  2.000000e+06
129  1.100000e+04  5.323000e-02  5.323000e-02  3.885189e+08  3.915262e+08  2.097942e+14  2.097942e+11  2.000000e+06
130  1.100000e+04  5.323000e-02  5.323000e-02  3.915262e+08  3.945334e+08  2.097751e+14  2.097751e+11  2.000000e+06
131  1.100000e+04  5.323000e-02  5.323000e-02  3.945334e+08  3.975405e+08  2.097560e+14  2.097560e+11  2.000000e+06
132  1.100000e+04  5.323000e-02  5.323000e-02  3.975405e+08  4.005474e+08  2.097369e+14  2.097369e+11  2.000000e+06
133  1.100000e+04  5.323000e-02  5.323000e-02  4.005474e+08  4.035543e+08  2.097178e+14  2.097178e+11  2.000000e+06
134  1.100000e+04  5.323000e-02  5.323000e-02  4.035543e+08  4.065610e+08  2.096987e+14  2.096987e+11  2.000000e+06
135  1.100000e+04  5.323000e-02  5.323000e-02  4.065610e+08  4.095676e+08  2.096796e+14  2.096796e+11  2.000000e+06
136  1.100000e+04  5.323000e-02  5.323000e-02  4.095676e+08  4.125742e+08  2.096605e+14  2.096605e+11  2.000000e+06
137  1.166000e+04  5.323000e-02  5.323000e-02  4.125742e+08  4.157610e+08  2.096408e+14  2.096408e+11  2.000000e+06
138  1.235960e+04  5.323000e-02  5.323000e-02  4.157610e+08  4.191388e+08  2.096200e+14  2.096200e+11  2.000000e+06
139  1.310118e+04  5.323000e-02  5.323000e-02  4.191388e+08  4.227192e+08  2.095979e+14  2.095979e+11  2.000000e+06
140  1.388725e+04  5.323000e-02  5.323000e-02  4.227192e+08  4.265143e+08  2.095745e+14  2.095745e+11  2.000000e+06
141  1.472048e+04  5.323000e-02  5.323000e-02  4.265143e+08  4.305368e+08  2.095497e+14  2.095497e+11  2.000000e+06
142  1.560371e+04  5.323000e-02  5.323000e-02  4.305368e+08  4.348005e+08  2.095234e+14  2.095234e+11  2.000000e+06
143  1.653993e+04  5.323000e-02  5.323000e-02  4.348005e+08  4.393197e+08  2.094955e+14  2.094955e+11  2.000000e+06
144  1.753233e+04  5.323000e-02  5.323000e-02  4.393197e+08  4.441098e+08  2.094660e+14  2.094660e+11  2.000000e+06
145  1.858427e+04  5.323000e-02  5.323000e-02  4.441098e+08  4.491870e+08  2.094347e+14  2.094347e+11  2.000000e+06
146  1.969932e+04  5.323000e-02  5.323000e-02  4.491870e+08  4.545684e+08  2.094016e+14  2.094016e+11  2.000000e+06
147  2.088128e+04  5.323000e-02  5.323000e-02  4.545684e+08  4.602723e+08  2.093664e+14  2.093664e+11  2.000000e+06
148  2.213416e+04  5.323000e-02  5.323000e-02  4.602723e+08  4.663180e+08  2.093292e+14  2.093292e+11  2.000000e+06
149  2.346221e+04  5.323000e-02  5.323000e-02  4.663180e+08  4.727258e+08  2.092897e+14  2.092897e+11  2.000000e+06
150  2.486994e+04  5.323000e-02  5.323000e-02  4.727258e+08  4.795175e+08  2.092479e+14  2.092479e+11  2.000000e+06
151  2.636214e+04  5.323000e-02  5.323000e-02  4.795175e+08  4.867160e+08  2.092035e+14  2.092035e+11  2.000000e+06
152  2.794387e+04  5.323000e-02  5.323000e-02  4.867160e+08  4.943456e+08  2.091566e+14  2.091566e+11  2.000000e+06
153  2.962050e+04  5.323000e-02  5.323000e-02  4.943456e+08  5.024320e+08  2.091068e+14  2.091068e+11  2.000000e+06
154  3.139773e+04  5.323000e-02  5.323000e-02  5.024320e+08  5.110025e+08  2.090541e+14  2.090541e+11  2.000000e+06
155  3.328159e+04  5.323000e-02  5.323000e-02  5.110025e+08  5.200861e+08  2.089982e+14  2.089982e+11  2.000000e+06
156  3.527849e+04  5.323000e-02  5.323000e-02  5.200861e+08  5.297133e+08  2.089390e+14  2.089390e+11  2.000000e+06
157  3.739520e+04  5.323000e-02  5.323000e-02  5.297133e+08  5.399165e+08  2.088762e+14  2.088762e+11  2.000000e+06
158  3.963891e+04  5.323000e-02  5.323000e-02  5.399165e+08  5.507302e+08  2.088098e+14  2.088098e+11  2.000000e+06
159  4.201725e+04  5.323000e-02  5.323000e-02  5.507302e+08  5.621905e+08  2.087394e+14  2.087394e+11  2.000000e+06
160  4.453828e+04  5.323000e-02  5.323000e-02  5.621905e+08  5.743361e+08  2.086648e+14  2.086648e+11  2.000000e+06
161  4.721058e+04  5.323000e-02  5.323000e-02  5.743361e+08  5.872077e+08  2.085857e+14  2.085857e+11  2.000000e+06
162  5.004321e+04  5.323000e-02  5.323000e-02  5.872077e+08  6.008485e+08  2.085020e+14  2.085020e+11  2.000000e+06
163  5.304581e+04  5.323000e-02  5.323000e-02  6.008485e+08  6.153040e+08  2.084133e+14  2.084133e+11  2.000000e+06
164  5.622855e+04  5.323000e-02  5.323000e-02  6.153040e+08  6.306228e+08  2.083194e+14  2.083194e+11  2.000000e+06
165  5.960227e+04  5.323000e-02  5.323000e-02  6.306228e+08  6.468559e+08  2.082199e+14  2.082199e+11  2.000000e+06
166  6.317840e+04  5.323000e-02  5.323000e-02  6.468559e+08  6.640574e+08  2.081145e+14  2.081145e+11  2.000000e+06
167  6.696911e+04  5.323000e-02  5.323000e-02  6.640574e+08  6.822847e+08  2.080029e+14  2.080029e+11  2.000000e+06
168  7.098725e+04  5.323000e-02  5.323000e-02  6.822847e+08  7.015982e+08  2.078847e+14  2.078847e+11  2.000000e+06
169  7.524649e+04  5.323000e-02  5.323000e-02  7.015982e+08  7.220621e+08  2.077596e+14  2.077596e+11  2.000000e+06
170  7.976128e+04  5.323000e-02  5.323000e-02  7.220621e+08  7.437439e+08  2.076270e+14  2.076270e+11  2.000000e+06
171  8.454695e+04  5.323000e-02  5.323000e-02  7.437439e+08  7.667153e+08  2.074867e+14  2.074867e+11  2.000000e+06
172  8.961977e+04  5.323000e-02  5.323000e-02  7.667153e+08  7.910518e+08  2.073382e+14  2.073382e+11  2.000000e+06
173  9.499696e+04  5.323000e-02  5.323000e-02  7.910518e+08  8.168332e+08  2.071809e+14  2.071809e+11  2.000000e+06
174  1.006968e+05  5.323000e-02  5.323000e-02  8.168332e+08  8.441438e+08  2.070145e+14  2.070145e+11  2.000000e+06
175  1.067386e+05  5.323000e-02  5.323000e-02  8.441438e+08  8.730725e+08  2.068383e+14  2.068383e+11  2.000000e+06
176  1.131429e+05  5.323000e-02  5.323000e-02  8.730725e+08  9.037129e+08  2.066519e+14  2.066519e+11  2.000000e+06
177  1.199315e+05  5.323000e-02  5.323000e-02  9.037129e+08  9.361640e+08  2.064546e+14  2.064546e+11  2.000000e+06
178  1.271274e+05  5.323000e-02  5.323000e-02  9.361640e+08  9.705298e+08  2.062459e+14  2.062459e+11  2.000000e+06
179  1.347550e+05  5.323000e-02  5.323000e-02  9.705298e+08  1.006920e+09  2.060251e+14  2.060251e+11  2.000000e+06
180  1.428403e+05  5.323000e-02  5.323000e-02  1.006920e+09  1.045449e+09  2.057917e+14  2.057917e+11  2.000000e+06
181  1.514107e+05  5.323000e-02  5.323000e-02  1.045449e+09  1.086239e+09  2.055448e+14  2.055448e+11  2.000000e+06
182  1.604954e+05  5.323000e-02  5.323000e-02  1.086239e+09  1.129417e+09  2.052837e+14  2.052837e+11  2.000000e+06
183  1.701251e+05  5.323000e-02  5.323000e-02  1.129417e+09  1.175115e+09  2.050078e+14  2.050078e+11  2.000000e+06
184  1.803326e+05  5.323000e-02  5.323000e-02  1.175115e+09  1.223473e+09  2.047163e+14  2.047163e+11  2.000000e+06
185  1.911525e+05  5.323000e-02  5.323000e-02  1.223473e+09  1.274637e+09  2.044083e+14  2.044083e+11  2.000000e+06
186  2.026217e+05  5.323000e-02  5.323000e-02  1.274637e+09  1.328759e+09  2.040829e+14  2.040829e+11  2.000000e+06
187  2.147790e+05  5.323000e-02  5.323000e-02  1.328759e+09  1.385997e+09  2.037395e+14  2.037395e+11  2.000000e+06
188  2.276657e+05  5.323000e-02  5.323000e-02  1.385997e+09  1.446516e+09  2.033769e+14  2.033769e+11  2.000000e+06
189  2.413257e+05  5.323000e-02  5.323000e-02  1.446516e+09  1.510485e+09  2.029944e+14  2.029944e+11  2.000000e+06
190  2.558052e+05  5.323000e-02  5.323000e-02  1.510485e+09  1.578081e+09  2.025910e+14  2.025910e+11  2.000000e+06
191  2.711535e+05  5.323000e-02  5.323000e-02  1.578081e+09  1.649485e+09  2.021657e+14  2.021657e+11  2.000000e+06
192  2.874227e+05  5.323000e-02  5.323000e-02  1.649485e+09  1.724881e+09  2.017176e+14  2.017176e+11  2.000000e+06
193  3.046681e+05  5.323000e-02  5.323000e-02  1.724881e+09  1.804459e+09  2.012457e+14  2.012457e+11  2.000000e+06
194  3.229482e+05  5.323000e-02  5.323000e-02  1.804459e+09  1.888408e+09  2.007491e+14  2.007491e+11  2.000000e+06
195  3.423251e+05  5.323000e-02  5.323000e-02  1.888408e+09  1.976921e+09  2.002269e+14  2.002269e+11  2.000000e+06
196  3.628646e+05  5.323000e-02  5.323000e-02  1.976921e+09  2.070187e+09  1.996781e+14  1.996781e+11  2.000000e+06
197  3.846365e+05  5.323000e-02  5.323000e-02  2.070187e+09  2.168394e+09  1.991018e+14  1.991018e+11  2.000000e+06
198  4.000000e+05  5.323000e-02  5.323000e-02  2.168394e+09  2.269774e+09  1.985031e+14  1.985031e+11  2.000000e+06
199  4.000000e+05  5.323000e-02  5.323000e-02  2.269774e+09  2.370355e+09  1.978993e+14  1.978993e+11  2.000000e+06
200  4.000000e+05  5.323000e-02  5.323000e-02  2.370355e+09  2.470102e+09  1.973023e+14  1.973023e+11  2.000000e+06
201  4.000000e+05  5.323000e-02  5.323000e-02  2.470102e+09  2.568979e+09  1.967123e+14  1.967123e+11  2.000000e+06
202  4.000000e+05  5.323000e-02  5.323000e-02  2.568979e+09  2.666952e+09  1.961295e+14  1.961295e+11  2.000000e+06
203  4.000000e+05  5.323000e-02  5.323000e-02  2.666952e+09  2.763986e+09  1.955539e+14  1.955539e+11  2.000000e+06
204  4.000000e+05  5.323000e-02  5.323000e-02  2.763986e+09  2.860046e+09  1.949858e+14  1.949858e+11  2.000000e+06
205  4.000000e+05  5.323000e-02  5.323000e-02  2.860046e+09  2.955100e+09  1.944253e+14  1.944253e+11  2.000000e+06
206  4.000000e+05  5.323000e-02  5.323000e-02  2.955100e+09  3.049113e+09  1.938724e+14  1.938724e+11  2.000000e+06
207  4.000000e+05  5.323000e-02  5.323000e-02  3.049113e+09  3.142053e+09  1.933275e+14  1.933275e+11  2.000000e+06
208  4.000000e+05  5.323000e-02  5.323000e-02  3.142053e+09  3.233887e+09  1.927905e+14  1.927905e+11  2.000000e+06
209  4.000000e+05  5.323000e-02  5.323000e-02  3.233887e+09  3.324582e+09  1.922617e+14  1.922617e+11  2.000000e+06
210  4.000000e+05  5.323000e-02  5.323000e-02  3.324582e+09  3.414107e+09  1.917411e+14  1.917411e+11  2.000000e+06
211  4.000000e+05  5.323000e-02  5.323000e-02  3.414107e+09  3.502429e+09  1.912288e+14  1.912288e+11  2.000000e+06
212  4.000000e+05  5.323000e-02  5.323000e-02  3.502429e+09  3.589519e+09  1.907251e+14  1.907251e+11  2.000000e+06
213  4.000000e+05  5.323000e-02  5.323000e-02  3.589519e+09  3.675345e+09  1.902299e+14  1.902299e+11  2.000000e+06
214  4.000000e+05  5.323000e-02  5.323000e-02  3.675345e+09  3.759877e+09  1.897435e+14  1.897435e+11  2.000000e+06
215  4.000000e+05  5.323000e-02  5.323000e-02  3.759877e+09  3.843085e+09  1.892659e+14  1.892659e+11  2.000000e+06
216  4.000000e+05  5.323000e-02  5.323000e-02  3.843085e+09  3.924940e+09  1.887973e+14  1.887973e+11  2.000000e+06
217  4.000000e+05  5.323000e-02  5.323000e-02  3.924940e+09  4.005414e+09  1.883377e+14  1.883377e+11  2.000000e+06
218  4.000000e+05  5.323000e-02  5.323000e-02  4.005414e+09  4.084477e+09  1.878873e+14  1.878873e+11  2.000000e+06
219  4.000000e+05  5.323000e-02  5.323000e-02  4.084477e+09  4.162102e+09  1.874460e+14  1.874460e+11  2.000000e+06
220  4.000000e+05  5.323000e-02  5.323000e-02  4.162102e+09  4.238262e+09  1.870142e+14  1.870142e+11  2.000000e+06
221  4.000000e+05  5.323000e-02  5.323000e-02  4.238262e+09  4.312930e+09  1.865917e+14  1.865917e+11  2.000000e+06
222  4.000000e+05  5.323000e-02  5.323000e-02  4.312930e+09  4.386079e+09  1.861788e+14  1.861788e+11  2.000000e+06
223  4.000000e+05  5.323000e-02  5.323000e-02  4.386079e+09  4.457684e+09  1.857754e+14  1.857754e+11  2.000000e+06
224  4.000000e+05  5.323000e-02  5.323000e-02  4.457684e+09  4.527720e+09  1.853818e+14  1.853818e+11  2.000000e+06
225  4.000000e+05  5.323000e-02  5.323000e-02  4.527720e+09  4.596162e+09  1.849979e+14  1.849979e+11  2.000000e+06
226  4.000000e+05  5.323000e-02  5.323000e-02  4.596162e+09  4.662985e+09  1.846239e+14  1.846239e+11  2.000000e+06
227  4.000000e+05  5.323000e-02  5.323000e-02  4.662985e+09  4.728167e+09  1.842597e+14  1.842597e+11  2.000000e+06
228  4.000000e+05  5.323000e-02  5.323000e-02  4.728167e+09  4.791685e+09  1.839056e+14  1.839056e+11  2.000000e+06
229  4.000000e+05  5.323000e-02  5.323000e-02  4.791685e+09  4.853515e+09  1.835615e+14  1.835615e+11  2.000000e+06
230  4.000000e+05  5.323000e-02  5.323000e-02  4.853515e+09  4.913637e+09  1.832276e+14  1.832276e+11  2.000000e+06
231  4.000000e+05  5.323000e-02  5.323000e-02  4.913637e+09  4.972028e+09  1.829038e+14  1.829038e+11  2.000000e+06
232  4.000000e+05  5.323000e-02  5.323000e-02  4.972028e+09  5.028669e+09  1.825903e+14  1.825903e+11  2.000000e+06
233  4.000000e+05  5.323000e-02  5.323000e-02  5.028669e+09  5.083540e+09  1.822871e+14  1.822871e+11  2.000000e+06
234  4.000000e+05  5.323000e-02  5.323000e-02  5.083540e+09  5.136621e+09  1.819943e+14  1.819943e+11  2.000000e+06
235  4.000000e+05  5.323000e-02  5.323000e-02  5.136621e+09  5.187894e+09  1.817119e+14  1.817119e+11  2.000000e+06
236  4.000000e+05  5.323000e-02  5.323000e-02  5.187894e+09  5.237340e+09  1.814400e+14  1.814400e+11  2.000000e+06
237  4.000000e+05  5.323000e-02  5.323000e-02  5.237340e+09  5.284943e+09  1.811786e+14  1.811786e+11  2.000000e+06
238  4.000000e+05  5.323000e-02  5.323000e-02  5.284943e+09  5.330684e+09  1.809277e+14  1.809277e+11  2.000000e+06
239  4.000000e+05  5.323000e-02  5.323000e-02  5.330684e+09  5.374549e+09  1.806875e+14  1.806875e+11  2.000000e+06
240  4.000000e+05  5.323000e-02  5.323000e-02  5.374549e+09  5.416522e+09  1.804580e+14  1.804580e+11  2.000000e+06
241  4.000000e+05  5.323000e-02  5.323000e-02  5.416522e+09  5.456588e+09  1.802391e+14  1.802391e+11  2.000000e+06
242  4.000000e+05  5.323000e-02  5.323000e-02  5.456588e+09  5.494733e+09  1.800310e+14  1.800310e+11  2.000000e+06
243  4.000000e+05  5.323000e-02  5.323000e-02  5.494733e+09  5.530943e+09  1.798337e+14  1.798337e+11  2.000000e+06
244  4.000000e+05  5.323000e-02  5.323000e-02  5.530943e+09  5.565206e+09  1.796472e+14  1.796472e+11  2.000000e+06
245  4.000000e+05  5.323000e-02  5.323000e-02  5.565206e+09  5.597510e+09  1.794715e+14  1.794715e+11  2.000000e+06
246  4.000000e+05  5.323000e-02  5.323000e-02  5.597510e+09  5.627843e+09  1.793067e+14  1.793067e+11  2.000000e+06
247  4.000000e+05  5.323000e-02  5.323000e-02  5.627843e+09  5.656194e+09  1.791528e+14  1.791528e+11  2.000000e+06
248  4.000000e+05  5.323000e-02  5.323000e-02  5.656194e+09  5.682555e+09  1.790098e+14  1.790098e+11  2.000000e+06
249  4.000000e+05  5.323000e-02  5.323000e-02  5.682555e+09  5.706914e+09  1.788778e+14  1.788778e+11  2.000000e+06
250  4.000000e+05  5.323000e-02  5.323000e-02  5.706914e+09  5.729265e+09  1.787567e+14  1.787567e+11  2.000000e+06
251  4.000000e+05  5.323000e-02  5.323000e-02  5.729265e+09  5.749599e+09  1.786467e+14  1.786467e+11  2.000000e+06
252  4.000000e+05  5.323000e-02  5.323000e-02  5.749599e+09  5.767908e+09  1.785476e+14  1.785476e+11  2.000000e+06
253  4.000000e+05  5.323000e-02  5.323000e-02  5.767908e+09  5.784186e+09  1.784596e+14  1.784596e+11  2.000000e+06
254  4.000000e+05  5.323000e-02  5.323000e-02  5.784186e+09  5.798429e+09  1.783827e+14  1.783827e+11  2.000000e+06
255  4.000000e+05  5.323000e-02  5.323000e-02  5.798429e+09  5.810629e+09  1.783168e+14  1.783168e+11  2.000000e+06
256  4.000000e+05  5.323000e-02  5.323000e-02  5.810629e+09  5.820784e+09  1.782619e+14  1.782619e+11  2.000000e+06
257  4.000000e+05  5.323000e-02  5.323000e-02  5.820784e+09  5.828890e+09  1.782182e+14  1.782182e+11  2.000000e+06
258  4.000000e+05  5.323000e-02  5.323000e-02  5.828890e+09  5.834944e+09  1.781855e+14  1.781855e+11  2.000000e+06
259  4.000000e+05  5.323000e-02  5.323000e-02  5.834944e+09  5.838943e+09  1.781639e+14  1.781639e+11  2.000000e+06
260  4.000000e+05  5.323000e-02  5.323000e-02  5.838943e+09  5.840887e+09  1.781534e+14  1.781534e+11  2.000000e+06
261  1.780889e+05  5.323000e-02  5.323000e-02  5.840887e+09  5.841091e+09  1.781516e+14  1.781516e+11  2.000000e+06
262  1.780889e+05  5.323000e-02  5.323000e-02  5.841091e+09  5.840887e+09  1.781516e+14  1.781516e+11  2.000000e+06
263  4.000000e+05  5.323000e-02  5.323000e-02  5.840887e+09  5.838943e+09  1.781534e+14  1.781534e+11  2.000000e+06
264  4.000000e+05  5.323000e-02  5.323000e-02  5.838943e+09  5.834944e+09  1.781639e+14  1.781639e+11  2.000000e+06
265  4.000000e+05  5.323000e-02  5.323000e-02  5.834944e+09  5.828890e+09  1.781855e+14  1.781855e+11  2.000000e+06
266  4.000000e+05  5.323000e-02  5.323000e-02  5.828890e+09  5.820784e+09  1.782182e+14  1.782182e+11  2.000000e+06
267  4.000000e+05  5.323000e-02  5.323000e-02  5.820784e+09  5.810629e+09  1.782619e+14  1.782619e+11  2.000000e+06
268  4.000000e+05  5.323000e-02  5.323000e-02  5.810629e+09  5.798429e+09  1.783168e+14  1.783168e+11  2.000000e+06
269  4.000000e+05  5.323000e-02  5.323000e-02  5.798429e+09  5.784186e+09  1.783827e+14  1.783827e+11  2.000000e+06
270  4.000000e+05  5.323000e-02  5.323000e-02  5.784186e+09  5.767908e+09  1.784596e+14  1.784596e+11  2.000000e+06
271  4.000000e+05  5.323000e-02  5.323000e-02  5.767908e+09  5.749599e+09  1.785476e+14  1.785476e+11  2.000000e+06
272  4.000000e+05  5.323000e-02  5.323000e-02  5.749599e+09  5.729265e+09  1.786467e+14  1.786467e+11  2.000000e+06
273  4.000000e+05  5.323000e-02  5.323000e-02  5.729265e+09  5.706914e+09  1.787567e+14  1.787567e+11  2.000000e+06
274  4.000000e+05  5.323000e-02  5.323000e-02  5.706914e+09  5.682555e+09  1.788778e+14  1.788778e+11  2.000000e+06
275  4.000000e+05  5.323000e-02  5.323000e-02  5.682555e+09  5.656194e+09  1.790098e+14  1.790098e+11  2.000000e+06
276  4.000000e+05  5.323000e-02  5.323000e-02  5.656194e+09  5.627843e+09  1.791528e+14  1.791528e+11  2.000000e+06
277  4.000000e+05  5.323000e-02  5.323000e-02  5.627843e+09  5.597510e+09  1.793067e+14  1.793067e+11  2.000000e+06
278  4.000000e+05  5.323000e-02  5.323000e-02  5.597510e+09  5.565206e+09  1.794715e+14  1.794715e+11  2.000000e+06
279  4.000000e+05  5.323000e-02  5.323000e-02  5.565206e+09  5.530943e+09  1.796472e+14  1.796472e+11  2.000000e+06
280  4.000000e+05  5.323000e-02  5.323000e-02  5.530943e+09  5.494733e+09  1.798337e+14  1.798337e+11  2.000000e+06
281  4.000000e+05  5.323000e-02  5.323000e-02  5.494733e+09  5.456588e+09  1.800310e+14  1.800310e+11  2.000000e+06
282  4.000000e+05  5.323000e-02  5.323000e-02  5.456588e+09  5.416522e+09  1.802391e+14  1.802391e+11  2.000000e+06
283  4.000000e+05  5.323000e-02  5.323000e-02  5.416522e+09  5.374549e+09  1.804580e+14  1.804580e+11  2.000000e+06
284  4.000000e+05  5.323000e-02  5.323000e-02  5.374549e+09  5.330684e+09  1.806875e+14  1.806875e+11  2.000000e+06
285  4.000000e+05  5.323000e-02  5.323000e-02  5.330684e+09  5.284943e+09  1.809277e+14  1.809277e+11  2.000000e+06
286  4.000000e+05  5.323000e-02  5.323000e-02  5.284943e+09  5.237340e+09  1.811786e+14  1.811786e+11  2.000000e+06
287  4.000000e+05  5.323000e-02  5.323000e-02  5.237340e+09  5.187894e+09  1.814400e+14  1.814400e+11  2.000000e+06
288  4.000000e+05  5.323000e-02  5.323000e-02  5.187894e+09  5.136621e+09  1.817119e+14  1.817119e+11  2.000000e+06
289  4.000000e+05  5.323000e-02  5.323000e-02  5.136621e+09  5.083540e+09  1.819943e+14  1.819943e+11  2.000000e+06
290  4.000000e+05  5.323000e-02  5.323000e-02  5.083540e+09  5.028669e+09  1.822871e+14  1.822871e+11  2.000000e+06
291  4.000000e+05  5.323000e-02  5.323000e-02  5.028669e+09  4.972028e+09  1.825903e+14  1.825903e+11  2.000000e+06
292  4.000000e+05  5.323000e-02  5.323000e-02  4.972028e+09  4.913637e+09  1.829038e+14  1.829038e+11  2.000000e+06
293  4.000000e+05  5.323000e-02  5.323000e-02  4.913637e+09  4.853515e+09  1.832276e+14  1.832276e+11  2.000000e+06
294  4.000000e+05  5.323000e-02  5.323000e-02  4.853515e+09  4.791685e+09  1.835615e+14  1.835615e+11  2.000000e+06
295  4.000000e+05  5.323000e-02  5.323000e-02  4.791685e+09  4.728167e+09  1.839056e+14  1.839056e+11  2.000000e+06
296  4.000000e+05  5.323000e-02  5.323000e-02  4.728167e+09  4.662985e+09  1.842597e+14  1.842597e+11  2.000000e+06
297  4.000000e+05  5.323000e-02  5.323000e-02  4.662985e+09  4.596162e+09  1.846239e+14  1.846239e+11  2.000000e+06
298  4.000000e+05  5.323000e-02  5.323000e-02  4.596162e+09  4.527720e+09  1.849979e+14  1.849979e+11  2.000000e+06
299  4.000000e+05  5.323000e-02  5.323000e-02  4.527720e+09  4.457684e+09  1.853818e+14  1.853818e+11  2.000000e+06
300  4.000000e+05  5.323000e-02  5.323000e-02  4.457684e+09  4.386079e+09  1.857754e+14  1.857754e+11  2.000000e+06
301  4.000000e+05  5.323000e-02  5.323000e-02  4.386079e+09  4.312930e+09  1.861788e+14  1.861788e+11  2.000000e+06
302  4.000000e+05  5.323000e-02  5.323000e-02  4.312930e+09  4.238262e+09  1.865917e+14  1.865917e+11  2.000000e+06
303  4.000000e+05  5.323000e-02  5.323000e-02  4.238262e+09  4.162102e+09  1.870142e+14  1.870142e+11  2.000000e+06
304  4.000000e+05  5.323000e-02  5.323000e-02  4.162102e+09  4.084477e+09  1.874460e+14  1.874460e+11  2.000000e+06
305  4.000000e+05  5.323000e-02  5.323000e-02  4.084477e+09  4.005414e+09  1.878873e+14  1.878873e+11  2.000000e+06
306  4.000000e+05  5.323000e-02  5.323000e-02  4.005414e+09  3.924940e+09  1.883377e+14  1.883377e+11  2.000000e+06
307  4.000000e+05  5.323000e-02  5.323000e-02  3.924940e+09  3.843085e+09  1.887973e+14  1.887973e+11  2.000000e+06
308  4.000000e+05  5.323000e-02  5.323000e-02  3.843085e+09  3.759877e+09  1.892659e+14  1.892659e+11  2.000000e+06
309  4.000000e+05  5.323000e-02  5.323000e-02  3.759877e+09  3.675345e+09  1.897435e+14  1.897435e+11  2.000000e+06
310  4.000000e+05  5.323000e-02  5.323000e-02  3.675345e+09  3.589519e+09  1.902299e+14  1.902299e+11  2.000000e+06
311  4.000000e+05  5.323000e-02  5.323000e-02  3.589519e+09  3.502429e+09  1.907251e+14  1.907251e+11  2.000000e+06
312  4.000000e+05  5.323000e-02  5.323000e-02  3.502429e+09  3.414107e+09  1.912288e+14  1.912288e+11  2.000000e+06
313  4.000000e+05  5.323000e-02  5.323000e-02  3.414107e+09  3.324582e+09  1.917411e+14  1.917411e+11  2.000000e+06
314  4.000000e+05  5.323000e-02  5.323000e-02  3.324582e+09  3.233887e+09  1.922617e+14  1.922617e+11  2.000000e+06
315  4.000000e+05  5.323000e-02  5.323000e-02  3.233887e+09  3.142053e+09  1.927905e+14  1.927905e+11  2.000000e+06
316  4.000000e+05  5.323000e-02  5.323000e-02  3.142053e+09  3.049113e+09  1.933275e+14  1.933275e+11  2.000000e+06
317  4.000000e+05  5.323000e-02  5.323000e-02  3.049113e+09  2.955100e+09  1.938724e+14  1.938724e+11  2.000000e+06
318  4.000000e+05  5.323000e-02  5.323000e-02  2.955100e+09  2.860046e+09  1.944253e+14  1.944253e+11  2.000000e+06
319  4.000000e+05  5.323000e-02  5.323000e-02  2.860046e+09  2.763986e+09  1.949858e+14  1.949858e+11  2.000000e+06
320  4.000000e+05  5.323000e-02  5.323000e-02  2.763986e+09  2.666952e+09  1.955539e+14  1.955539e+11  2.000000e+06
321  4.000000e+05  5.323000e-02  5.323000e-02  2.666952e+09  2.568979e+09  1.961295e+14  1.961295e+11  2.000000e+06
322  4.000000e+05  5.323000e-02  5.323000e-02  2.568979e+09  2.470102e+09  1.967123e+14  1.967123e+11  2.000000e+06
323  4.000000e+05  5.323000e-02  5.323000e-02  2.470102e+09  2.370355e+09  1.973023e+14  1.973023e+11  2.000000e+06
324  4.000000e+05  5.323000e-02  5.323000e-02  2.370355e+09  2.269774e+09  1.978993e+14  1.978993e+11  2.000000e+06
325  4.000000e+05  5.323000e-02  5.323000e-02  2.269774e+09  2.168394e+09  1.985031e+14  1.985031e+11  2.000000e+06
326  3.846365e+05  5.323000e-02  5.323000e-02  2.168394e+09  2.070187e+09  1.991018e+14  1.991018e+11  2.000000e+06
327  3.628646e+05  5.323000e-02  5.323000e-02  2.070187e+09  1.976921e+09  1.996781e+14  1.996781e+11  2.000000e+06
328  3.423251e+05  5.323000e-02  5.323000e-02  1.976921e+09  1.888408e+09  2.002269e+14  2.002269e+11  2.000000e+06
329  3.229482e+05  5.323000e-02  5.323000e-02  1.888408e+09  1.804459e+09  2.007491e+14  2.007491e+11  2.000000e+06
330  3.046681e+05  5.323000e-02  5.323000e-02  1.804459e+09  1.724881e+09  2.012457e+14  2.012457e+11  2.000000e+06
331  2.874227e+05  5.323000e-02  5.323000e-02  1.724881e+09  1.649485e+09  2.017176e+14  2.017176e+11  2.000000e+06
332  2.711535e+05  5.323000e-02  5.323000e-02  1.649485e+09  1.578081e+09  2.021657e+14  2.021657e+11  2.000000e+06
333  2.558052e+05  5.323000e-02  5.323000e-02  1.578081e+09  1.510485e+09  2.025910e+14  2.025910e+11  2.000000e+06
334  2.413257e+05  5.323000e-02  5.323000e-02  1.510485e+09  1.446516e+09  2.029944e+14  2.029944e+11  2.000000e+06
335  2.276657e+05  5.323000e-02  5.323000e-02  1.446516e+09  1.385997e+09  2.033769e+14  2.033769e+11  2.000000e+06
336  2.147790e+05  5.323000e-02  5.323000e-02  1.385997e+09  1.328759e+09  2.037395e+14  2.037395e+11  2.000000e+06
337  2.026217e+05  5.323000e-02  5.323000e-02  1.328759e+09  1.274637e+09  2.040829e+14  2.040829e+11  2.000000e+06
338  1.911525e+05  5.323000e-02  5.323000e-02  1.274637e+09  1.223473e+09  2.044083e+14  2.044083e+11  2.000000e+06
339  1.803326e+05  5.323000e-02  5.323000e-02  1.223473e+09  1.175115e+09  2.047163e+14  2.047163e+11  2.000000e+06
340  1.701251e+05  5.323000e-02  5.323000e-02  1.175115e+09  1.129417e+09  2.050078e+14  2.050078e+11  2.000000e+06
341  1.604954e+05  5.323000e-02  5.323000e-02  1.129417e+09  1.086239e+09  2.052837e+14  2.052837e+11  2.000000e+06
342  1.514107e+05  5.323000e-02  5.323000e-02  1.086239e+09  1.045449e+09  2.055448e+14  2.055448e+11  2.000000e+06
343  1.428403e+05  5.323000e-02  5.323000e-02  1.045449e+09  1.006920e+09  2.057917e+14  2.057917e+11  2.000000e+06
344  1.347550e+05  5.323000e-02  5.323000e-02  1.006920e+09  9.705298e+08  2.060251e+14  2.060251e+11  2.000000e+06
345  1.271274e+05  5.323000e-02  5.323000e-02  9.705298e+08  9.361640e+08  2.062459e+14  2.062459e+11  2.000000e+06
346  1.199315e+05  5.323000e-02  5.323000e-02  9.361640e+08  9.037129e+08  2.064546e+14  2.064546e+11  2.000000e+06
347  1.131429e+05  5.323000e-02  5.323000e-02  9.037129e+08  8.730725e+08  2.066519e+14  2.066519e+11  2.000000e+06
348  1.067386e+05  5.323000e-02  5.323000e-02  8.730725e+08  8.441438e+08  2.068383e+14  2.068383e+11  2.000000e+06
349  1.006968e+05  5.323000e-02  5.323000e-02  8.441438e+08  8.168332e+08  2.070145e+14  2.070145e+11  2.000000e+06
350  9.499696e+04  5.323000e-02  5.323000e-02  8.168332e+08  7.910518e+08  2.071809e+14  2.071809e+11  2.000000e+06
351  8.961977e+04  5.323000e-02  5.323000e-02  7.910518e+08  7.667153e+08  2.073382e+14  2.073382e+11  2.000000e+06
352  8.454695e+04  5.323000e-02  5.323000e-02  7.667153e+08  7.437439e+08  2.074867e+14  2.074867e+11  2.000000e+06
353  7.976128e+04  5.323000e-02  5.323000e-02  7.437439e+08  7.220621e+08  2.076270e+14  2.076270e+11  2.000000e+06
354  7.524649e+04  5.323000e-02  5.323000e-02  7.220621e+08  7.015982e+08  2.077596e+14  2.077596e+11  2.000000e+06
355  7.098725e+04  5.323000e-02  5.323000e-02  7.015982e+08  6.822847e+08  2.078847e+14  2.078847e+11  2.000000e+06
356  6.696911e+04  5.323000e-02  5.323000e-02  6.822847e+08  6.640574e+08  2.080029e+14  2.080029e+11  2.000000e+06
357  6.317840e+04  5.323000e-02  5.323000e-02  6.640574e+08  6.468559e+08  2.081145e+14  2.081145e+11  2.000000e+06
358  5.960227e+04  5.323000e-02  5.323000e-02  6.468559e+08  6.306228e+08  2.082199e+14  2.082199e+11  2.000000e+06
359  5.622855e+04  5.323000e-02  5.323000e-02  6.306228e+08  6.153040e+08  2.083194e+14  2.083194e+11  2.000000e+06
360  5.304581e+04  5.323000e-02  5.323000e-02  6.153040e+08  6.008485e+08  2.084133e+14  2.084133e+11  2.000000e+06
361  5.004321e+04  5.323000e-02  5.323000e-02  6.008485e+08  5.872077e+08  2.085020e+14  2.085020e+11  2.000000e+06
362  4.721058e+04  5.323000e-02  5.323000e-02  5.872077e+08  5.743361e+08  2.085857e+14  2.085857e+11  2.000000e+06
363  4.453828e+04  5.323000e-02  5.323000e-02  5.743361e+08  5.621905e+08  2.086648e+14  2.086648e+11  2.000000e+06
364  4.201725e+04  5.323000e-02  5.323000e-02  5.621905e+08  5.507302e+08  2.087394e+14  2.087394e+11  2.000000e+06
365  3.963891e+04  5.323000e-02  5.323000e-02  5.507302e+08  5.399165e+08  2.088098e+14  2.088098e+11  2.000000e+06
366  3.739520e+04  5.323000e-02  5.323000e-02  5.399165e+08  5.297133e+08  2.088762e+14  2.088762e+11  2.000000e+06
367  3.527849e+04  5.323000e-02  5.323000e-02  5.297133e+08  5.200861e+08  2.089390e+14  2.089390e+11  2.000000e+06
368  3.328159e+04  5.323000e-02  5.323000e-02  5.200861e+08  5.110025e+08  2.089982e+14  2.089982e+11  2.000000e+06
369  3.139773e+04  5.323000e-02  5.323000e-02  5.110025e+08  5.024320e+08  2.090541e+14  2.090541e+11  2.000000e+06
370  2.962050e+04  5.323000e-02  5.323000e-02  5.024320e+08  4.943456e+08  2.091068e+14  2.091068e+11  2.000000e+06
371  2.794387e+04  5.323000e-02  5.323000e-02  4.943456e+08  4.867160e+08  2.091566e+14  2.091566e+11  2.000000e+06
372  2.636214e+04  5.323000e-02  5.323000e-02  4.867160e+08  4.795175e+08  2.092035e+14  2.092035e+11  2.000000e+06
373  2.486994e+04  5.323000e-02  5.323000e-02  4.795175e+08  4.727258e+08  2.092479e+14  2.092479e+11  2.000000e+06
374  2.346221e+04  5.323000e-02  5.323000e-02  4.727258e+08  4.663180e+08  2.092897e+14  2.092897e+11  2.000000e+06
375  2.213416e+04  5.323000e-02  5.323000e-02  4.663180e+08  4.602723e+08  2.093292e+14  2.093292e+11  2.000000e+06
376  2.088128e+04  5.323000e-02  5.323000e-02  4.602723e+08  4.545684e+08  2.093664e+14  2.093664e+11  2.000000e+06
377  1.969932e+04  5.323000e-02  5.323000e-02  4.545684e+08  4.491870e+08  2.094016e+14  2.094016e+11  2.000000e+06
378  1.858427e+04  5.323000e-02  5.323000e-02  4.491870e+08  4.441098e+08  2.094347e+14  2.094347e+11  2.000000e+06
379  1.753233e+04  5.323000e-02  5.323000e-02  4.441098e+08  4.393197e+08  2.094660e+14  2.094660e+11  2.000000e+06
380  1.653993e+04  5.323000e-02  5.323000e-02  4.393197e+08  4.348005e+08  2.094955e+14  2.094955e+11  2.000000e+06
381  1.560371e+04  5.323000e-02  5.323000e-02  4.348005e+08  4.305368e+08  2.095234e+14  2.095234e+11  2.000000e+06
382  1.472048e+04  5.323000e-02  5.323000e-02  4.305368e+08  4.265143e+08  2.095497e+14  2.095497e+11  2.000000e+06
383  1.388725e+04  5.323000e-02  5.323000e-02  4.265143e+08  4.227192e+08  2.095745e+14  2.095745e+11  2.000000e+06
384  1.310118e+04  5.323000e-02  5.323000e-02  4.227192e+08  4.191388e+08  2.095979e+14  2.095979e+11  2.000000e+06
385  1.235960e+04  5.323000e-02  5.323000e-02  4.191388e+08  4.157610e+08  2.096200e+14  2.096200e+11  2.000000e+06
386  1.166000e+04  5.323000e-02  5.323000e-02  4.157610e+08  4.125742e+08  2.096408e+14  2.096408e+11  2.000000e+06
387  1.100000e+04  5.323000e-02  5.323000e-02  4.125742e+08  4.095676e+08  2.096605e+14  2.096605e+11  2.000000e+06
388  1.100000e+04  5.323000e-02  5.323000e-02  4.095676e+08  4.065610e+08  2.096796e+14  2.096796e+11  2.000000e+06
389  1.100000e+04  5.323000e-02  5.323000e-02  4.065610e+08  4.035543e+08  2.096987e+14  2.096987e+11  2.000000e+06
390  1.100000e+04  5.323000e-02  5.323000e-02  4.035543e+08  4.005474e+08  2.097178e+14  2.097178e+11  2.000000e+06
391  1.100000e+04  5.323000e-02  5.323000e-02  4.005474e+08  3.975405e+08  2.097369e+14  2.097369e+11  2.000000e+06
392  1.100000e+04  5.323000e-02  5.323000e-02  3.975405e+08  3.945334e+08  2.097560e+14  2.097560e+11  2.000000e+06
393  1.100000e+04  5.323000e-02  5.323000e-02  3.945334e+08  3.915262e+08  2.097751e+14  2.097751e+11  2.000000e+06
394  1.100000e+04  5.323000e-02  5.323000e-02  3.915262e+08  3.885189e+08  2.097942e+14  2.097942e+11  2.000000e+06
395  1.100000e+04  5.323000e-02  5.323000e-02  3.885189e+08  3.855116e+08  2.098133e+14  2.098133e+11  2.000000e+06
396  1.100000e+04  5.323000e-02  5.323000e-02  3.855116e+08  3.825041e+08  2.098324e+14  2.098324e+11  2.000000e+06
397  1.100000e+04  5.323000e-02  5.323000e-02  3.825041e+08  3.794965e+08  2.098515e+14  2.098515e+11  2.000000e+06
398  1.100000e+04  5.323000e-02  5.323000e-02  3.794965e+08  3.764888e+08  2.100055e+14  2.100055e+11  1.998716e+06
399  1.100000e+04  5.323000e-02  5.323000e-02  3.764888e+08  3.734810e+08  2.108742e+14  2.108742e+11  1.990663e+06
400  1.100000e+04  5.323000e-02  5.323000e-02  3.734810e+08  3.704732e+08  2.125364e+14  2.125364e+11  1.975276e+06
401  1.100000e+04  5.323000e-02  5.323000e-02  3.704732e+08  3.674652e+08  2.150170e+14  2.150170e+11  1.952667e+06
402  1.100000e+04  5.323000e-02  5.323000e-02  3.674652e+08  3.644571e+08  2.183540e+14  2.183540e+11  1.923005e+06
403  1.100000e+04  5.323000e-02  5.323000e-02  3.644571e+08  3.614489e+08  2.225994e+14  2.225994e+11  1.886509e+06
404  1.100000e+04  5.323000e-02  5.323000e-02  3.614489e+08  3.584407e+08  2.278210e+14  2.278210e+11  1.843448e+06
405  1.100000e+04  5.323000e-02  5.323000e-02  3.584407e+08  3.554323e+08  2.341048e+14  2.341048e+11  1.794144e+06
406  1.100000e+04  5.323000e-02  5.323000e-02  3.554323e+08  3.524238e+08  2.415583e+14  2.415583e+11  1.738961e+06
407  1.100000e+04  5.323000e-02  5.323000e-02  3.524238e+08  3.494153e+08  2.503141e+14  2.503141e+11  1.678309e+06
408  1.100000e+04  5.323000e-02  5.323000e-02  3.494153e+08  3.464066e+08  2.605357e+14  2.605357e+11  1.612639e+06
409  1.100000e+04  5.323000e-02  5.323000e-02  3.464066e+08  3.433979e+08  2.724243e+14  2.724243e+11  1.542438e+06
410  1.100000e+04  5.323000e-02  5.323000e-02  3.433979e+08  3.403890e+08  2.862277e+14  2.862277e+11  1.468227e+06
411  1.100000e+04  5.323000e-02  5.323000e-02  3.403890e+08  3.373801e+08  3.022523e+14  3.022523e+11  1.390558e+06
412  1.100000e+04  5.323000e-02  5.323000e-02  3.373801e+08  3.343711e+08  3.208793e+14  3.208793e+11  1.310008e+06
413  1.100000e+04  5.323000e-02  5.323000e-02  3.343711e+08  3.313620e+08  3.425857e+14  3.425857e+11  1.227176e+06
414  1.100000e+04  5.323000e-02  5.323000e-02  3.313620e+08  3.283528e+08  3.679740e+14  3.679740e+11  1.142677e+06
415  1.100000e+04  5.323000e-02  5.323000e-02  3.283528e+08  3.253435e+08  3.978118e+14  3.978118e+11  1.057139e+06
416  1.100000e+04  5.323000e-02  5.323000e-02  3.253435e+08  3.223342e+08  4.330883e+14  4.330883e+11  9.711993e+05
417  1.100000e+04  5.323000e-02  5.323000e-02  3.223342e+08  3.193247e+08  4.750943e+14  4.750943e+11  8.854957e+05
418  1.100000e+04  5.323000e-02  5.323000e-02  3.193247e+08  3.163152e+08  5.255382e+14  5.255382e+11  8.006661e+05
419  1.100000e+04  5.323000e-02  5.323000e-02  3.163152e+08  3.133056e+08  5.867170e+14  5.867170e+11  7.173414e+05
420  1.100000e+04  5.323000e-02  5.323000e-02  3.133056e+08  3.102959e+08  6.617762e+14  6.617762e+11  6.361416e+05
421  1.100000e+04  5.323000e-02  5.323000e-02  3.102959e+08  3.072861e+08  7.551123e+14  7.551123e+11  5.576707e+05
422  1.100000e+04  5.323000e-02  5.323000e-02  3.072861e+08  3.042762e+08  8.730166e+14  8.730166e+11  4.825129e+05
423  1.100000e+04  5.323000e-02  5.323000e-02  3.042762e+08  3.012663e+08  1.024740e+15  1.024740e+12  4.112273e+05
424  1.100000e+04  5.323000e-02  5.323000e-02  3.012663e+08  2.982562e+08  1.224319e+15  1.224319e+12  3.443448e+05
425  1.100000e+04  5.323000e-02  5.323000e-02  2.982562e+08  2.952461e+08  1.493860e+15  1.493860e+12  2.823631e+05
426  1.100000e+04  5.323000e-02  5.323000e-02  2.952461e+08  2.922359e+08  1.869744e+15  1.869744e+12  2.257440e+05
427  1.100000e+04  5.323000e-02  5.323000e-02  2.922359e+08  2.892257e+08  2.415109e+15  2.415109e+12  1.749091e+05
428  1.100000e+04  5.323000e-02  5.323000e-02  2.892257e+08  2.862153e+08  3.246887e+15  3.246887e+12  1.302371e+05
429  1.100000e+04  5.323000e-02  5.323000e-02  2.862153e+08  2.832049e+08  4.599753e+15  4.599753e+12  9.206097e+04
430  1.100000e+04  5.323000e-02  5.323000e-02  2.832049e+08  2.801944e+08  6.994078e+15  6.994078e+12  6.066523e+04
431  1.100000e+04  5.323000e-02  5.323000e-02  2.801944e+08  2.771839e+08  1.172897e+16  1.172897e+13  3.628407e+04
432  1.100000e+04  5.323000e-02  5.323000e-02  2.771839e+08  2.741732e+08  2.239428e+16  2.239428e+13  1.909947e+04
433  1.100000e+04  5.323000e-02  5.323000e-02  2.741732e+08  2.711625e+08  4.673467e+16  4.673467e+13  9.239874e+03
434  1.100000e+04  5.323000e-02  5.323000e-02  2.711625e+08  2.681517e+08  4.856115e+16  3.486752e+16  6.673699e+03
435  1.100000e+04  5.323000e-02  5.323000e-02  2.681517e+08  2.651409e+08  5.034996e+16  3.722875e+16  6.671910e+03
436  1.100000e+04  5.323000e-02  5.323000e-02  2.651409e+08  2.621299e+08  5.213881e+16  3.959003e+16  6.670121e+03
437  1.100000e+04  5.323000e-02  5.323000e-02  2.621299e+08  2.591189e+08  5.392770e+16  4.195137e+16  6.668332e+03
438  1.100000e+04  5.323000e-02  5.323000e-02  2.591189e+08  2.561079e+08  5.575844e+16  4.459144e+16  6.666622e+03
439  1.100000e+04  5.323000e-02  5.323000e-02  2.561079e+08  2.530967e+08  5.771117e+16  4.804465e+16  6.665143e+03
440  1.100000e+04  5.323000e-02  5.323000e-02  2.530967e+08  2.500855e+08  5.966395e+16  5.149794e+16  6.663664e+03
441  1.100000e+04  5.323000e-02  5.323000e-02  2.500855e+08  2.470743e+08  6.161678e+16  5.495131e+16  6.662184e+03
442  1.100000e+04  5.323000e-02  5.323000e-02  2.470743e+08  2.440629e+08  6.356964e+16  5.840476e+16  6.660705e+03
443  1.100000e+04  5.323000e-02  5.323000e-02  2.440629e+08  2.410515e+08  6.568125e+16  6.303463e+16  6.659378e+03
444  1.100000e+04  5.323000e-02  5.323000e-02  2.410515e+08  2.380401e+08  6.793730e+16  6.873490e+16  6.658190e+03
445  1.100000e+04  5.323000e-02  5.323000e-02  2.380401e+08  2.350285e+08  7.019340e+16  7.443530e+16  6.657002e+03
446  1.100000e+04  5.323000e-02  5.323000e-02  2.350285e+08  2.320169e+08  7.244954e+16  8.013581e+16  6.655813e+03
447  1.100000e+04  5.323000e-02  5.323000e-02  2.320169e+08  2.290053e+08  7.470573e+16  8.583644e+16  6.654625e+03
448  1.100000e+04  5.323000e-02  5.323000e-02  2.290053e+08  2.259936e+08  7.696197e+16  9.153719e+16  6.653437e+03
449  1.100000e+04  5.323000e-02  5.323000e-02  2.259936e+08  2.229818e+08  7.921825e+16  9.723806e+16  6.652248e+03
450  1.100000e+04  5.323000e-02  5.323000e-02  2.229818e+08  2.199700e+08  8.173127e+16  1.066953e+17  6.651202e+03
451  1.100000e+04  5.323000e-02  5.323000e-02  2.199700e+08  2.169581e+08  8.431219e+16  1.171458e+17  6.650192e+03
452  1.100000e+04  5.323000e-02  5.323000e-02  2.169581e+08  2.139461e+08  8.689317e+16  1.275964e+17  6.649183e+03
453  1.100000e+04  5.323000e-02  5.323000e-02  2.139461e+08  2.109341e+08  8.947419e+16  1.380472e+17  6.648173e+03
454  1.100000e+04  5.323000e-02  5.323000e-02  2.109341e+08  2.079221e+08  9.205526e+16  1.484983e+17  6.647164e+03
455  1.100000e+04  5.323000e-02  5.323000e-02  2.079221e+08  2.049099e+08  9.463638e+16  1.589495e+17  6.646154e+03
456  1.100000e+04  5.323000e-02  5.323000e-02  2.049099e+08  2.018978e+08  9.721754e+16  1.694009e+17  6.645144e+03
457  1.100000e+04  5.323000e-02  5.323000e-02  2.018978e+08  1.988855e+08  9.979875e+16  1.798525e+17  6.644135e+03
458  1.100000e+04  5.323000e-02  5.323000e-02  1.988855e+08  1.958733e+08  1.023800e+17  1.903043e+17  6.643125e+03
459  1.100000e+04  5.323000e-02  5.323000e-02  1.958733e+08  1.928609e+08  1.049014e+17  2.108253e+17  6.642083e+03
460  1.100000e+04  5.323000e-02  5.323000e-02  1.928609e+08  1.898486e+08  1.074143e+17  2.327714e+17  6.641036e+03
461  1.100000e+04  5.323000e-02  5.323000e-02  1.898486e+08  1.868361e+08  1.099272e+17  2.547179e+17  6.639989e+03
462  1.100000e+04  5.323000e-02  5.323000e-02  1.868361e+08  1.838236e+08  1.124402e+17  2.766647e+17  6.638942e+03
463  1.100000e+04  5.323000e-02  5.323000e-02  1.838236e+08  1.808111e+08  1.149533e+17  2.986120e+17  6.637894e+03
464  1.100000e+04  5.323000e-02  5.323000e-02  1.808111e+08  1.777985e+08  1.174664e+17  3.205595e+17  6.636847e+03
465  1.100000e+04  5.323000e-02  5.323000e-02  1.777985e+08  1.747859e+08  1.199795e+17  3.425075e+17  6.635800e+03
466  1.100000e+04  5.323000e-02  5.323000e-02  1.747859e+08  1.717732e+08  1.224926e+17  3.644557e+17  6.634753e+03
467  1.100000e+04  5.323000e-02  5.323000e-02  1.717732e+08  1.687605e+08  1.250058e+17  3.864043e+17  6.633706e+03
468  1.100000e+04  5.323000e-02  5.323000e-02  1.687605e+08  1.657477e+08  1.272763e+17  4.157702e+17  6.632631e+03
469  1.100000e+04  5.323000e-02  5.323000e-02  1.657477e+08  1.627349e+08  1.290447e+17  4.604780e+17  6.631497e+03
470  1.100000e+04  5.323000e-02  5.323000e-02  1.627349e+08  1.597221e+08  1.308131e+17  5.051864e+17  6.630363e+03
471  1.100000e+04  5.323000e-02  5.323000e-02  1.597221e+08  1.567092e+08  1.325815e+17  5.498954e+17  6.629230e+03
472  1.100000e+04  5.323000e-02  5.323000e-02  1.567092e+08  1.536963e+08  1.343499e+17  5.946051e+17  6.628096e+03
473  1.100000e+04  5.323000e-02  5.323000e-02  1.536963e+08  1.506833e+08  1.361184e+17  6.393154e+17  6.626963e+03
474  1.100000e+04  5.323000e-02  5.323000e-02  1.506833e+08  1.476703e+08  1.378868e+17  6.840263e+17  6.625829e+03
475  1.100000e+04  5.323000e-02  5.323000e-02  1.476703e+08  1.446572e+08  1.396553e+17  7.287378e+17  6.624695e+03
476  1.100000e+04  5.323000e-02  5.323000e-02  1.446572e+08  1.416441e+08  1.414239e+17  7.734498e+17  6.623562e+03
477  1.100000e+04  5.323000e-02  5.323000e-02  1.416441e+08  1.386310e+08  1.423682e+17  8.449231e+17  6.622409e+03
478  1.100000e+04  5.323000e-02  5.323000e-02  1.386310e+08  1.356178e+08  1.425034e+17  9.426693e+17  6.621237e+03
479  1.100000e+04  5.323000e-02  5.323000e-02  1.356178e+08  1.326046e+08  1.426386e+17  1.040417e+18  6.620065e+03
480  1.100000e+04  5.323000e-02  5.323000e-02  1.326046e+08  1.295914e+08  1.427739e+17  1.138165e+18  6.618893e+03
481  1.100000e+04  5.323000e-02  5.323000e-02  1.295914e+08  1.265781e+08  1.429091e+17  1.235915e+18  6.617721e+03
482  1.100000e+04  5.323000e-02  5.323000e-02  1.265781e+08  1.235648e+08  1.430443e+17  1.333666e+18  6.616550e+03
483  1.100000e+04  5.323000e-02  5.323000e-02  1.235648e+08  1.205514e+08  1.431795e+17  1.431418e+18  6.615378e+03
484  1.100000e+04  5.323000e-02  5.323000e-02  1.205514e+08  1.175381e+08  1.433147e+17  1.529171e+18  6.614206e+03
485  1.100000e+04  5.323000e-02  5.323000e-02  1.175381e+08  1.145247e+08  1.434499e+17  1.626925e+18  6.613034e+03
486  1.100000e+04  5.323000e-02  5.323000e-02  1.145247e+08  1.115112e+08  1.435852e+17  1.724680e+18  6.611862e+03
487  1.100000e+04  5.323000e-02  5.323000e-02  1.115112e+08  1.084978e+08  1.437204e+17  1.822436e+18  6.610690e+03
488  1.100000e+04  5.323000e-02  5.323000e-02  1.084978e+08  1.054843e+08  1.440329e+17  1.960434e+18  6.609452e+03
489  1.100000e+04  5.323000e-02  5.323000e-02  1.054843e+08  1.024707e+08  1.445995e+17  2.156069e+18  6.608119e+03
490  1.100000e+04  5.323000e-02  5.323000e-02  1.024707e+08  9.945719e+07  1.451661e+17  2.351705e+18  6.606786e+03
491  1.100000e+04  5.323000e-02  5.323000e-02  9.945719e+07  9.644362e+07  1.457327e+17  2.547344e+18  6.605453e+03
492  1.100000e+04  5.323000e-02  5.323000e-02  9.644362e+07  9.343002e+07  1.462993e+17  2.742984e+18  6.604119e+03
493  1.100000e+04  5.323000e-02  5.323000e-02  9.343002e+07  9.041639e+07  1.468659e+17  2.938625e+18  6.602786e+03
494  1.100000e+04  5.323000e-02  5.323000e-02  9.041639e+07  8.740274e+07  1.474325e+17  3.134268e+18  6.601453e+03
495  1.100000e+04  5.323000e-02  5.323000e-02  8.740274e+07  8.438906e+07  1.479991e+17  3.329913e+18  6.600120e+03
496  1.100000e+04  5.323000e-02  5.323000e-02  8.438906e+07  8.137537e+07  1.485657e+17  3.525559e+18  6.598787e+03
497  1.100000e+04  5.323000e-02  5.323000e-02  8.137537e+07  7.836165e+07  1.503376e+17  3.783222e+18  6.596833e+03
498  1.100000e+04  5.323000e-02  5.323000e-02  7.836165e+07  7.534791e+07  1.538443e+17  4.130144e+18  6.593986e+03
499  1.100000e+04  5.323000e-02  5.323000e-02  7.534791e+07  7.233415e+07  1.573511e+17  4.477068e+18  6.591139e+03
500  1.100000e+04  5.323000e-02  5.323000e-02  7.233415e+07  6.932037e+07  1.608579e+17  4.823994e+18  6.588292e+03
501  1.100000e+04  5.323000e-02  5.323000e-02  6.932037e+07  6.630658e+07  1.643647e+17  5.170922e+18  6.585446e+03
502  1.100000e+04  5.323000e-02  5.323000e-02  6.630658e+07  6.329276e+07  1.678715e+17  5.517853e+18  6.582599e+03
503  1.100000e+04  5.323000e-02  5.323000e-02  6.329276e+07  6.027893e+07  1.713784e+17  5.864786e+18  6.579752e+03
504  1.100000e+04  5.323000e-02  5.323000e-02  6.027893e+07  5.726508e+07  1.748853e+17  6.211720e+18  6.576905e+03
505  1.100000e+04  5.323000e-02  5.323000e-02  5.726508e+07  5.425122e+07  1.784834e+17  6.720192e+18  6.571245e+03
506  1.100000e+04  5.323000e-02  5.323000e-02  5.425122e+07  5.123734e+07  1.821241e+17  7.303942e+18  6.564273e+03
507  1.100000e+04  5.323000e-02  5.323000e-02  5.123734e+07  4.822345e+07  1.857648e+17  7.887694e+18  6.557301e+03
508  1.100000e+04  5.323000e-02  5.323000e-02  4.822345e+07  4.520955e+07  1.894055e+17  8.471449e+18  6.550330e+03
509  1.100000e+04  5.323000e-02  5.323000e-02  4.520955e+07  4.219563e+07  1.930463e+17  9.055206e+18  6.543358e+03
510  1.100000e+04  5.323000e-02  5.323000e-02  4.219563e+07  3.918171e+07  1.966870e+17  9.638965e+18  6.536387e+03
511  1.100000e+04  5.323000e-02  5.323000e-02  3.918171e+07  3.616777e+07  2.001491e+17  1.028710e+19  6.527606e+03
512  1.100000e+04  5.323000e-02  5.323000e-02  3.616777e+07  3.315382e+07  2.030038e+17  1.115399e+19  6.512678e+03
513  1.100000e+04  5.323000e-02  5.323000e-02  3.315382e+07  3.013987e+07  2.058585e+17  1.202088e+19  6.497749e+03
514  1.100000e+04  5.323000e-02  5.323000e-02  3.013987e+07  2.712590e+07  2.087132e+17  1.288777e+19  6.482821e+03
515  1.100000e+04  5.323000e-02  5.323000e-02  2.712590e+07  2.411193e+07  2.102375e+17  1.387753e+19  6.464749e+03
516  1.100000e+04  5.323000e-02  5.323000e-02  2.411193e+07  2.109795e+07  2.098403e+17  1.504474e+19  6.442138e+03
517  1.100000e+04  5.323000e-02  5.323000e-02  2.109795e+07  1.808397e+07  2.094431e+17  1.621196e+19  6.419528e+03
518  1.100000e+04  5.323000e-02  5.323000e-02  1.808397e+07  1.506998e+07  2.087818e+17  1.742774e+19  6.396136e+03
519  1.100000e+04  5.323000e-02  5.323000e-02  1.506998e+07  1.205599e+07  2.064485e+17  1.895107e+19  6.367803e+03
520  1.100000e+04  5.323000e-02  5.323000e-02  1.205599e+07  9.041996e+06  2.041151e+17  2.047440e+19  6.339470e+03
521  1.100000e+04  5.323000e-02  5.323000e-02  9.041996e+06  6.027999e+06  2.014897e+17  2.205586e+19  6.310345e+03
522  1.100000e+04  5.323000e-02  5.323000e-02  6.027999e+06  3.014000e+06  1.970138e+17  2.400552e+19  6.276207e+03
523  1.100000e+04  5.323000e-02  5.323000e-02  3.014000e+06  3.309293e-06  1.925379e+17  2.595517e+19  6.242069e+03

[GHOSTS]
# tag      B_T          phi_g_Jpkg   ne_im3       nn_im3       T_K          T_e_factor
outer_0  5.323000e-02  3.309293e-06  1.925379e+17  2.595517e+19  6.242069e+03  1.000
outer_1  5.323000e-02  3.309293e-06  1.925379e+17  2.595517e+19  6.242069e+03  1.000
inner_0  5.323000e-02  0.000000e+00  1.925379e+17  2.595517e+19  6.242069e+03  1.000
inner_1  5.323000e-02  0.000000e+00  1.925379e+17  2.595517e+19  6.242069e+03  1.000
