# full-loop .dat — generated by util/make_loop_dat.py
# topology=full, half-length=62.1 Mm, apex_T=2.00 MK, footpoint |B|=541.4 G (uniform)
# chromosphere: Model C7 (two-fluid); TR+corona: hydrostatic, fully ionized (single-fluid via F_SLAVE)
# Units: SI (m, T, K, m^-3, J/kg)

[META]
ns=668
g_si=274.0
B_outer_T=5.414000e-02
phi_g_offset_Jpkg=0.0
topology=full
loop_half_length_m=6.212700e+07

[CELLS]
# i  ds_m         B_imh_T      B_iph_T      phi_g_imh    phi_g_iph    ne_im3       nn_im3       T_K
0  1.100000e+04  5.414000e-02  5.414000e-02  0.000000e+00  3.014000e+06  1.925379e+17  2.595517e+19  6.242069e+03
1  1.100000e+04  5.414000e-02  5.414000e-02  3.014000e+06  6.028000e+06  1.970138e+17  2.400552e+19  6.276207e+03
2  1.100000e+04  5.414000e-02  5.414000e-02  6.028000e+06  9.041999e+06  2.014897e+17  2.205586e+19  6.310345e+03
3  1.100000e+04  5.414000e-02  5.414000e-02  9.041999e+06  1.205600e+07  2.041152e+17  2.047439e+19  6.339470e+03
4  1.100000e+04  5.414000e-02  5.414000e-02  1.205600e+07  1.507000e+07  2.064485e+17  1.895106e+19  6.367803e+03
5  1.100000e+04  5.414000e-02  5.414000e-02  1.507000e+07  1.808399e+07  2.087818e+17  1.742773e+19  6.396136e+03
6  1.100000e+04  5.414000e-02  5.414000e-02  1.808399e+07  2.109799e+07  2.094431e+17  1.621195e+19  6.419528e+03
7  1.100000e+04  5.414000e-02  5.414000e-02  2.109799e+07  2.411198e+07  2.098403e+17  1.504473e+19  6.442139e+03
8  1.100000e+04  5.414000e-02  5.414000e-02  2.411198e+07  2.712597e+07  2.102375e+17  1.387751e+19  6.464750e+03
9  1.100000e+04  5.414000e-02  5.414000e-02  2.712597e+07  3.013996e+07  2.087131e+17  1.288775e+19  6.482821e+03
10  1.100000e+04  5.414000e-02  5.414000e-02  3.013996e+07  3.315395e+07  2.058584e+17  1.202085e+19  6.497750e+03
11  1.100000e+04  5.414000e-02  5.414000e-02  3.315395e+07  3.616793e+07  2.030036e+17  1.115395e+19  6.512678e+03
12  1.100000e+04  5.414000e-02  5.414000e-02  3.616793e+07  3.918191e+07  2.001489e+17  1.028705e+19  6.527607e+03
13  1.100000e+04  5.414000e-02  5.414000e-02  3.918191e+07  4.219589e+07  1.966867e+17  9.638920e+18  6.536387e+03
14  1.100000e+04  5.414000e-02  5.414000e-02  4.219589e+07  4.520987e+07  1.930459e+17  9.055150e+18  6.543359e+03
15  1.100000e+04  5.414000e-02  5.414000e-02  4.520987e+07  4.822384e+07  1.894051e+17  8.471380e+18  6.550331e+03
16  1.100000e+04  5.414000e-02  5.414000e-02  4.822384e+07  5.123781e+07  1.857643e+17  7.887611e+18  6.557302e+03
17  1.100000e+04  5.414000e-02  5.414000e-02  5.123781e+07  5.425177e+07  1.821235e+17  7.303843e+18  6.564274e+03
18  1.100000e+04  5.414000e-02  5.414000e-02  5.425177e+07  5.726573e+07  1.784827e+17  6.720076e+18  6.571246e+03
19  1.100000e+04  5.414000e-02  5.414000e-02  5.726573e+07  6.027969e+07  1.748845e+17  6.211639e+18  6.576906e+03
20  1.100000e+04  5.414000e-02  5.414000e-02  6.027969e+07  6.329364e+07  1.713774e+17  5.864691e+18  6.579753e+03
21  1.100000e+04  5.414000e-02  5.414000e-02  6.329364e+07  6.630759e+07  1.678704e+17  5.517744e+18  6.582600e+03
22  1.100000e+04  5.414000e-02  5.414000e-02  6.630759e+07  6.932153e+07  1.643635e+17  5.170798e+18  6.585447e+03
23  1.100000e+04  5.414000e-02  5.414000e-02  6.932153e+07  7.233546e+07  1.608565e+17  4.823852e+18  6.588294e+03
24  1.100000e+04  5.414000e-02  5.414000e-02  7.233546e+07  7.534939e+07  1.573495e+17  4.476907e+18  6.591141e+03
25  1.100000e+04  5.414000e-02  5.414000e-02  7.534939e+07  7.836332e+07  1.538425e+17  4.129962e+18  6.593988e+03
26  1.100000e+04  5.414000e-02  5.414000e-02  7.836332e+07  8.137724e+07  1.503355e+17  3.783019e+18  6.596835e+03
27  1.100000e+04  5.414000e-02  5.414000e-02  8.137724e+07  8.439115e+07  1.485653e+17  3.525431e+18  6.598788e+03
28  1.100000e+04  5.414000e-02  5.414000e-02  8.439115e+07  8.740505e+07  1.479987e+17  3.329771e+18  6.600121e+03
29  1.100000e+04  5.414000e-02  5.414000e-02  8.740505e+07  9.041895e+07  1.474320e+17  3.134110e+18  6.601454e+03
30  1.100000e+04  5.414000e-02  5.414000e-02  9.041895e+07  9.343284e+07  1.468654e+17  2.938450e+18  6.602787e+03
31  1.100000e+04  5.414000e-02  5.414000e-02  9.343284e+07  9.644673e+07  1.462987e+17  2.742791e+18  6.604121e+03
32  1.100000e+04  5.414000e-02  5.414000e-02  9.644673e+07  9.946060e+07  1.457321e+17  2.547132e+18  6.605454e+03
33  1.100000e+04  5.414000e-02  5.414000e-02  9.946060e+07  1.024745e+08  1.451654e+17  2.351474e+18  6.606787e+03
34  1.100000e+04  5.414000e-02  5.414000e-02  1.024745e+08  1.054883e+08  1.445988e+17  2.155816e+18  6.608121e+03
35  1.100000e+04  5.414000e-02  5.414000e-02  1.054883e+08  1.085022e+08  1.440321e+17  1.960158e+18  6.609454e+03
36  1.100000e+04  5.414000e-02  5.414000e-02  1.085022e+08  1.115160e+08  1.437202e+17  1.822286e+18  6.610692e+03
37  1.100000e+04  5.414000e-02  5.414000e-02  1.115160e+08  1.145299e+08  1.435849e+17  1.724517e+18  6.611864e+03
38  1.100000e+04  5.414000e-02  5.414000e-02  1.145299e+08  1.175437e+08  1.434497e+17  1.626749e+18  6.613036e+03
39  1.100000e+04  5.414000e-02  5.414000e-02  1.175437e+08  1.205575e+08  1.433145e+17  1.528981e+18  6.614208e+03
40  1.100000e+04  5.414000e-02  5.414000e-02  1.205575e+08  1.235713e+08  1.431792e+17  1.431213e+18  6.615380e+03
41  1.100000e+04  5.414000e-02  5.414000e-02  1.235713e+08  1.265851e+08  1.430440e+17  1.333446e+18  6.616552e+03
42  1.100000e+04  5.414000e-02  5.414000e-02  1.265851e+08  1.295989e+08  1.429087e+17  1.235679e+18  6.617724e+03
43  1.100000e+04  5.414000e-02  5.414000e-02  1.295989e+08  1.326127e+08  1.427735e+17  1.137912e+18  6.618896e+03
44  1.100000e+04  5.414000e-02  5.414000e-02  1.326127e+08  1.356265e+08  1.426383e+17  1.040146e+18  6.620068e+03
45  1.100000e+04  5.414000e-02  5.414000e-02  1.356265e+08  1.386402e+08  1.425030e+17  9.423794e+17  6.621240e+03
46  1.100000e+04  5.414000e-02  5.414000e-02  1.386402e+08  1.416540e+08  1.423678e+17  8.446136e+17  6.622412e+03
47  1.100000e+04  5.414000e-02  5.414000e-02  1.416540e+08  1.446677e+08  1.414179e+17  7.732989e+17  6.623565e+03
48  1.100000e+04  5.414000e-02  5.414000e-02  1.446677e+08  1.476814e+08  1.396490e+17  7.285771e+17  6.624699e+03
49  1.100000e+04  5.414000e-02  5.414000e-02  1.476814e+08  1.506951e+08  1.378801e+17  6.838555e+17  6.625833e+03
50  1.100000e+04  5.414000e-02  5.414000e-02  1.506951e+08  1.537088e+08  1.361112e+17  6.391341e+17  6.626967e+03
51  1.100000e+04  5.414000e-02  5.414000e-02  1.537088e+08  1.567225e+08  1.343423e+17  5.944128e+17  6.628101e+03
52  1.100000e+04  5.414000e-02  5.414000e-02  1.567225e+08  1.597362e+08  1.325734e+17  5.496917e+17  6.629235e+03
53  1.100000e+04  5.414000e-02  5.414000e-02  1.597362e+08  1.627499e+08  1.308045e+17  5.049708e+17  6.630369e+03
54  1.100000e+04  5.414000e-02  5.414000e-02  1.627499e+08  1.657635e+08  1.290357e+17  4.602500e+17  6.631503e+03
55  1.100000e+04  5.414000e-02  5.414000e-02  1.657635e+08  1.687772e+08  1.272668e+17  4.155295e+17  6.632637e+03
56  1.100000e+04  5.414000e-02  5.414000e-02  1.687772e+08  1.717908e+08  1.249916e+17  3.862796e+17  6.633712e+03
57  1.100000e+04  5.414000e-02  5.414000e-02  1.717908e+08  1.748044e+08  1.224776e+17  3.643243e+17  6.634759e+03
58  1.100000e+04  5.414000e-02  5.414000e-02  1.748044e+08  1.778180e+08  1.199636e+17  3.423691e+17  6.635807e+03
59  1.100000e+04  5.414000e-02  5.414000e-02  1.778180e+08  1.808316e+08  1.174497e+17  3.204139e+17  6.636854e+03
60  1.100000e+04  5.414000e-02  5.414000e-02  1.808316e+08  1.838452e+08  1.149357e+17  2.984589e+17  6.637902e+03
61  1.100000e+04  5.414000e-02  5.414000e-02  1.838452e+08  1.868587e+08  1.124218e+17  2.765039e+17  6.638949e+03
62  1.100000e+04  5.414000e-02  5.414000e-02  1.868587e+08  1.898723e+08  1.099079e+17  2.545491e+17  6.639997e+03
63  1.100000e+04  5.414000e-02  5.414000e-02  1.898723e+08  1.928858e+08  1.073940e+17  2.325944e+17  6.641044e+03
64  1.100000e+04  5.414000e-02  5.414000e-02  1.928858e+08  1.958993e+08  1.048801e+17  2.106398e+17  6.642092e+03
65  1.100000e+04  5.414000e-02  5.414000e-02  1.958993e+08  1.989128e+08  1.023572e+17  1.902118e+17  6.643134e+03
66  1.100000e+04  5.414000e-02  5.414000e-02  1.989128e+08  2.019263e+08  9.977484e+16  1.797557e+17  6.644144e+03
67  1.100000e+04  5.414000e-02  5.414000e-02  2.019263e+08  2.049398e+08  9.719254e+16  1.692997e+17  6.645154e+03
68  1.100000e+04  5.414000e-02  5.414000e-02  2.049398e+08  2.079532e+08  9.461024e+16  1.588437e+17  6.646164e+03
69  1.100000e+04  5.414000e-02  5.414000e-02  2.079532e+08  2.109667e+08  9.202796e+16  1.483878e+17  6.647174e+03
70  1.100000e+04  5.414000e-02  5.414000e-02  2.109667e+08  2.139801e+08  8.944570e+16  1.379319e+17  6.648184e+03
71  1.100000e+04  5.414000e-02  5.414000e-02  2.139801e+08  2.169935e+08  8.686345e+16  1.274761e+17  6.649194e+03
72  1.100000e+04  5.414000e-02  5.414000e-02  2.169935e+08  2.200069e+08  8.428121e+16  1.170203e+17  6.650204e+03
73  1.100000e+04  5.414000e-02  5.414000e-02  2.200069e+08  2.230203e+08  8.169899e+16  1.065646e+17  6.651214e+03
74  1.100000e+04  5.414000e-02  5.414000e-02  2.230203e+08  2.260336e+08  7.918886e+16  9.716379e+16  6.652264e+03
75  1.100000e+04  5.414000e-02  5.414000e-02  2.260336e+08  2.290469e+08  7.693138e+16  9.145990e+16  6.653453e+03
76  1.100000e+04  5.414000e-02  5.414000e-02  2.290469e+08  2.320603e+08  7.467391e+16  8.575604e+16  6.654642e+03
77  1.100000e+04  5.414000e-02  5.414000e-02  2.320603e+08  2.350736e+08  7.241646e+16  8.005221e+16  6.655831e+03
78  1.100000e+04  5.414000e-02  5.414000e-02  2.350736e+08  2.380868e+08  7.015901e+16  7.434842e+16  6.657020e+03
79  1.100000e+04  5.414000e-02  5.414000e-02  2.380868e+08  2.411001e+08  6.790159e+16  6.864466e+16  6.658209e+03
80  1.100000e+04  5.414000e-02  5.414000e-02  2.411001e+08  2.441134e+08  6.564417e+16  6.294093e+16  6.659397e+03
81  1.100000e+04  5.414000e-02  5.414000e-02  2.441134e+08  2.471266e+08  6.353633e+16  5.834585e+16  6.660730e+03
82  1.100000e+04  5.414000e-02  5.414000e-02  2.471266e+08  2.501398e+08  6.158223e+16  5.489021e+16  6.662210e+03
83  1.100000e+04  5.414000e-02  5.414000e-02  2.501398e+08  2.531530e+08  5.962813e+16  5.143460e+16  6.663691e+03
84  1.100000e+04  5.414000e-02  5.414000e-02  2.531530e+08  2.561661e+08  5.767405e+16  4.797900e+16  6.665171e+03
85  1.100000e+04  5.414000e-02  5.414000e-02  2.561661e+08  2.591793e+08  5.571998e+16  4.452343e+16  6.666652e+03
86  1.100000e+04  5.414000e-02  5.414000e-02  2.591793e+08  2.621924e+08  5.389122e+16  4.190321e+16  6.668369e+03
87  1.100000e+04  5.414000e-02  5.414000e-02  2.621924e+08  2.652055e+08  5.210105e+16  3.954018e+16  6.670159e+03
88  1.100000e+04  5.414000e-02  5.414000e-02  2.652055e+08  2.682186e+08  5.031088e+16  3.717717e+16  6.671949e+03
89  1.100000e+04  5.414000e-02  5.414000e-02  2.682186e+08  2.712317e+08  4.852074e+16  3.481417e+16  6.673739e+03
90  1.100000e+04  5.414000e-02  5.414000e-02  2.712317e+08  2.742447e+08  4.597418e+16  4.597418e+13  9.385968e+03
91  1.100000e+04  5.414000e-02  5.414000e-02  2.742447e+08  2.772577e+08  2.200264e+16  2.200264e+13  1.942847e+04
92  1.100000e+04  5.414000e-02  5.414000e-02  2.772577e+08  2.802707e+08  1.155710e+16  1.155710e+13  3.680534e+04
93  1.100000e+04  5.414000e-02  5.414000e-02  2.802707e+08  2.832837e+08  6.908645e+15  6.908645e+12  6.138689e+04
94  1.100000e+04  5.414000e-02  5.414000e-02  2.832837e+08  2.862967e+08  4.551779e+15  4.551779e+12  9.298973e+04
95  1.100000e+04  5.414000e-02  5.414000e-02  2.862967e+08  2.893096e+08  3.217287e+15  3.217287e+12  1.313781e+05
96  1.100000e+04  5.414000e-02  5.414000e-02  2.893096e+08  2.923225e+08  2.395494e+15  2.395494e+12  1.762658e+05
97  1.100000e+04  5.414000e-02  5.414000e-02  2.923225e+08  2.953354e+08  1.856012e+15  1.856012e+12  2.273180e+05
98  1.100000e+04  5.414000e-02  5.414000e-02  2.953354e+08  2.983483e+08  1.483822e+15  1.483822e+12  2.841541e+05
99  1.100000e+04  5.414000e-02  5.414000e-02  2.983483e+08  3.013611e+08  1.216722e+15  1.216722e+12  3.463502e+05
100  1.100000e+04  5.414000e-02  5.414000e-02  3.013611e+08  3.043740e+08  1.018825e+15  1.018825e+12  4.134427e+05
101  1.100000e+04  5.414000e-02  5.414000e-02  3.043740e+08  3.073868e+08  8.683029e+14  8.683029e+11  4.849315e+05
102  1.100000e+04  5.414000e-02  5.414000e-02  3.073868e+08  3.103995e+08  7.512810e+14  7.512810e+11  5.602834e+05
103  1.100000e+04  5.414000e-02  5.414000e-02  3.103995e+08  3.134123e+08  6.586097e+14  6.586097e+11  6.389370e+05
104  1.100000e+04  5.414000e-02  5.414000e-02  3.134123e+08  3.164250e+08  5.840623e+14  5.840623e+11  7.203058e+05
105  1.100000e+04  5.414000e-02  5.414000e-02  3.164250e+08  3.194377e+08  5.232853e+14  5.232853e+11  8.037833e+05
106  1.100000e+04  5.414000e-02  5.414000e-02  3.194377e+08  3.224504e+08  4.731621e+14  4.731621e+11  8.887474e+05
107  1.100000e+04  5.414000e-02  5.414000e-02  3.224504e+08  3.254631e+08  4.314160e+14  4.314160e+11  9.745648e+05
108  1.100000e+04  5.414000e-02  5.414000e-02  3.254631e+08  3.284757e+08  3.963531e+14  3.963531e+11  1.060596e+06
109  1.100000e+04  5.414000e-02  5.414000e-02  3.284757e+08  3.314883e+08  3.666932e+14  3.666932e+11  1.146200e+06
110  1.100000e+04  5.414000e-02  5.414000e-02  3.314883e+08  3.345009e+08  3.414547e+14  3.414547e+11  1.230738e+06
111  1.100000e+04  5.414000e-02  5.414000e-02  3.345009e+08  3.375134e+08  3.198759e+14  3.198759e+11  1.313581e+06
112  1.100000e+04  5.414000e-02  5.414000e-02  3.375134e+08  3.405259e+08  3.013590e+14  3.013590e+11  1.394111e+06
113  1.100000e+04  5.414000e-02  5.414000e-02  3.405259e+08  3.435384e+08  2.854302e+14  2.854302e+11  1.471729e+06
114  1.100000e+04  5.414000e-02  5.414000e-02  3.435384e+08  3.465509e+08  2.717112e+14  2.717112e+11  1.545855e+06
115  1.100000e+04  5.414000e-02  5.414000e-02  3.465509e+08  3.495634e+08  2.598978e+14  2.598978e+11  1.615938e+06
116  1.100000e+04  5.414000e-02  5.414000e-02  3.495634e+08  3.525758e+08  2.497438e+14  2.497438e+11  1.681456e+06
117  1.100000e+04  5.414000e-02  5.414000e-02  3.525758e+08  3.555882e+08  2.410496e+14  2.410496e+11  1.741921e+06
118  1.100000e+04  5.414000e-02  5.414000e-02  3.555882e+08  3.586005e+08  2.336530e+14  2.336530e+11  1.796881e+06
119  1.100000e+04  5.414000e-02  5.414000e-02  3.586005e+08  3.616129e+08  2.274223e+14  2.274223e+11  1.845928e+06
120  1.100000e+04  5.414000e-02  5.414000e-02  3.616129e+08  3.646252e+08  2.222510e+14  2.222510e+11  1.888696e+06
121  1.100000e+04  5.414000e-02  5.414000e-02  3.646252e+08  3.676374e+08  2.180538e+14  2.180538e+11  1.924868e+06
122  1.100000e+04  5.414000e-02  5.414000e-02  3.676374e+08  3.706497e+08  2.147638e+14  2.147638e+11  1.954173e+06
123  1.100000e+04  5.414000e-02  5.414000e-02  3.706497e+08  3.736619e+08  2.123296e+14  2.123296e+11  1.976393e+06
124  1.100000e+04  5.414000e-02  5.414000e-02  3.736619e+08  3.766741e+08  2.107141e+14  2.107141e+11  1.991364e+06
125  1.100000e+04  5.414000e-02  5.414000e-02  3.766741e+08  3.796863e+08  2.098928e+14  2.098928e+11  1.998973e+06
126  1.100000e+04  5.414000e-02  5.414000e-02  3.796863e+08  3.826984e+08  2.097659e+14  2.097659e+11  2.000000e+06
127  1.100000e+04  5.414000e-02  5.414000e-02  3.826984e+08  3.857105e+08  2.097468e+14  2.097468e+11  2.000000e+06
128  1.100000e+04  5.414000e-02  5.414000e-02  3.857105e+08  3.887226e+08  2.097277e+14  2.097277e+11  2.000000e+06
129  1.100000e+04  5.414000e-02  5.414000e-02  3.887226e+08  3.917346e+08  2.097085e+14  2.097085e+11  2.000000e+06
130  1.100000e+04  5.414000e-02  5.414000e-02  3.917346e+08  3.947467e+08  2.096894e+14  2.096894e+11  2.000000e+06
131  1.100000e+04  5.414000e-02  5.414000e-02  3.947467e+08  3.977586e+08  2.096703e+14  2.096703e+11  2.000000e+06
132  1.100000e+04  5.414000e-02  5.414000e-02  3.977586e+08  4.007706e+08  2.096511e+14  2.096511e+11  2.000000e+06
133  1.100000e+04  5.414000e-02  5.414000e-02  4.007706e+08  4.037825e+08  2.096320e+14  2.096320e+11  2.000000e+06
134  1.100000e+04  5.414000e-02  5.414000e-02  4.037825e+08  4.067944e+08  2.096129e+14  2.096129e+11  2.000000e+06
135  1.100000e+04  5.414000e-02  5.414000e-02  4.067944e+08  4.098063e+08  2.095938e+14  2.095938e+11  2.000000e+06
136  1.100000e+04  5.414000e-02  5.414000e-02  4.098063e+08  4.128181e+08  2.095747e+14  2.095747e+11  2.000000e+06
137  1.166000e+04  5.414000e-02  5.414000e-02  4.128181e+08  4.160106e+08  2.095550e+14  2.095550e+11  2.000000e+06
138  1.235960e+04  5.414000e-02  5.414000e-02  4.160106e+08  4.193946e+08  2.095341e+14  2.095341e+11  2.000000e+06
139  1.310118e+04  5.414000e-02  5.414000e-02  4.193946e+08  4.229816e+08  2.095120e+14  2.095120e+11  2.000000e+06
140  1.388725e+04  5.414000e-02  5.414000e-02  4.229816e+08  4.267838e+08  2.094885e+14  2.094885e+11  2.000000e+06
141  1.472048e+04  5.414000e-02  5.414000e-02  4.267838e+08  4.308141e+08  2.094637e+14  2.094637e+11  2.000000e+06
142  1.560371e+04  5.414000e-02  5.414000e-02  4.308141e+08  4.350861e+08  2.094374e+14  2.094374e+11  2.000000e+06
143  1.653993e+04  5.414000e-02  5.414000e-02  4.350861e+08  4.396143e+08  2.094094e+14  2.094094e+11  2.000000e+06
144  1.753233e+04  5.414000e-02  5.414000e-02  4.396143e+08  4.444142e+08  2.093799e+14  2.093799e+11  2.000000e+06
145  1.858427e+04  5.414000e-02  5.414000e-02  4.444142e+08  4.495019e+08  2.093485e+14  2.093485e+11  2.000000e+06
146  1.969932e+04  5.414000e-02  5.414000e-02  4.495019e+08  4.548948e+08  2.093153e+14  2.093153e+11  2.000000e+06
147  2.088128e+04  5.414000e-02  5.414000e-02  4.548948e+08  4.606112e+08  2.092801e+14  2.092801e+11  2.000000e+06
148  2.213416e+04  5.414000e-02  5.414000e-02  4.606112e+08  4.666704e+08  2.092428e+14  2.092428e+11  2.000000e+06
149  2.346221e+04  5.414000e-02  5.414000e-02  4.666704e+08  4.730930e+08  2.092032e+14  2.092032e+11  2.000000e+06
150  2.486994e+04  5.414000e-02  5.414000e-02  4.730930e+08  4.799008e+08  2.091613e+14  2.091613e+11  2.000000e+06
151  2.636214e+04  5.414000e-02  5.414000e-02  4.799008e+08  4.871168e+08  2.091169e+14  2.091169e+11  2.000000e+06
152  2.794387e+04  5.414000e-02  5.414000e-02  4.871168e+08  4.947656e+08  2.090698e+14  2.090698e+11  2.000000e+06
153  2.962050e+04  5.414000e-02  5.414000e-02  4.947656e+08  5.028730e+08  2.090200e+14  2.090200e+11  2.000000e+06
154  3.139773e+04  5.414000e-02  5.414000e-02  5.028730e+08  5.114665e+08  2.089671e+14  2.089671e+11  2.000000e+06
155  3.328159e+04  5.414000e-02  5.414000e-02  5.114665e+08  5.205754e+08  2.089111e+14  2.089111e+11  2.000000e+06
156  3.527849e+04  5.414000e-02  5.414000e-02  5.205754e+08  5.302303e+08  2.088517e+14  2.088517e+11  2.000000e+06
157  3.739520e+04  5.414000e-02  5.414000e-02  5.302303e+08  5.404641e+08  2.087888e+14  2.087888e+11  2.000000e+06
158  3.963891e+04  5.414000e-02  5.414000e-02  5.404641e+08  5.513113e+08  2.087222e+14  2.087222e+11  2.000000e+06
159  4.201725e+04  5.414000e-02  5.414000e-02  5.513113e+08  5.628088e+08  2.086516e+14  2.086516e+11  2.000000e+06
160  4.453828e+04  5.414000e-02  5.414000e-02  5.628088e+08  5.749955e+08  2.085768e+14  2.085768e+11  2.000000e+06
161  4.721058e+04  5.414000e-02  5.414000e-02  5.749955e+08  5.879126e+08  2.084975e+14  2.084975e+11  2.000000e+06
162  5.004321e+04  5.414000e-02  5.414000e-02  5.879126e+08  6.016037e+08  2.084135e+14  2.084135e+11  2.000000e+06
163  5.304581e+04  5.414000e-02  5.414000e-02  6.016037e+08  6.161153e+08  2.083245e+14  2.083245e+11  2.000000e+06
164  5.622855e+04  5.414000e-02  5.414000e-02  6.161153e+08  6.314964e+08  2.082302e+14  2.082302e+11  2.000000e+06
165  5.960227e+04  5.414000e-02  5.414000e-02  6.314964e+08  6.477990e+08  2.081304e+14  2.081304e+11  2.000000e+06
166  6.317840e+04  5.414000e-02  5.414000e-02  6.477990e+08  6.650781e+08  2.080245e+14  2.080245e+11  2.000000e+06
167  6.696911e+04  5.414000e-02  5.414000e-02  6.650781e+08  6.833920e+08  2.079125e+14  2.079125e+11  2.000000e+06
168  7.098725e+04  5.414000e-02  5.414000e-02  6.833920e+08  7.028027e+08  2.077937e+14  2.077937e+11  2.000000e+06
169  7.524649e+04  5.414000e-02  5.414000e-02  7.028027e+08  7.233756e+08  2.076679e+14  2.076679e+11  2.000000e+06
170  7.976128e+04  5.414000e-02  5.414000e-02  7.233756e+08  7.451799e+08  2.075347e+14  2.075347e+11  2.000000e+06
171  8.454695e+04  5.414000e-02  5.414000e-02  7.451799e+08  7.682893e+08  2.073936e+14  2.073936e+11  2.000000e+06
172  8.961977e+04  5.414000e-02  5.414000e-02  7.682893e+08  7.927813e+08  2.072442e+14  2.072442e+11  2.000000e+06
173  9.499696e+04  5.414000e-02  5.414000e-02  7.927813e+08  8.187384e+08  2.070859e+14  2.070859e+11  2.000000e+06
174  1.006968e+05  5.414000e-02  5.414000e-02  8.187384e+08  8.462478e+08  2.069184e+14  2.069184e+11  2.000000e+06
175  1.067386e+05  5.414000e-02  5.414000e-02  8.462478e+08  8.754017e+08  2.067409e+14  2.067409e+11  2.000000e+06
176  1.131429e+05  5.414000e-02  5.414000e-02  8.754017e+08  9.062980e+08  2.065530e+14  2.065530e+11  2.000000e+06
177  1.199315e+05  5.414000e-02  5.414000e-02  9.062980e+08  9.390398e+08  2.063541e+14  2.063541e+11  2.000000e+06
178  1.271274e+05  5.414000e-02  5.414000e-02  9.390398e+08  9.737368e+08  2.061435e+14  2.061435e+11  2.000000e+06
179  1.347550e+05  5.414000e-02  5.414000e-02  9.737368e+08  1.010505e+09  2.059205e+14  2.059205e+11  2.000000e+06
180  1.428403e+05  5.414000e-02  5.414000e-02  1.010505e+09  1.049466e+09  2.056845e+14  2.056845e+11  2.000000e+06
181  1.514107e+05  5.414000e-02  5.414000e-02  1.049466e+09  1.090749e+09  2.054348e+14  2.054348e+11  2.000000e+06
182  1.604954e+05  5.414000e-02  5.414000e-02  1.090749e+09  1.134493e+09  2.051705e+14  2.051705e+11  2.000000e+06
183  1.701251e+05  5.414000e-02  5.414000e-02  1.134493e+09  1.180840e+09  2.048908e+14  2.048908e+11  2.000000e+06
184  1.803326e+05  5.414000e-02  5.414000e-02  1.180840e+09  1.229945e+09  2.045950e+14  2.045950e+11  2.000000e+06
185  1.911525e+05  5.414000e-02  5.414000e-02  1.229945e+09  1.281968e+09  2.042820e+14  2.042820e+11  2.000000e+06
186  2.026217e+05  5.414000e-02  5.414000e-02  1.281968e+09  1.337079e+09  2.039509e+14  2.039509e+11  2.000000e+06
187  2.147790e+05  5.414000e-02  5.414000e-02  1.337079e+09  1.395459e+09  2.036008e+14  2.036008e+11  2.000000e+06
188  2.276657e+05  5.414000e-02  5.414000e-02  1.395459e+09  1.457296e+09  2.032306e+14  2.032306e+11  2.000000e+06
189  2.413257e+05  5.414000e-02  5.414000e-02  1.457296e+09  1.522792e+09  2.028393e+14  2.028393e+11  2.000000e+06
190  2.558052e+05  5.414000e-02  5.414000e-02  1.522792e+09  1.592154e+09  2.024256e+14  2.024256e+11  2.000000e+06
191  2.711535e+05  5.414000e-02  5.414000e-02  1.592154e+09  1.665606e+09  2.019885e+14  2.019885e+11  2.000000e+06
192  2.874227e+05  5.414000e-02  5.414000e-02  1.665606e+09  1.743380e+09  2.015267e+14  2.015267e+11  2.000000e+06
193  3.046681e+05  5.414000e-02  5.414000e-02  1.743380e+09  1.825719e+09  2.010390e+14  2.010390e+11  2.000000e+06
194  3.229482e+05  5.414000e-02  5.414000e-02  1.825719e+09  1.912880e+09  2.005239e+14  2.005239e+11  2.000000e+06
195  3.423251e+05  5.414000e-02  5.414000e-02  1.912880e+09  2.005132e+09  1.999803e+14  1.999803e+11  2.000000e+06
196  3.628646e+05  5.414000e-02  5.414000e-02  2.005132e+09  2.102754e+09  1.994065e+14  1.994065e+11  2.000000e+06
197  3.846365e+05  5.414000e-02  5.414000e-02  2.102754e+09  2.206040e+09  1.988013e+14  1.988013e+11  2.000000e+06
198  4.000000e+05  5.414000e-02  5.414000e-02  2.206040e+09  2.313231e+09  1.981693e+14  1.981693e+11  2.000000e+06
199  4.000000e+05  5.414000e-02  5.414000e-02  2.313231e+09  2.420185e+09  1.975284e+14  1.975284e+11  2.000000e+06
200  4.000000e+05  5.414000e-02  5.414000e-02  2.420185e+09  2.526891e+09  1.968911e+14  1.968911e+11  2.000000e+06
201  4.000000e+05  5.414000e-02  5.414000e-02  2.526891e+09  2.633339e+09  1.962573e+14  1.962573e+11  2.000000e+06
202  4.000000e+05  5.414000e-02  5.414000e-02  2.633339e+09  2.739518e+09  1.956272e+14  1.956272e+11  2.000000e+06
203  4.000000e+05  5.414000e-02  5.414000e-02  2.739518e+09  2.845416e+09  1.950008e+14  1.950008e+11  2.000000e+06
204  4.000000e+05  5.414000e-02  5.414000e-02  2.845416e+09  2.951023e+09  1.943781e+14  1.943781e+11  2.000000e+06
205  4.000000e+05  5.414000e-02  5.414000e-02  2.951023e+09  3.056329e+09  1.937591e+14  1.937591e+11  2.000000e+06
206  4.000000e+05  5.414000e-02  5.414000e-02  3.056329e+09  3.161322e+09  1.931439e+14  1.931439e+11  2.000000e+06
207  4.000000e+05  5.414000e-02  5.414000e-02  3.161322e+09  3.265991e+09  1.925326e+14  1.925326e+11  2.000000e+06
208  4.000000e+05  5.414000e-02  5.414000e-02  3.265991e+09  3.370327e+09  1.919252e+14  1.919252e+11  2.000000e+06
209  4.000000e+05  5.414000e-02  5.414000e-02  3.370327e+09  3.474318e+09  1.913216e+14  1.913216e+11  2.000000e+06
210  4.000000e+05  5.414000e-02  5.414000e-02  3.474318e+09  3.577953e+09  1.907221e+14  1.907221e+11  2.000000e+06
211  4.000000e+05  5.414000e-02  5.414000e-02  3.577953e+09  3.681222e+09  1.901265e+14  1.901265e+11  2.000000e+06
212  4.000000e+05  5.414000e-02  5.414000e-02  3.681222e+09  3.784115e+09  1.895349e+14  1.895349e+11  2.000000e+06
213  4.000000e+05  5.414000e-02  5.414000e-02  3.784115e+09  3.886621e+09  1.889474e+14  1.889474e+11  2.000000e+06
214  4.000000e+05  5.414000e-02  5.414000e-02  3.886621e+09  3.988730e+09  1.883639e+14  1.883639e+11  2.000000e+06
215  4.000000e+05  5.414000e-02  5.414000e-02  3.988730e+09  4.090430e+09  1.877846e+14  1.877846e+11  2.000000e+06
216  4.000000e+05  5.414000e-02  5.414000e-02  4.090430e+09  4.191712e+09  1.872095e+14  1.872095e+11  2.000000e+06
217  4.000000e+05  5.414000e-02  5.414000e-02  4.191712e+09  4.292565e+09  1.866385e+14  1.866385e+11  2.000000e+06
218  4.000000e+05  5.414000e-02  5.414000e-02  4.292565e+09  4.392980e+09  1.860718e+14  1.860718e+11  2.000000e+06
219  4.000000e+05  5.414000e-02  5.414000e-02  4.392980e+09  4.492945e+09  1.855093e+14  1.855093e+11  2.000000e+06
220  4.000000e+05  5.414000e-02  5.414000e-02  4.492945e+09  4.592450e+09  1.849510e+14  1.849510e+11  2.000000e+06
221  4.000000e+05  5.414000e-02  5.414000e-02  4.592450e+09  4.691486e+09  1.843971e+14  1.843971e+11  2.000000e+06
222  4.000000e+05  5.414000e-02  5.414000e-02  4.691486e+09  4.790041e+09  1.838475e+14  1.838475e+11  2.000000e+06
223  4.000000e+05  5.414000e-02  5.414000e-02  4.790041e+09  4.888107e+09  1.833023e+14  1.833023e+11  2.000000e+06
224  4.000000e+05  5.414000e-02  5.414000e-02  4.888107e+09  4.985673e+09  1.827614e+14  1.827614e+11  2.000000e+06
225  4.000000e+05  5.414000e-02  5.414000e-02  4.985673e+09  5.082729e+09  1.822250e+14  1.822250e+11  2.000000e+06
226  4.000000e+05  5.414000e-02  5.414000e-02  5.082729e+09  5.179265e+09  1.816930e+14  1.816930e+11  2.000000e+06
227  4.000000e+05  5.414000e-02  5.414000e-02  5.179265e+09  5.275272e+09  1.811654e+14  1.811654e+11  2.000000e+06
228  4.000000e+05  5.414000e-02  5.414000e-02  5.275272e+09  5.370738e+09  1.806423e+14  1.806423e+11  2.000000e+06
229  4.000000e+05  5.414000e-02  5.414000e-02  5.370738e+09  5.465656e+09  1.801238e+14  1.801238e+11  2.000000e+06
230  4.000000e+05  5.414000e-02  5.414000e-02  5.465656e+09  5.560014e+09  1.796098e+14  1.796098e+11  2.000000e+06
231  4.000000e+05  5.414000e-02  5.414000e-02  5.560014e+09  5.653804e+09  1.791003e+14  1.791003e+11  2.000000e+06
232  4.000000e+05  5.414000e-02  5.414000e-02  5.653804e+09  5.747016e+09  1.785954e+14  1.785954e+11  2.000000e+06
233  4.000000e+05  5.414000e-02  5.414000e-02  5.747016e+09  5.839639e+09  1.780951e+14  1.780951e+11  2.000000e+06
234  4.000000e+05  5.414000e-02  5.414000e-02  5.839639e+09  5.931666e+09  1.775994e+14  1.775994e+11  2.000000e+06
235  4.000000e+05  5.414000e-02  5.414000e-02  5.931666e+09  6.023085e+09  1.771083e+14  1.771083e+11  2.000000e+06
236  4.000000e+05  5.414000e-02  5.414000e-02  6.023085e+09  6.113889e+09  1.766219e+14  1.766219e+11  2.000000e+06
237  4.000000e+05  5.414000e-02  5.414000e-02  6.113889e+09  6.204067e+09  1.761402e+14  1.761402e+11  2.000000e+06
238  4.000000e+05  5.414000e-02  5.414000e-02  6.204067e+09  6.293611e+09  1.756631e+14  1.756631e+11  2.000000e+06
239  4.000000e+05  5.414000e-02  5.414000e-02  6.293611e+09  6.382511e+09  1.751908e+14  1.751908e+11  2.000000e+06
240  4.000000e+05  5.414000e-02  5.414000e-02  6.382511e+09  6.470758e+09  1.747232e+14  1.747232e+11  2.000000e+06
241  4.000000e+05  5.414000e-02  5.414000e-02  6.470758e+09  6.558344e+09  1.742603e+14  1.742603e+11  2.000000e+06
242  4.000000e+05  5.414000e-02  5.414000e-02  6.558344e+09  6.645258e+09  1.738022e+14  1.738022e+11  2.000000e+06
243  4.000000e+05  5.414000e-02  5.414000e-02  6.645258e+09  6.731493e+09  1.733488e+14  1.733488e+11  2.000000e+06
244  4.000000e+05  5.414000e-02  5.414000e-02  6.731493e+09  6.817040e+09  1.729003e+14  1.729003e+11  2.000000e+06
245  4.000000e+05  5.414000e-02  5.414000e-02  6.817040e+09  6.901889e+09  1.724565e+14  1.724565e+11  2.000000e+06
246  4.000000e+05  5.414000e-02  5.414000e-02  6.901889e+09  6.986032e+09  1.720176e+14  1.720176e+11  2.000000e+06
247  4.000000e+05  5.414000e-02  5.414000e-02  6.986032e+09  7.069461e+09  1.715835e+14  1.715835e+11  2.000000e+06
248  4.000000e+05  5.414000e-02  5.414000e-02  7.069461e+09  7.152166e+09  1.711542e+14  1.711542e+11  2.000000e+06
249  4.000000e+05  5.414000e-02  5.414000e-02  7.152166e+09  7.234141e+09  1.707298e+14  1.707298e+11  2.000000e+06
250  4.000000e+05  5.414000e-02  5.414000e-02  7.234141e+09  7.315375e+09  1.703103e+14  1.703103e+11  2.000000e+06
251  4.000000e+05  5.414000e-02  5.414000e-02  7.315375e+09  7.395861e+09  1.698956e+14  1.698956e+11  2.000000e+06
252  4.000000e+05  5.414000e-02  5.414000e-02  7.395861e+09  7.475590e+09  1.694858e+14  1.694858e+11  2.000000e+06
253  4.000000e+05  5.414000e-02  5.414000e-02  7.475590e+09  7.554555e+09  1.690810e+14  1.690810e+11  2.000000e+06
254  4.000000e+05  5.414000e-02  5.414000e-02  7.554555e+09  7.632747e+09  1.686810e+14  1.686810e+11  2.000000e+06
255  4.000000e+05  5.414000e-02  5.414000e-02  7.632747e+09  7.710159e+09  1.682860e+14  1.682860e+11  2.000000e+06
256  4.000000e+05  5.414000e-02  5.414000e-02  7.710159e+09  7.786782e+09  1.678959e+14  1.678959e+11  2.000000e+06
257  4.000000e+05  5.414000e-02  5.414000e-02  7.786782e+09  7.862608e+09  1.675108e+14  1.675108e+11  2.000000e+06
258  4.000000e+05  5.414000e-02  5.414000e-02  7.862608e+09  7.937630e+09  1.671306e+14  1.671306e+11  2.000000e+06
259  4.000000e+05  5.414000e-02  5.414000e-02  7.937630e+09  8.011841e+09  1.667554e+14  1.667554e+11  2.000000e+06
260  4.000000e+05  5.414000e-02  5.414000e-02  8.011841e+09  8.085232e+09  1.663851e+14  1.663851e+11  2.000000e+06
261  4.000000e+05  5.414000e-02  5.414000e-02  8.085232e+09  8.157796e+09  1.660199e+14  1.660199e+11  2.000000e+06
262  4.000000e+05  5.414000e-02  5.414000e-02  8.157796e+09  8.229525e+09  1.656596e+14  1.656596e+11  2.000000e+06
263  4.000000e+05  5.414000e-02  5.414000e-02  8.229525e+09  8.300413e+09  1.653043e+14  1.653043e+11  2.000000e+06
264  4.000000e+05  5.414000e-02  5.414000e-02  8.300413e+09  8.370452e+09  1.649540e+14  1.649540e+11  2.000000e+06
265  4.000000e+05  5.414000e-02  5.414000e-02  8.370452e+09  8.439635e+09  1.646087e+14  1.646087e+11  2.000000e+06
266  4.000000e+05  5.414000e-02  5.414000e-02  8.439635e+09  8.507954e+09  1.642685e+14  1.642685e+11  2.000000e+06
267  4.000000e+05  5.414000e-02  5.414000e-02  8.507954e+09  8.575404e+09  1.639333e+14  1.639333e+11  2.000000e+06
268  4.000000e+05  5.414000e-02  5.414000e-02  8.575404e+09  8.641976e+09  1.636030e+14  1.636030e+11  2.000000e+06
269  4.000000e+05  5.414000e-02  5.414000e-02  8.641976e+09  8.707664e+09  1.632779e+14  1.632779e+11  2.000000e+06
270  4.000000e+05  5.414000e-02  5.414000e-02  8.707664e+09  8.772462e+09  1.629578e+14  1.629578e+11  2.000000e+06
271  4.000000e+05  5.414000e-02  5.414000e-02  8.772462e+09  8.836362e+09  1.626427e+14  1.626427e+11  2.000000e+06
272  4.000000e+05  5.414000e-02  5.414000e-02  8.836362e+09  8.899359e+09  1.623327e+14  1.623327e+11  2.000000e+06
273  4.000000e+05  5.414000e-02  5.414000e-02  8.899359e+09  8.961445e+09  1.620277e+14  1.620277e+11  2.000000e+06
274  4.000000e+05  5.414000e-02  5.414000e-02  8.961445e+09  9.022615e+09  1.617278e+14  1.617278e+11  2.000000e+06
275  4.000000e+05  5.414000e-02  5.414000e-02  9.022615e+09  9.082862e+09  1.614330e+14  1.614330e+11  2.000000e+06
276  4.000000e+05  5.414000e-02  5.414000e-02  9.082862e+09  9.142180e+09  1.611432e+14  1.611432e+11  2.000000e+06
277  4.000000e+05  5.414000e-02  5.414000e-02  9.142180e+09  9.200563e+09  1.608585e+14  1.608585e+11  2.000000e+06
278  4.000000e+05  5.414000e-02  5.414000e-02  9.200563e+09  9.258005e+09  1.605789e+14  1.605789e+11  2.000000e+06
279  4.000000e+05  5.414000e-02  5.414000e-02  9.258005e+09  9.314500e+09  1.603044e+14  1.603044e+11  2.000000e+06
280  4.000000e+05  5.414000e-02  5.414000e-02  9.314500e+09  9.370042e+09  1.600349e+14  1.600349e+11  2.000000e+06
281  4.000000e+05  5.414000e-02  5.414000e-02  9.370042e+09  9.424626e+09  1.597706e+14  1.597706e+11  2.000000e+06
282  4.000000e+05  5.414000e-02  5.414000e-02  9.424626e+09  9.478246e+09  1.595113e+14  1.595113e+11  2.000000e+06
283  4.000000e+05  5.414000e-02  5.414000e-02  9.478246e+09  9.530896e+09  1.592572e+14  1.592572e+11  2.000000e+06
284  4.000000e+05  5.414000e-02  5.414000e-02  9.530896e+09  9.582572e+09  1.590081e+14  1.590081e+11  2.000000e+06
285  4.000000e+05  5.414000e-02  5.414000e-02  9.582572e+09  9.633267e+09  1.587642e+14  1.587642e+11  2.000000e+06
286  4.000000e+05  5.414000e-02  5.414000e-02  9.633267e+09  9.682977e+09  1.585253e+14  1.585253e+11  2.000000e+06
287  4.000000e+05  5.414000e-02  5.414000e-02  9.682977e+09  9.731697e+09  1.582916e+14  1.582916e+11  2.000000e+06
288  4.000000e+05  5.414000e-02  5.414000e-02  9.731697e+09  9.779422e+09  1.580629e+14  1.580629e+11  2.000000e+06
289  4.000000e+05  5.414000e-02  5.414000e-02  9.779422e+09  9.826146e+09  1.578394e+14  1.578394e+11  2.000000e+06
290  4.000000e+05  5.414000e-02  5.414000e-02  9.826146e+09  9.871865e+09  1.576210e+14  1.576210e+11  2.000000e+06
291  4.000000e+05  5.414000e-02  5.414000e-02  9.871865e+09  9.916575e+09  1.574077e+14  1.574077e+11  2.000000e+06
292  4.000000e+05  5.414000e-02  5.414000e-02  9.916575e+09  9.960270e+09  1.571995e+14  1.571995e+11  2.000000e+06
293  4.000000e+05  5.414000e-02  5.414000e-02  9.960270e+09  1.000295e+10  1.569965e+14  1.569965e+11  2.000000e+06
294  4.000000e+05  5.414000e-02  5.414000e-02  1.000295e+10  1.004460e+10  1.567985e+14  1.567985e+11  2.000000e+06
295  4.000000e+05  5.414000e-02  5.414000e-02  1.004460e+10  1.008523e+10  1.566057e+14  1.566057e+11  2.000000e+06
296  4.000000e+05  5.414000e-02  5.414000e-02  1.008523e+10  1.012482e+10  1.564180e+14  1.564180e+11  2.000000e+06
297  4.000000e+05  5.414000e-02  5.414000e-02  1.012482e+10  1.016338e+10  1.562355e+14  1.562355e+11  2.000000e+06
298  4.000000e+05  5.414000e-02  5.414000e-02  1.016338e+10  1.020090e+10  1.560580e+14  1.560580e+11  2.000000e+06
299  4.000000e+05  5.414000e-02  5.414000e-02  1.020090e+10  1.023737e+10  1.558857e+14  1.558857e+11  2.000000e+06
300  4.000000e+05  5.414000e-02  5.414000e-02  1.023737e+10  1.027280e+10  1.557185e+14  1.557185e+11  2.000000e+06
301  4.000000e+05  5.414000e-02  5.414000e-02  1.027280e+10  1.030718e+10  1.555565e+14  1.555565e+11  2.000000e+06
302  4.000000e+05  5.414000e-02  5.414000e-02  1.030718e+10  1.034050e+10  1.553996e+14  1.553996e+11  2.000000e+06
303  4.000000e+05  5.414000e-02  5.414000e-02  1.034050e+10  1.037277e+10  1.552478e+14  1.552478e+11  2.000000e+06
304  4.000000e+05  5.414000e-02  5.414000e-02  1.037277e+10  1.040398e+10  1.551011e+14  1.551011e+11  2.000000e+06
305  4.000000e+05  5.414000e-02  5.414000e-02  1.040398e+10  1.043412e+10  1.549596e+14  1.549596e+11  2.000000e+06
306  4.000000e+05  5.414000e-02  5.414000e-02  1.043412e+10  1.046319e+10  1.548232e+14  1.548232e+11  2.000000e+06
307  4.000000e+05  5.414000e-02  5.414000e-02  1.046319e+10  1.049120e+10  1.546920e+14  1.546920e+11  2.000000e+06
308  4.000000e+05  5.414000e-02  5.414000e-02  1.049120e+10  1.051813e+10  1.545658e+14  1.545658e+11  2.000000e+06
309  4.000000e+05  5.414000e-02  5.414000e-02  1.051813e+10  1.054398e+10  1.544448e+14  1.544448e+11  2.000000e+06
310  4.000000e+05  5.414000e-02  5.414000e-02  1.054398e+10  1.056876e+10  1.543290e+14  1.543290e+11  2.000000e+06
311  4.000000e+05  5.414000e-02  5.414000e-02  1.056876e+10  1.059245e+10  1.542183e+14  1.542183e+11  2.000000e+06
312  4.000000e+05  5.414000e-02  5.414000e-02  1.059245e+10  1.061507e+10  1.541127e+14  1.541127e+11  2.000000e+06
313  4.000000e+05  5.414000e-02  5.414000e-02  1.061507e+10  1.063659e+10  1.540122e+14  1.540122e+11  2.000000e+06
314  4.000000e+05  5.414000e-02  5.414000e-02  1.063659e+10  1.065703e+10  1.539169e+14  1.539169e+11  2.000000e+06
315  4.000000e+05  5.414000e-02  5.414000e-02  1.065703e+10  1.067638e+10  1.538268e+14  1.538268e+11  2.000000e+06
316  4.000000e+05  5.414000e-02  5.414000e-02  1.067638e+10  1.069464e+10  1.537417e+14  1.537417e+11  2.000000e+06
317  4.000000e+05  5.414000e-02  5.414000e-02  1.069464e+10  1.071180e+10  1.536618e+14  1.536618e+11  2.000000e+06
318  4.000000e+05  5.414000e-02  5.414000e-02  1.071180e+10  1.072787e+10  1.535871e+14  1.535871e+11  2.000000e+06
319  4.000000e+05  5.414000e-02  5.414000e-02  1.072787e+10  1.074283e+10  1.535175e+14  1.535175e+11  2.000000e+06
320  4.000000e+05  5.414000e-02  5.414000e-02  1.074283e+10  1.075671e+10  1.534530e+14  1.534530e+11  2.000000e+06
321  4.000000e+05  5.414000e-02  5.414000e-02  1.075671e+10  1.076948e+10  1.533936e+14  1.533936e+11  2.000000e+06
322  4.000000e+05  5.414000e-02  5.414000e-02  1.076948e+10  1.078115e+10  1.533394e+14  1.533394e+11  2.000000e+06
323  4.000000e+05  5.414000e-02  5.414000e-02  1.078115e+10  1.079171e+10  1.532904e+14  1.532904e+11  2.000000e+06
324  4.000000e+05  5.414000e-02  5.414000e-02  1.079171e+10  1.080118e+10  1.532464e+14  1.532464e+11  2.000000e+06
325  4.000000e+05  5.414000e-02  5.414000e-02  1.080118e+10  1.080953e+10  1.532077e+14  1.532077e+11  2.000000e+06
326  4.000000e+05  5.414000e-02  5.414000e-02  1.080953e+10  1.081679e+10  1.531740e+14  1.531740e+11  2.000000e+06
327  4.000000e+05  5.414000e-02  5.414000e-02  1.081679e+10  1.082293e+10  1.531455e+14  1.531455e+11  2.000000e+06
328  4.000000e+05  5.414000e-02  5.414000e-02  1.082293e+10  1.082797e+10  1.531221e+14  1.531221e+11  2.000000e+06
329  4.000000e+05  5.414000e-02  5.414000e-02  1.082797e+10  1.083190e+10  1.531039e+14  1.531039e+11  2.000000e+06
330  4.000000e+05  5.414000e-02  5.414000e-02  1.083190e+10  1.083473e+10  1.530908e+14  1.530908e+11  2.000000e+06
331  4.000000e+05  5.414000e-02  5.414000e-02  1.083473e+10  1.083644e+10  1.530828e+14  1.530828e+11  2.000000e+06
332  4.000000e+05  5.414000e-02  5.414000e-02  1.083644e+10  1.083705e+10  1.530800e+14  1.530800e+11  2.000000e+06
333  1.908894e+04  5.414000e-02  5.414000e-02  1.083705e+10  1.083705e+10  1.530800e+14  1.530800e+11  2.000000e+06
334  1.908894e+04  5.414000e-02  5.414000e-02  1.083705e+10  1.083705e+10  1.530800e+14  1.530800e+11  2.000000e+06
335  4.000000e+05  5.414000e-02  5.414000e-02  1.083705e+10  1.083644e+10  1.530800e+14  1.530800e+11  2.000000e+06
336  4.000000e+05  5.414000e-02  5.414000e-02  1.083644e+10  1.083473e+10  1.530828e+14  1.530828e+11  2.000000e+06
337  4.000000e+05  5.414000e-02  5.414000e-02  1.083473e+10  1.083190e+10  1.530908e+14  1.530908e+11  2.000000e+06
338  4.000000e+05  5.414000e-02  5.414000e-02  1.083190e+10  1.082797e+10  1.531039e+14  1.531039e+11  2.000000e+06
339  4.000000e+05  5.414000e-02  5.414000e-02  1.082797e+10  1.082293e+10  1.531221e+14  1.531221e+11  2.000000e+06
340  4.000000e+05  5.414000e-02  5.414000e-02  1.082293e+10  1.081679e+10  1.531455e+14  1.531455e+11  2.000000e+06
341  4.000000e+05  5.414000e-02  5.414000e-02  1.081679e+10  1.080953e+10  1.531740e+14  1.531740e+11  2.000000e+06
342  4.000000e+05  5.414000e-02  5.414000e-02  1.080953e+10  1.080118e+10  1.532077e+14  1.532077e+11  2.000000e+06
343  4.000000e+05  5.414000e-02  5.414000e-02  1.080118e+10  1.079171e+10  1.532464e+14  1.532464e+11  2.000000e+06
344  4.000000e+05  5.414000e-02  5.414000e-02  1.079171e+10  1.078115e+10  1.532904e+14  1.532904e+11  2.000000e+06
345  4.000000e+05  5.414000e-02  5.414000e-02  1.078115e+10  1.076948e+10  1.533394e+14  1.533394e+11  2.000000e+06
346  4.000000e+05  5.414000e-02  5.414000e-02  1.076948e+10  1.075671e+10  1.533936e+14  1.533936e+11  2.000000e+06
347  4.000000e+05  5.414000e-02  5.414000e-02  1.075671e+10  1.074283e+10  1.534530e+14  1.534530e+11  2.000000e+06
348  4.000000e+05  5.414000e-02  5.414000e-02  1.074283e+10  1.072787e+10  1.535175e+14  1.535175e+11  2.000000e+06
349  4.000000e+05  5.414000e-02  5.414000e-02  1.072787e+10  1.071180e+10  1.535871e+14  1.535871e+11  2.000000e+06
350  4.000000e+05  5.414000e-02  5.414000e-02  1.071180e+10  1.069464e+10  1.536618e+14  1.536618e+11  2.000000e+06
351  4.000000e+05  5.414000e-02  5.414000e-02  1.069464e+10  1.067638e+10  1.537417e+14  1.537417e+11  2.000000e+06
352  4.000000e+05  5.414000e-02  5.414000e-02  1.067638e+10  1.065703e+10  1.538268e+14  1.538268e+11  2.000000e+06
353  4.000000e+05  5.414000e-02  5.414000e-02  1.065703e+10  1.063659e+10  1.539169e+14  1.539169e+11  2.000000e+06
354  4.000000e+05  5.414000e-02  5.414000e-02  1.063659e+10  1.061507e+10  1.540122e+14  1.540122e+11  2.000000e+06
355  4.000000e+05  5.414000e-02  5.414000e-02  1.061507e+10  1.059245e+10  1.541127e+14  1.541127e+11  2.000000e+06
356  4.000000e+05  5.414000e-02  5.414000e-02  1.059245e+10  1.056876e+10  1.542183e+14  1.542183e+11  2.000000e+06
357  4.000000e+05  5.414000e-02  5.414000e-02  1.056876e+10  1.054398e+10  1.543290e+14  1.543290e+11  2.000000e+06
358  4.000000e+05  5.414000e-02  5.414000e-02  1.054398e+10  1.051813e+10  1.544448e+14  1.544448e+11  2.000000e+06
359  4.000000e+05  5.414000e-02  5.414000e-02  1.051813e+10  1.049120e+10  1.545658e+14  1.545658e+11  2.000000e+06
360  4.000000e+05  5.414000e-02  5.414000e-02  1.049120e+10  1.046319e+10  1.546920e+14  1.546920e+11  2.000000e+06
361  4.000000e+05  5.414000e-02  5.414000e-02  1.046319e+10  1.043412e+10  1.548232e+14  1.548232e+11  2.000000e+06
362  4.000000e+05  5.414000e-02  5.414000e-02  1.043412e+10  1.040398e+10  1.549596e+14  1.549596e+11  2.000000e+06
363  4.000000e+05  5.414000e-02  5.414000e-02  1.040398e+10  1.037277e+10  1.551011e+14  1.551011e+11  2.000000e+06
364  4.000000e+05  5.414000e-02  5.414000e-02  1.037277e+10  1.034050e+10  1.552478e+14  1.552478e+11  2.000000e+06
365  4.000000e+05  5.414000e-02  5.414000e-02  1.034050e+10  1.030718e+10  1.553996e+14  1.553996e+11  2.000000e+06
366  4.000000e+05  5.414000e-02  5.414000e-02  1.030718e+10  1.027280e+10  1.555565e+14  1.555565e+11  2.000000e+06
367  4.000000e+05  5.414000e-02  5.414000e-02  1.027280e+10  1.023737e+10  1.557185e+14  1.557185e+11  2.000000e+06
368  4.000000e+05  5.414000e-02  5.414000e-02  1.023737e+10  1.020090e+10  1.558857e+14  1.558857e+11  2.000000e+06
369  4.000000e+05  5.414000e-02  5.414000e-02  1.020090e+10  1.016338e+10  1.560580e+14  1.560580e+11  2.000000e+06
370  4.000000e+05  5.414000e-02  5.414000e-02  1.016338e+10  1.012482e+10  1.562355e+14  1.562355e+11  2.000000e+06
371  4.000000e+05  5.414000e-02  5.414000e-02  1.012482e+10  1.008523e+10  1.564180e+14  1.564180e+11  2.000000e+06
372  4.000000e+05  5.414000e-02  5.414000e-02  1.008523e+10  1.004460e+10  1.566057e+14  1.566057e+11  2.000000e+06
373  4.000000e+05  5.414000e-02  5.414000e-02  1.004460e+10  1.000295e+10  1.567985e+14  1.567985e+11  2.000000e+06
374  4.000000e+05  5.414000e-02  5.414000e-02  1.000295e+10  9.960270e+09  1.569965e+14  1.569965e+11  2.000000e+06
375  4.000000e+05  5.414000e-02  5.414000e-02  9.960270e+09  9.916575e+09  1.571995e+14  1.571995e+11  2.000000e+06
376  4.000000e+05  5.414000e-02  5.414000e-02  9.916575e+09  9.871865e+09  1.574077e+14  1.574077e+11  2.000000e+06
377  4.000000e+05  5.414000e-02  5.414000e-02  9.871865e+09  9.826146e+09  1.576210e+14  1.576210e+11  2.000000e+06
378  4.000000e+05  5.414000e-02  5.414000e-02  9.826146e+09  9.779422e+09  1.578394e+14  1.578394e+11  2.000000e+06
379  4.000000e+05  5.414000e-02  5.414000e-02  9.779422e+09  9.731697e+09  1.580629e+14  1.580629e+11  2.000000e+06
380  4.000000e+05  5.414000e-02  5.414000e-02  9.731697e+09  9.682977e+09  1.582916e+14  1.582916e+11  2.000000e+06
381  4.000000e+05  5.414000e-02  5.414000e-02  9.682977e+09  9.633267e+09  1.585253e+14  1.585253e+11  2.000000e+06
382  4.000000e+05  5.414000e-02  5.414000e-02  9.633267e+09  9.582572e+09  1.587642e+14  1.587642e+11  2.000000e+06
383  4.000000e+05  5.414000e-02  5.414000e-02  9.582572e+09  9.530896e+09  1.590081e+14  1.590081e+11  2.000000e+06
384  4.000000e+05  5.414000e-02  5.414000e-02  9.530896e+09  9.478246e+09  1.592572e+14  1.592572e+11  2.000000e+06
385  4.000000e+05  5.414000e-02  5.414000e-02  9.478246e+09  9.424626e+09  1.595113e+14  1.595113e+11  2.000000e+06
386  4.000000e+05  5.414000e-02  5.414000e-02  9.424626e+09  9.370042e+09  1.597706e+14  1.597706e+11  2.000000e+06
387  4.000000e+05  5.414000e-02  5.414000e-02  9.370042e+09  9.314500e+09  1.600349e+14  1.600349e+11  2.000000e+06
388  4.000000e+05  5.414000e-02  5.414000e-02  9.314500e+09  9.258005e+09  1.603044e+14  1.603044e+11  2.000000e+06
389  4.000000e+05  5.414000e-02  5.414000e-02  9.258005e+09  9.200563e+09  1.605789e+14  1.605789e+11  2.000000e+06
390  4.000000e+05  5.414000e-02  5.414000e-02  9.200563e+09  9.142180e+09  1.608585e+14  1.608585e+11  2.000000e+06
391  4.000000e+05  5.414000e-02  5.414000e-02  9.142180e+09  9.082862e+09  1.611432e+14  1.611432e+11  2.000000e+06
392  4.000000e+05  5.414000e-02  5.414000e-02  9.082862e+09  9.022615e+09  1.614330e+14  1.614330e+11  2.000000e+06
393  4.000000e+05  5.414000e-02  5.414000e-02  9.022615e+09  8.961445e+09  1.617278e+14  1.617278e+11  2.000000e+06
394  4.000000e+05  5.414000e-02  5.414000e-02  8.961445e+09  8.899359e+09  1.620277e+14  1.620277e+11  2.000000e+06
395  4.000000e+05  5.414000e-02  5.414000e-02  8.899359e+09  8.836362e+09  1.623327e+14  1.623327e+11  2.000000e+06
396  4.000000e+05  5.414000e-02  5.414000e-02  8.836362e+09  8.772462e+09  1.626427e+14  1.626427e+11  2.000000e+06
397  4.000000e+05  5.414000e-02  5.414000e-02  8.772462e+09  8.707664e+09  1.629578e+14  1.629578e+11  2.000000e+06
398  4.000000e+05  5.414000e-02  5.414000e-02  8.707664e+09  8.641976e+09  1.632779e+14  1.632779e+11  2.000000e+06
399  4.000000e+05  5.414000e-02  5.414000e-02  8.641976e+09  8.575404e+09  1.636030e+14  1.636030e+11  2.000000e+06
400  4.000000e+05  5.414000e-02  5.414000e-02  8.575404e+09  8.507954e+09  1.639333e+14  1.639333e+11  2.000000e+06
401  4.000000e+05  5.414000e-02  5.414000e-02  8.507954e+09  8.439635e+09  1.642685e+14  1.642685e+11  2.000000e+06
402  4.000000e+05  5.414000e-02  5.414000e-02  8.439635e+09  8.370452e+09  1.646087e+14  1.646087e+11  2.000000e+06
403  4.000000e+05  5.414000e-02  5.414000e-02  8.370452e+09  8.300413e+09  1.649540e+14  1.649540e+11  2.000000e+06
404  4.000000e+05  5.414000e-02  5.414000e-02  8.300413e+09  8.229525e+09  1.653043e+14  1.653043e+11  2.000000e+06
405  4.000000e+05  5.414000e-02  5.414000e-02  8.229525e+09  8.157796e+09  1.656596e+14  1.656596e+11  2.000000e+06
406  4.000000e+05  5.414000e-02  5.414000e-02  8.157796e+09  8.085232e+09  1.660199e+14  1.660199e+11  2.000000e+06
407  4.000000e+05  5.414000e-02  5.414000e-02  8.085232e+09  8.011841e+09  1.663851e+14  1.663851e+11  2.000000e+06
408  4.000000e+05  5.414000e-02  5.414000e-02  8.011841e+09  7.937630e+09  1.667554e+14  1.667554e+11  2.000000e+06
409  4.000000e+05  5.414000e-02  5.414000e-02  7.937630e+09  7.862608e+09  1.671306e+14  1.671306e+11  2.000000e+06
410  4.000000e+05  5.414000e-02  5.414000e-02  7.862608e+09  7.786782e+09  1.675108e+14  1.675108e+11  2.000000e+06
411  4.000000e+05  5.414000e-02  5.414000e-02  7.786782e+09  7.710159e+09  1.678959e+14  1.678959e+11  2.000000e+06
412  4.000000e+05  5.414000e-02  5.414000e-02  7.710159e+09  7.632747e+09  1.682860e+14  1.682860e+11  2.000000e+06
413  4.000000e+05  5.414000e-02  5.414000e-02  7.632747e+09  7.554555e+09  1.686810e+14  1.686810e+11  2.000000e+06
414  4.000000e+05  5.414000e-02  5.414000e-02  7.554555e+09  7.475590e+09  1.690810e+14  1.690810e+11  2.000000e+06
415  4.000000e+05  5.414000e-02  5.414000e-02  7.475590e+09  7.395861e+09  1.694858e+14  1.694858e+11  2.000000e+06
416  4.000000e+05  5.414000e-02  5.414000e-02  7.395861e+09  7.315375e+09  1.698956e+14  1.698956e+11  2.000000e+06
417  4.000000e+05  5.414000e-02  5.414000e-02  7.315375e+09  7.234141e+09  1.703103e+14  1.703103e+11  2.000000e+06
418  4.000000e+05  5.414000e-02  5.414000e-02  7.234141e+09  7.152166e+09  1.707298e+14  1.707298e+11  2.000000e+06
419  4.000000e+05  5.414000e-02  5.414000e-02  7.152166e+09  7.069461e+09  1.711542e+14  1.711542e+11  2.000000e+06
420  4.000000e+05  5.414000e-02  5.414000e-02  7.069461e+09  6.986032e+09  1.715835e+14  1.715835e+11  2.000000e+06
421  4.000000e+05  5.414000e-02  5.414000e-02  6.986032e+09  6.901889e+09  1.720176e+14  1.720176e+11  2.000000e+06
422  4.000000e+05  5.414000e-02  5.414000e-02  6.901889e+09  6.817040e+09  1.724565e+14  1.724565e+11  2.000000e+06
423  4.000000e+05  5.414000e-02  5.414000e-02  6.817040e+09  6.731493e+09  1.729003e+14  1.729003e+11  2.000000e+06
424  4.000000e+05  5.414000e-02  5.414000e-02  6.731493e+09  6.645258e+09  1.733488e+14  1.733488e+11  2.000000e+06
425  4.000000e+05  5.414000e-02  5.414000e-02  6.645258e+09  6.558344e+09  1.738022e+14  1.738022e+11  2.000000e+06
426  4.000000e+05  5.414000e-02  5.414000e-02  6.558344e+09  6.470758e+09  1.742603e+14  1.742603e+11  2.000000e+06
427  4.000000e+05  5.414000e-02  5.414000e-02  6.470758e+09  6.382511e+09  1.747232e+14  1.747232e+11  2.000000e+06
428  4.000000e+05  5.414000e-02  5.414000e-02  6.382511e+09  6.293611e+09  1.751908e+14  1.751908e+11  2.000000e+06
429  4.000000e+05  5.414000e-02  5.414000e-02  6.293611e+09  6.204067e+09  1.756631e+14  1.756631e+11  2.000000e+06
430  4.000000e+05  5.414000e-02  5.414000e-02  6.204067e+09  6.113889e+09  1.761402e+14  1.761402e+11  2.000000e+06
431  4.000000e+05  5.414000e-02  5.414000e-02  6.113889e+09  6.023085e+09  1.766219e+14  1.766219e+11  2.000000e+06
432  4.000000e+05  5.414000e-02  5.414000e-02  6.023085e+09  5.931666e+09  1.771083e+14  1.771083e+11  2.000000e+06
433  4.000000e+05  5.414000e-02  5.414000e-02  5.931666e+09  5.839639e+09  1.775994e+14  1.775994e+11  2.000000e+06
434  4.000000e+05  5.414000e-02  5.414000e-02  5.839639e+09  5.747016e+09  1.780951e+14  1.780951e+11  2.000000e+06
435  4.000000e+05  5.414000e-02  5.414000e-02  5.747016e+09  5.653804e+09  1.785954e+14  1.785954e+11  2.000000e+06
436  4.000000e+05  5.414000e-02  5.414000e-02  5.653804e+09  5.560014e+09  1.791003e+14  1.791003e+11  2.000000e+06
437  4.000000e+05  5.414000e-02  5.414000e-02  5.560014e+09  5.465656e+09  1.796098e+14  1.796098e+11  2.000000e+06
438  4.000000e+05  5.414000e-02  5.414000e-02  5.465656e+09  5.370738e+09  1.801238e+14  1.801238e+11  2.000000e+06
439  4.000000e+05  5.414000e-02  5.414000e-02  5.370738e+09  5.275272e+09  1.806423e+14  1.806423e+11  2.000000e+06
440  4.000000e+05  5.414000e-02  5.414000e-02  5.275272e+09  5.179265e+09  1.811654e+14  1.811654e+11  2.000000e+06
441  4.000000e+05  5.414000e-02  5.414000e-02  5.179265e+09  5.082729e+09  1.816930e+14  1.816930e+11  2.000000e+06
442  4.000000e+05  5.414000e-02  5.414000e-02  5.082729e+09  4.985673e+09  1.822250e+14  1.822250e+11  2.000000e+06
443  4.000000e+05  5.414000e-02  5.414000e-02  4.985673e+09  4.888107e+09  1.827614e+14  1.827614e+11  2.000000e+06
444  4.000000e+05  5.414000e-02  5.414000e-02  4.888107e+09  4.790041e+09  1.833023e+14  1.833023e+11  2.000000e+06
445  4.000000e+05  5.414000e-02  5.414000e-02  4.790041e+09  4.691486e+09  1.838475e+14  1.838475e+11  2.000000e+06
446  4.000000e+05  5.414000e-02  5.414000e-02  4.691486e+09  4.592450e+09  1.843971e+14  1.843971e+11  2.000000e+06
447  4.000000e+05  5.414000e-02  5.414000e-02  4.592450e+09  4.492945e+09  1.849510e+14  1.849510e+11  2.000000e+06
448  4.000000e+05  5.414000e-02  5.414000e-02  4.492945e+09  4.392980e+09  1.855093e+14  1.855093e+11  2.000000e+06
449  4.000000e+05  5.414000e-02  5.414000e-02  4.392980e+09  4.292565e+09  1.860718e+14  1.860718e+11  2.000000e+06
450  4.000000e+05  5.414000e-02  5.414000e-02  4.292565e+09  4.191712e+09  1.866385e+14  1.866385e+11  2.000000e+06
451  4.000000e+05  5.414000e-02  5.414000e-02  4.191712e+09  4.090430e+09  1.872095e+14  1.872095e+11  2.000000e+06
452  4.000000e+05  5.414000e-02  5.414000e-02  4.090430e+09  3.988730e+09  1.877846e+14  1.877846e+11  2.000000e+06
453  4.000000e+05  5.414000e-02  5.414000e-02  3.988730e+09  3.886621e+09  1.883639e+14  1.883639e+11  2.000000e+06
454  4.000000e+05  5.414000e-02  5.414000e-02  3.886621e+09  3.784115e+09  1.889474e+14  1.889474e+11  2.000000e+06
455  4.000000e+05  5.414000e-02  5.414000e-02  3.784115e+09  3.681222e+09  1.895349e+14  1.895349e+11  2.000000e+06
456  4.000000e+05  5.414000e-02  5.414000e-02  3.681222e+09  3.577953e+09  1.901265e+14  1.901265e+11  2.000000e+06
457  4.000000e+05  5.414000e-02  5.414000e-02  3.577953e+09  3.474318e+09  1.907221e+14  1.907221e+11  2.000000e+06
458  4.000000e+05  5.414000e-02  5.414000e-02  3.474318e+09  3.370327e+09  1.913216e+14  1.913216e+11  2.000000e+06
459  4.000000e+05  5.414000e-02  5.414000e-02  3.370327e+09  3.265991e+09  1.919252e+14  1.919252e+11  2.000000e+06
460  4.000000e+05  5.414000e-02  5.414000e-02  3.265991e+09  3.161322e+09  1.925326e+14  1.925326e+11  2.000000e+06
461  4.000000e+05  5.414000e-02  5.414000e-02  3.161322e+09  3.056329e+09  1.931439e+14  1.931439e+11  2.000000e+06
462  4.000000e+05  5.414000e-02  5.414000e-02  3.056329e+09  2.951023e+09  1.937591e+14  1.937591e+11  2.000000e+06
463  4.000000e+05  5.414000e-02  5.414000e-02  2.951023e+09  2.845416e+09  1.943781e+14  1.943781e+11  2.000000e+06
464  4.000000e+05  5.414000e-02  5.414000e-02  2.845416e+09  2.739518e+09  1.950008e+14  1.950008e+11  2.000000e+06
465  4.000000e+05  5.414000e-02  5.414000e-02  2.739518e+09  2.633339e+09  1.956272e+14  1.956272e+11  2.000000e+06
466  4.000000e+05  5.414000e-02  5.414000e-02  2.633339e+09  2.526891e+09  1.962573e+14  1.962573e+11  2.000000e+06
467  4.000000e+05  5.414000e-02  5.414000e-02  2.526891e+09  2.420185e+09  1.968911e+14  1.968911e+11  2.000000e+06
468  4.000000e+05  5.414000e-02  5.414000e-02  2.420185e+09  2.313231e+09  1.975284e+14  1.975284e+11  2.000000e+06
469  4.000000e+05  5.414000e-02  5.414000e-02  2.313231e+09  2.206040e+09  1.981693e+14  1.981693e+11  2.000000e+06
470  3.846365e+05  5.414000e-02  5.414000e-02  2.206040e+09  2.102754e+09  1.988013e+14  1.988013e+11  2.000000e+06
471  3.628646e+05  5.414000e-02  5.414000e-02  2.102754e+09  2.005132e+09  1.994065e+14  1.994065e+11  2.000000e+06
472  3.423251e+05  5.414000e-02  5.414000e-02  2.005132e+09  1.912880e+09  1.999803e+14  1.999803e+11  2.000000e+06
473  3.229482e+05  5.414000e-02  5.414000e-02  1.912880e+09  1.825719e+09  2.005239e+14  2.005239e+11  2.000000e+06
474  3.046681e+05  5.414000e-02  5.414000e-02  1.825719e+09  1.743380e+09  2.010390e+14  2.010390e+11  2.000000e+06
475  2.874227e+05  5.414000e-02  5.414000e-02  1.743380e+09  1.665606e+09  2.015267e+14  2.015267e+11  2.000000e+06
476  2.711535e+05  5.414000e-02  5.414000e-02  1.665606e+09  1.592154e+09  2.019885e+14  2.019885e+11  2.000000e+06
477  2.558052e+05  5.414000e-02  5.414000e-02  1.592154e+09  1.522792e+09  2.024256e+14  2.024256e+11  2.000000e+06
478  2.413257e+05  5.414000e-02  5.414000e-02  1.522792e+09  1.457296e+09  2.028393e+14  2.028393e+11  2.000000e+06
479  2.276657e+05  5.414000e-02  5.414000e-02  1.457296e+09  1.395459e+09  2.032306e+14  2.032306e+11  2.000000e+06
480  2.147790e+05  5.414000e-02  5.414000e-02  1.395459e+09  1.337079e+09  2.036008e+14  2.036008e+11  2.000000e+06
481  2.026217e+05  5.414000e-02  5.414000e-02  1.337079e+09  1.281968e+09  2.039509e+14  2.039509e+11  2.000000e+06
482  1.911525e+05  5.414000e-02  5.414000e-02  1.281968e+09  1.229945e+09  2.042820e+14  2.042820e+11  2.000000e+06
483  1.803326e+05  5.414000e-02  5.414000e-02  1.229945e+09  1.180840e+09  2.045950e+14  2.045950e+11  2.000000e+06
484  1.701251e+05  5.414000e-02  5.414000e-02  1.180840e+09  1.134493e+09  2.048908e+14  2.048908e+11  2.000000e+06
485  1.604954e+05  5.414000e-02  5.414000e-02  1.134493e+09  1.090749e+09  2.051705e+14  2.051705e+11  2.000000e+06
486  1.514107e+05  5.414000e-02  5.414000e-02  1.090749e+09  1.049466e+09  2.054348e+14  2.054348e+11  2.000000e+06
487  1.428403e+05  5.414000e-02  5.414000e-02  1.049466e+09  1.010505e+09  2.056845e+14  2.056845e+11  2.000000e+06
488  1.347550e+05  5.414000e-02  5.414000e-02  1.010505e+09  9.737368e+08  2.059205e+14  2.059205e+11  2.000000e+06
489  1.271274e+05  5.414000e-02  5.414000e-02  9.737368e+08  9.390398e+08  2.061435e+14  2.061435e+11  2.000000e+06
490  1.199315e+05  5.414000e-02  5.414000e-02  9.390398e+08  9.062980e+08  2.063541e+14  2.063541e+11  2.000000e+06
491  1.131429e+05  5.414000e-02  5.414000e-02  9.062980e+08  8.754017e+08  2.065530e+14  2.065530e+11  2.000000e+06
492  1.067386e+05  5.414000e-02  5.414000e-02  8.754017e+08  8.462478e+08  2.067409e+14  2.067409e+11  2.000000e+06
493  1.006968e+05  5.414000e-02  5.414000e-02  8.462478e+08  8.187384e+08  2.069184e+14  2.069184e+11  2.000000e+06
494  9.499696e+04  5.414000e-02  5.414000e-02  8.187384e+08  7.927813e+08  2.070859e+14  2.070859e+11  2.000000e+06
495  8.961977e+04  5.414000e-02  5.414000e-02  7.927813e+08  7.682893e+08  2.072442e+14  2.072442e+11  2.000000e+06
496  8.454695e+04  5.414000e-02  5.414000e-02  7.682893e+08  7.451799e+08  2.073936e+14  2.073936e+11  2.000000e+06
497  7.976128e+04  5.414000e-02  5.414000e-02  7.451799e+08  7.233756e+08  2.075347e+14  2.075347e+11  2.000000e+06
498  7.524649e+04  5.414000e-02  5.414000e-02  7.233756e+08  7.028027e+08  2.076679e+14  2.076679e+11  2.000000e+06
499  7.098725e+04  5.414000e-02  5.414000e-02  7.028027e+08  6.833920e+08  2.077937e+14  2.077937e+11  2.000000e+06
500  6.696911e+04  5.414000e-02  5.414000e-02  6.833920e+08  6.650781e+08  2.079125e+14  2.079125e+11  2.000000e+06
501  6.317840e+04  5.414000e-02  5.414000e-02  6.650781e+08  6.477990e+08  2.080245e+14  2.080245e+11  2.000000e+06
502  5.960227e+04  5.414000e-02  5.414000e-02  6.477990e+08  6.314964e+08  2.081304e+14  2.081304e+11  2.000000e+06
503  5.622855e+04  5.414000e-02  5.414000e-02  6.314964e+08  6.161153e+08  2.082302e+14  2.082302e+11  2.000000e+06
504  5.304581e+04  5.414000e-02  5.414000e-02  6.161153e+08  6.016037e+08  2.083245e+14  2.083245e+11  2.000000e+06
505  5.004321e+04  5.414000e-02  5.414000e-02  6.016037e+08  5.879126e+08  2.084135e+14  2.084135e+11  2.000000e+06
506  4.721058e+04  5.414000e-02  5.414000e-02  5.879126e+08  5.749955e+08  2.084975e+14  2.084975e+11  2.000000e+06
507  4.453828e+04  5.414000e-02  5.414000e-02  5.749955e+08  5.628088e+08  2.085768e+14  2.085768e+11  2.000000e+06
508  4.201725e+04  5.414000e-02  5.414000e-02  5.628088e+08  5.513113e+08  2.086516e+14  2.086516e+11  2.000000e+06
509  3.963891e+04  5.414000e-02  5.414000e-02  5.513113e+08  5.404641e+08  2.087222e+14  2.087222e+11  2.000000e+06
510  3.739520e+04  5.414000e-02  5.414000e-02  5.404641e+08  5.302303e+08  2.087888e+14  2.087888e+11  2.000000e+06
511  3.527849e+04  5.414000e-02  5.414000e-02  5.302303e+08  5.205754e+08  2.088517e+14  2.088517e+11  2.000000e+06
512  3.328159e+04  5.414000e-02  5.414000e-02  5.205754e+08  5.114665e+08  2.089111e+14  2.089111e+11  2.000000e+06
513  3.139773e+04  5.414000e-02  5.414000e-02  5.114665e+08  5.028730e+08  2.089671e+14  2.089671e+11  2.000000e+06
514  2.962050e+04  5.414000e-02  5.414000e-02  5.028730e+08  4.947656e+08  2.090200e+14  2.090200e+11  2.000000e+06
515  2.794387e+04  5.414000e-02  5.414000e-02  4.947656e+08  4.871168e+08  2.090698e+14  2.090698e+11  2.000000e+06
516  2.636214e+04  5.414000e-02  5.414000e-02  4.871168e+08  4.799008e+08  2.091169e+14  2.091169e+11  2.000000e+06
517  2.486994e+04  5.414000e-02  5.414000e-02  4.799008e+08  4.730930e+08  2.091613e+14  2.091613e+11  2.000000e+06
518  2.346221e+04  5.414000e-02  5.414000e-02  4.730930e+08  4.666704e+08  2.092032e+14  2.092032e+11  2.000000e+06
519  2.213416e+04  5.414000e-02  5.414000e-02  4.666704e+08  4.606112e+08  2.092428e+14  2.092428e+11  2.000000e+06
520  2.088128e+04  5.414000e-02  5.414000e-02  4.606112e+08  4.548948e+08  2.092801e+14  2.092801e+11  2.000000e+06
521  1.969932e+04  5.414000e-02  5.414000e-02  4.548948e+08  4.495019e+08  2.093153e+14  2.093153e+11  2.000000e+06
522  1.858427e+04  5.414000e-02  5.414000e-02  4.495019e+08  4.444142e+08  2.093485e+14  2.093485e+11  2.000000e+06
523  1.753233e+04  5.414000e-02  5.414000e-02  4.444142e+08  4.396143e+08  2.093799e+14  2.093799e+11  2.000000e+06
524  1.653993e+04  5.414000e-02  5.414000e-02  4.396143e+08  4.350861e+08  2.094094e+14  2.094094e+11  2.000000e+06
525  1.560371e+04  5.414000e-02  5.414000e-02  4.350861e+08  4.308141e+08  2.094374e+14  2.094374e+11  2.000000e+06
526  1.472048e+04  5.414000e-02  5.414000e-02  4.308141e+08  4.267838e+08  2.094637e+14  2.094637e+11  2.000000e+06
527  1.388725e+04  5.414000e-02  5.414000e-02  4.267838e+08  4.229816e+08  2.094885e+14  2.094885e+11  2.000000e+06
528  1.310118e+04  5.414000e-02  5.414000e-02  4.229816e+08  4.193946e+08  2.095120e+14  2.095120e+11  2.000000e+06
529  1.235960e+04  5.414000e-02  5.414000e-02  4.193946e+08  4.160106e+08  2.095341e+14  2.095341e+11  2.000000e+06
530  1.166000e+04  5.414000e-02  5.414000e-02  4.160106e+08  4.128181e+08  2.095550e+14  2.095550e+11  2.000000e+06
531  1.100000e+04  5.414000e-02  5.414000e-02  4.128181e+08  4.098063e+08  2.095747e+14  2.095747e+11  2.000000e+06
532  1.100000e+04  5.414000e-02  5.414000e-02  4.098063e+08  4.067944e+08  2.095938e+14  2.095938e+11  2.000000e+06
533  1.100000e+04  5.414000e-02  5.414000e-02  4.067944e+08  4.037825e+08  2.096129e+14  2.096129e+11  2.000000e+06
534  1.100000e+04  5.414000e-02  5.414000e-02  4.037825e+08  4.007706e+08  2.096320e+14  2.096320e+11  2.000000e+06
535  1.100000e+04  5.414000e-02  5.414000e-02  4.007706e+08  3.977586e+08  2.096511e+14  2.096511e+11  2.000000e+06
536  1.100000e+04  5.414000e-02  5.414000e-02  3.977586e+08  3.947467e+08  2.096703e+14  2.096703e+11  2.000000e+06
537  1.100000e+04  5.414000e-02  5.414000e-02  3.947467e+08  3.917346e+08  2.096894e+14  2.096894e+11  2.000000e+06
538  1.100000e+04  5.414000e-02  5.414000e-02  3.917346e+08  3.887226e+08  2.097085e+14  2.097085e+11  2.000000e+06
539  1.100000e+04  5.414000e-02  5.414000e-02  3.887226e+08  3.857105e+08  2.097277e+14  2.097277e+11  2.000000e+06
540  1.100000e+04  5.414000e-02  5.414000e-02  3.857105e+08  3.826984e+08  2.097468e+14  2.097468e+11  2.000000e+06
541  1.100000e+04  5.414000e-02  5.414000e-02  3.826984e+08  3.796863e+08  2.097659e+14  2.097659e+11  2.000000e+06
542  1.100000e+04  5.414000e-02  5.414000e-02  3.796863e+08  3.766741e+08  2.098928e+14  2.098928e+11  1.998973e+06
543  1.100000e+04  5.414000e-02  5.414000e-02  3.766741e+08  3.736619e+08  2.107141e+14  2.107141e+11  1.991364e+06
544  1.100000e+04  5.414000e-02  5.414000e-02  3.736619e+08  3.706497e+08  2.123296e+14  2.123296e+11  1.976393e+06
545  1.100000e+04  5.414000e-02  5.414000e-02  3.706497e+08  3.676374e+08  2.147638e+14  2.147638e+11  1.954173e+06
546  1.100000e+04  5.414000e-02  5.414000e-02  3.676374e+08  3.646252e+08  2.180538e+14  2.180538e+11  1.924868e+06
547  1.100000e+04  5.414000e-02  5.414000e-02  3.646252e+08  3.616129e+08  2.222510e+14  2.222510e+11  1.888696e+06
548  1.100000e+04  5.414000e-02  5.414000e-02  3.616129e+08  3.586005e+08  2.274223e+14  2.274223e+11  1.845928e+06
549  1.100000e+04  5.414000e-02  5.414000e-02  3.586005e+08  3.555882e+08  2.336530e+14  2.336530e+11  1.796881e+06
550  1.100000e+04  5.414000e-02  5.414000e-02  3.555882e+08  3.525758e+08  2.410496e+14  2.410496e+11  1.741921e+06
551  1.100000e+04  5.414000e-02  5.414000e-02  3.525758e+08  3.495634e+08  2.497438e+14  2.497438e+11  1.681456e+06
552  1.100000e+04  5.414000e-02  5.414000e-02  3.495634e+08  3.465509e+08  2.598978e+14  2.598978e+11  1.615938e+06
553  1.100000e+04  5.414000e-02  5.414000e-02  3.465509e+08  3.435384e+08  2.717112e+14  2.717112e+11  1.545855e+06
554  1.100000e+04  5.414000e-02  5.414000e-02  3.435384e+08  3.405259e+08  2.854302e+14  2.854302e+11  1.471729e+06
555  1.100000e+04  5.414000e-02  5.414000e-02  3.405259e+08  3.375134e+08  3.013590e+14  3.013590e+11  1.394111e+06
556  1.100000e+04  5.414000e-02  5.414000e-02  3.375134e+08  3.345009e+08  3.198759e+14  3.198759e+11  1.313581e+06
557  1.100000e+04  5.414000e-02  5.414000e-02  3.345009e+08  3.314883e+08  3.414547e+14  3.414547e+11  1.230738e+06
558  1.100000e+04  5.414000e-02  5.414000e-02  3.314883e+08  3.284757e+08  3.666932e+14  3.666932e+11  1.146200e+06
559  1.100000e+04  5.414000e-02  5.414000e-02  3.284757e+08  3.254631e+08  3.963531e+14  3.963531e+11  1.060596e+06
560  1.100000e+04  5.414000e-02  5.414000e-02  3.254631e+08  3.224504e+08  4.314160e+14  4.314160e+11  9.745648e+05
561  1.100000e+04  5.414000e-02  5.414000e-02  3.224504e+08  3.194377e+08  4.731621e+14  4.731621e+11  8.887474e+05
562  1.100000e+04  5.414000e-02  5.414000e-02  3.194377e+08  3.164250e+08  5.232853e+14  5.232853e+11  8.037833e+05
563  1.100000e+04  5.414000e-02  5.414000e-02  3.164250e+08  3.134123e+08  5.840623e+14  5.840623e+11  7.203058e+05
564  1.100000e+04  5.414000e-02  5.414000e-02  3.134123e+08  3.103995e+08  6.586097e+14  6.586097e+11  6.389370e+05
565  1.100000e+04  5.414000e-02  5.414000e-02  3.103995e+08  3.073868e+08  7.512810e+14  7.512810e+11  5.602834e+05
566  1.100000e+04  5.414000e-02  5.414000e-02  3.073868e+08  3.043740e+08  8.683029e+14  8.683029e+11  4.849315e+05
567  1.100000e+04  5.414000e-02  5.414000e-02  3.043740e+08  3.013611e+08  1.018825e+15  1.018825e+12  4.134427e+05
568  1.100000e+04  5.414000e-02  5.414000e-02  3.013611e+08  2.983483e+08  1.216722e+15  1.216722e+12  3.463502e+05
569  1.100000e+04  5.414000e-02  5.414000e-02  2.983483e+08  2.953354e+08  1.483822e+15  1.483822e+12  2.841541e+05
570  1.100000e+04  5.414000e-02  5.414000e-02  2.953354e+08  2.923225e+08  1.856012e+15  1.856012e+12  2.273180e+05
571  1.100000e+04  5.414000e-02  5.414000e-02  2.923225e+08  2.893096e+08  2.395494e+15  2.395494e+12  1.762658e+05
572  1.100000e+04  5.414000e-02  5.414000e-02  2.893096e+08  2.862967e+08  3.217287e+15  3.217287e+12  1.313781e+05
573  1.100000e+04  5.414000e-02  5.414000e-02  2.862967e+08  2.832837e+08  4.551779e+15  4.551779e+12  9.298973e+04
574  1.100000e+04  5.414000e-02  5.414000e-02  2.832837e+08  2.802707e+08  6.908645e+15  6.908645e+12  6.138689e+04
575  1.100000e+04  5.414000e-02  5.414000e-02  2.802707e+08  2.772577e+08  1.155710e+16  1.155710e+13  3.680534e+04
576  1.100000e+04  5.414000e-02  5.414000e-02  2.772577e+08  2.742447e+08  2.200264e+16  2.200264e+13  1.942847e+04
577  1.100000e+04  5.414000e-02  5.414000e-02  2.742447e+08  2.712317e+08  4.597418e+16  4.597418e+13  9.385968e+03
578  1.100000e+04  5.414000e-02  5.414000e-02  2.712317e+08  2.682186e+08  4.852074e+16  3.481417e+16  6.673739e+03
579  1.100000e+04  5.414000e-02  5.414000e-02  2.682186e+08  2.652055e+08  5.031088e+16  3.717717e+16  6.671949e+03
580  1.100000e+04  5.414000e-02  5.414000e-02  2.652055e+08  2.621924e+08  5.210105e+16  3.954018e+16  6.670159e+03
581  1.100000e+04  5.414000e-02  5.414000e-02  2.621924e+08  2.591793e+08  5.389122e+16  4.190321e+16  6.668369e+03
582  1.100000e+04  5.414000e-02  5.414000e-02  2.591793e+08  2.561661e+08  5.571998e+16  4.452343e+16  6.666652e+03
583  1.100000e+04  5.414000e-02  5.414000e-02  2.561661e+08  2.531530e+08  5.767405e+16  4.797900e+16  6.665171e+03
584  1.100000e+04  5.414000e-02  5.414000e-02  2.531530e+08  2.501398e+08  5.962813e+16  5.143460e+16  6.663691e+03
585  1.100000e+04  5.414000e-02  5.414000e-02  2.501398e+08  2.471266e+08  6.158223e+16  5.489021e+16  6.662210e+03
586  1.100000e+04  5.414000e-02  5.414000e-02  2.471266e+08  2.441134e+08  6.353633e+16  5.834585e+16  6.660730e+03
587  1.100000e+04  5.414000e-02  5.414000e-02  2.441134e+08  2.411001e+08  6.564417e+16  6.294093e+16  6.659397e+03
588  1.100000e+04  5.414000e-02  5.414000e-02  2.411001e+08  2.380868e+08  6.790159e+16  6.864466e+16  6.658209e+03
589  1.100000e+04  5.414000e-02  5.414000e-02  2.380868e+08  2.350736e+08  7.015901e+16  7.434842e+16  6.657020e+03
590  1.100000e+04  5.414000e-02  5.414000e-02  2.350736e+08  2.320603e+08  7.241646e+16  8.005221e+16  6.655831e+03
591  1.100000e+04  5.414000e-02  5.414000e-02  2.320603e+08  2.290469e+08  7.467391e+16  8.575604e+16  6.654642e+03
592  1.100000e+04  5.414000e-02  5.414000e-02  2.290469e+08  2.260336e+08  7.693138e+16  9.145990e+16  6.653453e+03
593  1.100000e+04  5.414000e-02  5.414000e-02  2.260336e+08  2.230203e+08  7.918886e+16  9.716379e+16  6.652264e+03
594  1.100000e+04  5.414000e-02  5.414000e-02  2.230203e+08  2.200069e+08  8.169899e+16  1.065646e+17  6.651214e+03
595  1.100000e+04  5.414000e-02  5.414000e-02  2.200069e+08  2.169935e+08  8.428121e+16  1.170203e+17  6.650204e+03
596  1.100000e+04  5.414000e-02  5.414000e-02  2.169935e+08  2.139801e+08  8.686345e+16  1.274761e+17  6.649194e+03
597  1.100000e+04  5.414000e-02  5.414000e-02  2.139801e+08  2.109667e+08  8.944570e+16  1.379319e+17  6.648184e+03
598  1.100000e+04  5.414000e-02  5.414000e-02  2.109667e+08  2.079532e+08  9.202796e+16  1.483878e+17  6.647174e+03
599  1.100000e+04  5.414000e-02  5.414000e-02  2.079532e+08  2.049398e+08  9.461024e+16  1.588437e+17  6.646164e+03
600  1.100000e+04  5.414000e-02  5.414000e-02  2.049398e+08  2.019263e+08  9.719254e+16  1.692997e+17  6.645154e+03
601  1.100000e+04  5.414000e-02  5.414000e-02  2.019263e+08  1.989128e+08  9.977484e+16  1.797557e+17  6.644144e+03
602  1.100000e+04  5.414000e-02  5.414000e-02  1.989128e+08  1.958993e+08  1.023572e+17  1.902118e+17  6.643134e+03
603  1.100000e+04  5.414000e-02  5.414000e-02  1.958993e+08  1.928858e+08  1.048801e+17  2.106398e+17  6.642092e+03
604  1.100000e+04  5.414000e-02  5.414000e-02  1.928858e+08  1.898723e+08  1.073940e+17  2.325944e+17  6.641044e+03
605  1.100000e+04  5.414000e-02  5.414000e-02  1.898723e+08  1.868587e+08  1.099079e+17  2.545491e+17  6.639997e+03
606  1.100000e+04  5.414000e-02  5.414000e-02  1.868587e+08  1.838452e+08  1.124218e+17  2.765039e+17  6.638949e+03
607  1.100000e+04  5.414000e-02  5.414000e-02  1.838452e+08  1.808316e+08  1.149357e+17  2.984589e+17  6.637902e+03
608  1.100000e+04  5.414000e-02  5.414000e-02  1.808316e+08  1.778180e+08  1.174497e+17  3.204139e+17  6.636854e+03
609  1.100000e+04  5.414000e-02  5.414000e-02  1.778180e+08  1.748044e+08  1.199636e+17  3.423691e+17  6.635807e+03
610  1.100000e+04  5.414000e-02  5.414000e-02  1.748044e+08  1.717908e+08  1.224776e+17  3.643243e+17  6.634759e+03
611  1.100000e+04  5.414000e-02  5.414000e-02  1.717908e+08  1.687772e+08  1.249916e+17  3.862796e+17  6.633712e+03
612  1.100000e+04  5.414000e-02  5.414000e-02  1.687772e+08  1.657635e+08  1.272668e+17  4.155295e+17  6.632637e+03
613  1.100000e+04  5.414000e-02  5.414000e-02  1.657635e+08  1.627499e+08  1.290357e+17  4.602500e+17  6.631503e+03
614  1.100000e+04  5.414000e-02  5.414000e-02  1.627499e+08  1.597362e+08  1.308045e+17  5.049708e+17  6.630369e+03
615  1.100000e+04  5.414000e-02  5.414000e-02  1.597362e+08  1.567225e+08  1.325734e+17  5.496917e+17  6.629235e+03
616  1.100000e+04  5.414000e-02  5.414000e-02  1.567225e+08  1.537088e+08  1.343423e+17  5.944128e+17  6.628101e+03
617  1.100000e+04  5.414000e-02  5.414000e-02  1.537088e+08  1.506951e+08  1.361112e+17  6.391341e+17  6.626967e+03
618  1.100000e+04  5.414000e-02  5.414000e-02  1.506951e+08  1.476814e+08  1.378801e+17  6.838555e+17  6.625833e+03
619  1.100000e+04  5.414000e-02  5.414000e-02  1.476814e+08  1.446677e+08  1.396490e+17  7.285771e+17  6.624699e+03
620  1.100000e+04  5.414000e-02  5.414000e-02  1.446677e+08  1.416540e+08  1.414179e+17  7.732989e+17  6.623565e+03
621  1.100000e+04  5.414000e-02  5.414000e-02  1.416540e+08  1.386402e+08  1.423678e+17  8.446136e+17  6.622412e+03
622  1.100000e+04  5.414000e-02  5.414000e-02  1.386402e+08  1.356265e+08  1.425030e+17  9.423794e+17  6.621240e+03
623  1.100000e+04  5.414000e-02  5.414000e-02  1.356265e+08  1.326127e+08  1.426383e+17  1.040146e+18  6.620068e+03
624  1.100000e+04  5.414000e-02  5.414000e-02  1.326127e+08  1.295989e+08  1.427735e+17  1.137912e+18  6.618896e+03
625  1.100000e+04  5.414000e-02  5.414000e-02  1.295989e+08  1.265851e+08  1.429087e+17  1.235679e+18  6.617724e+03
626  1.100000e+04  5.414000e-02  5.414000e-02  1.265851e+08  1.235713e+08  1.430440e+17  1.333446e+18  6.616552e+03
627  1.100000e+04  5.414000e-02  5.414000e-02  1.235713e+08  1.205575e+08  1.431792e+17  1.431213e+18  6.615380e+03
628  1.100000e+04  5.414000e-02  5.414000e-02  1.205575e+08  1.175437e+08  1.433145e+17  1.528981e+18  6.614208e+03
629  1.100000e+04  5.414000e-02  5.414000e-02  1.175437e+08  1.145299e+08  1.434497e+17  1.626749e+18  6.613036e+03
630  1.100000e+04  5.414000e-02  5.414000e-02  1.145299e+08  1.115160e+08  1.435849e+17  1.724517e+18  6.611864e+03
631  1.100000e+04  5.414000e-02  5.414000e-02  1.115160e+08  1.085022e+08  1.437202e+17  1.822286e+18  6.610692e+03
632  1.100000e+04  5.414000e-02  5.414000e-02  1.085022e+08  1.054883e+08  1.440321e+17  1.960158e+18  6.609454e+03
633  1.100000e+04  5.414000e-02  5.414000e-02  1.054883e+08  1.024745e+08  1.445988e+17  2.155816e+18  6.608121e+03
634  1.100000e+04  5.414000e-02  5.414000e-02  1.024745e+08  9.946060e+07  1.451654e+17  2.351474e+18  6.606787e+03
635  1.100000e+04  5.414000e-02  5.414000e-02  9.946060e+07  9.644673e+07  1.457321e+17  2.547132e+18  6.605454e+03
636  1.100000e+04  5.414000e-02  5.414000e-02  9.644673e+07  9.343284e+07  1.462987e+17  2.742791e+18  6.604121e+03
637  1.100000e+04  5.414000e-02  5.414000e-02  9.343284e+07  9.041895e+07  1.468654e+17  2.938450e+18  6.602787e+03
638  1.100000e+04  5.414000e-02  5.414000e-02  9.041895e+07  8.740505e+07  1.474320e+17  3.134110e+18  6.601454e+03
639  1.100000e+04  5.414000e-02  5.414000e-02  8.740505e+07  8.439115e+07  1.479987e+17  3.329771e+18  6.600121e+03
640  1.100000e+04  5.414000e-02  5.414000e-02  8.439115e+07  8.137724e+07  1.485653e+17  3.525431e+18  6.598788e+03
641  1.100000e+04  5.414000e-02  5.414000e-02  8.137724e+07  7.836332e+07  1.503355e+17  3.783019e+18  6.596835e+03
642  1.100000e+04  5.414000e-02  5.414000e-02  7.836332e+07  7.534939e+07  1.538425e+17  4.129962e+18  6.593988e+03
643  1.100000e+04  5.414000e-02  5.414000e-02  7.534939e+07  7.233546e+07  1.573495e+17  4.476907e+18  6.591141e+03
644  1.100000e+04  5.414000e-02  5.414000e-02  7.233546e+07  6.932153e+07  1.608565e+17  4.823852e+18  6.588294e+03
645  1.100000e+04  5.414000e-02  5.414000e-02  6.932153e+07  6.630759e+07  1.643635e+17  5.170798e+18  6.585447e+03
646  1.100000e+04  5.414000e-02  5.414000e-02  6.630759e+07  6.329364e+07  1.678704e+17  5.517744e+18  6.582600e+03
647  1.100000e+04  5.414000e-02  5.414000e-02  6.329364e+07  6.027969e+07  1.713774e+17  5.864691e+18  6.579753e+03
648  1.100000e+04  5.414000e-02  5.414000e-02  6.027969e+07  5.726573e+07  1.748845e+17  6.211639e+18  6.576906e+03
649  1.100000e+04  5.414000e-02  5.414000e-02  5.726573e+07  5.425177e+07  1.784827e+17  6.720076e+18  6.571246e+03
650  1.100000e+04  5.414000e-02  5.414000e-02  5.425177e+07  5.123781e+07  1.821235e+17  7.303843e+18  6.564274e+03
651  1.100000e+04  5.414000e-02  5.414000e-02  5.123781e+07  4.822384e+07  1.857643e+17  7.887611e+18  6.557302e+03
652  1.100000e+04  5.414000e-02  5.414000e-02  4.822384e+07  4.520987e+07  1.894051e+17  8.471380e+18  6.550331e+03
653  1.100000e+04  5.414000e-02  5.414000e-02  4.520987e+07  4.219589e+07  1.930459e+17  9.055150e+18  6.543359e+03
654  1.100000e+04  5.414000e-02  5.414000e-02  4.219589e+07  3.918191e+07  1.966867e+17  9.638920e+18  6.536387e+03
655  1.100000e+04  5.414000e-02  5.414000e-02  3.918191e+07  3.616793e+07  2.001489e+17  1.028705e+19  6.527607e+03
656  1.100000e+04  5.414000e-02  5.414000e-02  3.616793e+07  3.315395e+07  2.030036e+17  1.115395e+19  6.512678e+03
657  1.100000e+04  5.414000e-02  5.414000e-02  3.315395e+07  3.013996e+07  2.058584e+17  1.202085e+19  6.497750e+03
658  1.100000e+04  5.414000e-02  5.414000e-02  3.013996e+07  2.712597e+07  2.087131e+17  1.288775e+19  6.482821e+03
659  1.100000e+04  5.414000e-02  5.414000e-02  2.712597e+07  2.411198e+07  2.102375e+17  1.387751e+19  6.464750e+03
660  1.100000e+04  5.414000e-02  5.414000e-02  2.411198e+07  2.109799e+07  2.098403e+17  1.504473e+19  6.442139e+03
661  1.100000e+04  5.414000e-02  5.414000e-02  2.109799e+07  1.808399e+07  2.094431e+17  1.621195e+19  6.419528e+03
662  1.100000e+04  5.414000e-02  5.414000e-02  1.808399e+07  1.507000e+07  2.087818e+17  1.742773e+19  6.396136e+03
663  1.100000e+04  5.414000e-02  5.414000e-02  1.507000e+07  1.205600e+07  2.064485e+17  1.895106e+19  6.367803e+03
664  1.100000e+04  5.414000e-02  5.414000e-02  1.205600e+07  9.041999e+06  2.041152e+17  2.047439e+19  6.339470e+03
665  1.100000e+04  5.414000e-02  5.414000e-02  9.041999e+06  6.028000e+06  2.014897e+17  2.205586e+19  6.310345e+03
666  1.100000e+04  5.414000e-02  5.414000e-02  6.028000e+06  3.014000e+06  1.970138e+17  2.400552e+19  6.276207e+03
667  1.100000e+04  5.414000e-02  5.414000e-02  3.014000e+06  1.327156e-06  1.925379e+17  2.595517e+19  6.242069e+03

[GHOSTS]
# tag      B_T          phi_g_Jpkg   ne_im3       nn_im3       T_K          T_e_factor
outer_0  5.414000e-02  1.327156e-06  1.925379e+17  2.595517e+19  6.242069e+03  1.000
outer_1  5.414000e-02  1.327156e-06  1.925379e+17  2.595517e+19  6.242069e+03  1.000
inner_0  5.414000e-02  0.000000e+00  1.925379e+17  2.595517e+19  6.242069e+03  1.000
inner_1  5.414000e-02  0.000000e+00  1.925379e+17  2.595517e+19  6.242069e+03  1.000
