# full-loop .dat — generated by util/make_loop_dat.py
# topology=full, half-length=73.8 Mm, apex_T=2.00 MK, footpoint |B|=556.7 G (uniform)
# chromosphere: Model C7 (two-fluid); TR+corona: hydrostatic, fully ionized (single-fluid via F_SLAVE)
# Units: SI (m, T, K, m^-3, J/kg)

[META]
ns=726
g_si=274.0
B_outer_T=5.567000e-02
phi_g_offset_Jpkg=0.0
topology=full
loop_half_length_m=7.382600e+07

[CELLS]
# i  ds_m         B_imh_T      B_iph_T      phi_g_imh    phi_g_iph    ne_im3       nn_im3       T_K
0  1.100000e+04  5.567000e-02  5.567000e-02  0.000000e+00  3.014000e+06  1.925379e+17  2.595517e+19  6.242069e+03
1  1.100000e+04  5.567000e-02  5.567000e-02  3.014000e+06  6.028000e+06  1.970138e+17  2.400552e+19  6.276207e+03
2  1.100000e+04  5.567000e-02  5.567000e-02  6.028000e+06  9.041999e+06  2.014897e+17  2.205586e+19  6.310345e+03
3  1.100000e+04  5.567000e-02  5.567000e-02  9.041999e+06  1.205600e+07  2.041152e+17  2.047439e+19  6.339470e+03
4  1.100000e+04  5.567000e-02  5.567000e-02  1.205600e+07  1.507000e+07  2.064485e+17  1.895106e+19  6.367803e+03
5  1.100000e+04  5.567000e-02  5.567000e-02  1.507000e+07  1.808399e+07  2.087818e+17  1.742773e+19  6.396136e+03
6  1.100000e+04  5.567000e-02  5.567000e-02  1.808399e+07  2.109799e+07  2.094431e+17  1.621195e+19  6.419528e+03
7  1.100000e+04  5.567000e-02  5.567000e-02  2.109799e+07  2.411199e+07  2.098403e+17  1.504473e+19  6.442139e+03
8  1.100000e+04  5.567000e-02  5.567000e-02  2.411199e+07  2.712598e+07  2.102375e+17  1.387751e+19  6.464750e+03
9  1.100000e+04  5.567000e-02  5.567000e-02  2.712598e+07  3.013997e+07  2.087131e+17  1.288774e+19  6.482821e+03
10  1.100000e+04  5.567000e-02  5.567000e-02  3.013997e+07  3.315396e+07  2.058584e+17  1.202084e+19  6.497750e+03
11  1.100000e+04  5.567000e-02  5.567000e-02  3.315396e+07  3.616795e+07  2.030036e+17  1.115394e+19  6.512678e+03
12  1.100000e+04  5.567000e-02  5.567000e-02  3.616795e+07  3.918194e+07  2.001489e+17  1.028704e+19  6.527607e+03
13  1.100000e+04  5.567000e-02  5.567000e-02  3.918194e+07  4.219592e+07  1.966867e+17  9.638915e+18  6.536387e+03
14  1.100000e+04  5.567000e-02  5.567000e-02  4.219592e+07  4.520991e+07  1.930459e+17  9.055143e+18  6.543359e+03
15  1.100000e+04  5.567000e-02  5.567000e-02  4.520991e+07  4.822389e+07  1.894051e+17  8.471372e+18  6.550331e+03
16  1.100000e+04  5.567000e-02  5.567000e-02  4.822389e+07  5.123786e+07  1.857642e+17  7.887601e+18  6.557303e+03
17  1.100000e+04  5.567000e-02  5.567000e-02  5.123786e+07  5.425184e+07  1.821234e+17  7.303831e+18  6.564274e+03
18  1.100000e+04  5.567000e-02  5.567000e-02  5.425184e+07  5.726581e+07  1.784826e+17  6.720062e+18  6.571246e+03
19  1.100000e+04  5.567000e-02  5.567000e-02  5.726581e+07  6.027978e+07  1.748844e+17  6.211629e+18  6.576906e+03
20  1.100000e+04  5.567000e-02  5.567000e-02  6.027978e+07  6.329375e+07  1.713773e+17  5.864680e+18  6.579753e+03
21  1.100000e+04  5.567000e-02  5.567000e-02  6.329375e+07  6.630771e+07  1.678703e+17  5.517731e+18  6.582600e+03
22  1.100000e+04  5.567000e-02  5.567000e-02  6.630771e+07  6.932167e+07  1.643633e+17  5.170783e+18  6.585447e+03
23  1.100000e+04  5.567000e-02  5.567000e-02  6.932167e+07  7.233562e+07  1.608563e+17  4.823835e+18  6.588294e+03
24  1.100000e+04  5.567000e-02  5.567000e-02  7.233562e+07  7.534957e+07  1.573493e+17  4.476888e+18  6.591141e+03
25  1.100000e+04  5.567000e-02  5.567000e-02  7.534957e+07  7.836352e+07  1.538423e+17  4.129941e+18  6.593988e+03
26  1.100000e+04  5.567000e-02  5.567000e-02  7.836352e+07  8.137746e+07  1.503353e+17  3.782994e+18  6.596835e+03
27  1.100000e+04  5.567000e-02  5.567000e-02  8.137746e+07  8.439140e+07  1.485653e+17  3.525416e+18  6.598788e+03
28  1.100000e+04  5.567000e-02  5.567000e-02  8.439140e+07  8.740533e+07  1.479986e+17  3.329753e+18  6.600121e+03
29  1.100000e+04  5.567000e-02  5.567000e-02  8.740533e+07  9.041926e+07  1.474320e+17  3.134091e+18  6.601454e+03
30  1.100000e+04  5.567000e-02  5.567000e-02  9.041926e+07  9.343318e+07  1.468653e+17  2.938429e+18  6.602788e+03
31  1.100000e+04  5.567000e-02  5.567000e-02  9.343318e+07  9.644710e+07  1.462986e+17  2.742768e+18  6.604121e+03
32  1.100000e+04  5.567000e-02  5.567000e-02  9.644710e+07  9.946101e+07  1.457320e+17  2.547107e+18  6.605454e+03
33  1.100000e+04  5.567000e-02  5.567000e-02  9.946101e+07  1.024749e+08  1.451653e+17  2.351446e+18  6.606787e+03
34  1.100000e+04  5.567000e-02  5.567000e-02  1.024749e+08  1.054888e+08  1.445987e+17  2.155785e+18  6.608121e+03
35  1.100000e+04  5.567000e-02  5.567000e-02  1.054888e+08  1.085027e+08  1.440320e+17  1.960125e+18  6.609454e+03
36  1.100000e+04  5.567000e-02  5.567000e-02  1.085027e+08  1.115166e+08  1.437201e+17  1.822268e+18  6.610692e+03
37  1.100000e+04  5.567000e-02  5.567000e-02  1.115166e+08  1.145305e+08  1.435849e+17  1.724498e+18  6.611864e+03
38  1.100000e+04  5.567000e-02  5.567000e-02  1.145305e+08  1.175444e+08  1.434497e+17  1.626728e+18  6.613036e+03
39  1.100000e+04  5.567000e-02  5.567000e-02  1.175444e+08  1.205582e+08  1.433144e+17  1.528958e+18  6.614208e+03
40  1.100000e+04  5.567000e-02  5.567000e-02  1.205582e+08  1.235721e+08  1.431792e+17  1.431189e+18  6.615380e+03
41  1.100000e+04  5.567000e-02  5.567000e-02  1.235721e+08  1.265860e+08  1.430439e+17  1.333420e+18  6.616553e+03
42  1.100000e+04  5.567000e-02  5.567000e-02  1.265860e+08  1.295998e+08  1.429087e+17  1.235650e+18  6.617725e+03
43  1.100000e+04  5.567000e-02  5.567000e-02  1.295998e+08  1.326137e+08  1.427735e+17  1.137882e+18  6.618897e+03
44  1.100000e+04  5.567000e-02  5.567000e-02  1.326137e+08  1.356275e+08  1.426382e+17  1.040113e+18  6.620069e+03
45  1.100000e+04  5.567000e-02  5.567000e-02  1.356275e+08  1.386413e+08  1.425030e+17  9.423447e+17  6.621241e+03
46  1.100000e+04  5.567000e-02  5.567000e-02  1.386413e+08  1.416551e+08  1.423677e+17  8.445766e+17  6.622413e+03
47  1.100000e+04  5.567000e-02  5.567000e-02  1.416551e+08  1.446690e+08  1.414172e+17  7.732809e+17  6.623566e+03
48  1.100000e+04  5.567000e-02  5.567000e-02  1.446690e+08  1.476828e+08  1.396482e+17  7.285579e+17  6.624700e+03
49  1.100000e+04  5.567000e-02  5.567000e-02  1.476828e+08  1.506966e+08  1.378793e+17  6.838351e+17  6.625834e+03
50  1.100000e+04  5.567000e-02  5.567000e-02  1.506966e+08  1.537103e+08  1.361103e+17  6.391124e+17  6.626968e+03
51  1.100000e+04  5.567000e-02  5.567000e-02  1.537103e+08  1.567241e+08  1.343414e+17  5.943898e+17  6.628102e+03
52  1.100000e+04  5.567000e-02  5.567000e-02  1.567241e+08  1.597379e+08  1.325724e+17  5.496673e+17  6.629236e+03
53  1.100000e+04  5.567000e-02  5.567000e-02  1.597379e+08  1.627517e+08  1.308035e+17  5.049450e+17  6.630370e+03
54  1.100000e+04  5.567000e-02  5.567000e-02  1.627517e+08  1.657654e+08  1.290346e+17  4.602228e+17  6.631503e+03
55  1.100000e+04  5.567000e-02  5.567000e-02  1.657654e+08  1.687792e+08  1.272656e+17  4.155007e+17  6.632637e+03
56  1.100000e+04  5.567000e-02  5.567000e-02  1.687792e+08  1.717929e+08  1.249899e+17  3.862647e+17  6.633713e+03
57  1.100000e+04  5.567000e-02  5.567000e-02  1.717929e+08  1.748066e+08  1.224758e+17  3.643086e+17  6.634760e+03
58  1.100000e+04  5.567000e-02  5.567000e-02  1.748066e+08  1.778203e+08  1.199617e+17  3.423525e+17  6.635808e+03
59  1.100000e+04  5.567000e-02  5.567000e-02  1.778203e+08  1.808341e+08  1.174477e+17  3.203965e+17  6.636855e+03
60  1.100000e+04  5.567000e-02  5.567000e-02  1.808341e+08  1.838478e+08  1.149337e+17  2.984406e+17  6.637903e+03
61  1.100000e+04  5.567000e-02  5.567000e-02  1.838478e+08  1.868614e+08  1.124196e+17  2.764847e+17  6.638950e+03
62  1.100000e+04  5.567000e-02  5.567000e-02  1.868614e+08  1.898751e+08  1.099056e+17  2.545289e+17  6.639998e+03
63  1.100000e+04  5.567000e-02  5.567000e-02  1.898751e+08  1.928888e+08  1.073916e+17  2.325732e+17  6.641045e+03
64  1.100000e+04  5.567000e-02  5.567000e-02  1.928888e+08  1.959024e+08  1.048776e+17  2.106176e+17  6.642093e+03
65  1.100000e+04  5.567000e-02  5.567000e-02  1.959024e+08  1.989161e+08  1.023544e+17  1.902008e+17  6.643135e+03
66  1.100000e+04  5.567000e-02  5.567000e-02  1.989161e+08  2.019297e+08  9.977199e+16  1.797441e+17  6.644145e+03
67  1.100000e+04  5.567000e-02  5.567000e-02  2.019297e+08  2.049433e+08  9.718955e+16  1.692876e+17  6.645155e+03
68  1.100000e+04  5.567000e-02  5.567000e-02  2.049433e+08  2.079570e+08  9.460712e+16  1.588310e+17  6.646165e+03
69  1.100000e+04  5.567000e-02  5.567000e-02  2.079570e+08  2.109706e+08  9.202470e+16  1.483746e+17  6.647175e+03
70  1.100000e+04  5.567000e-02  5.567000e-02  2.109706e+08  2.139842e+08  8.944229e+16  1.379181e+17  6.648186e+03
71  1.100000e+04  5.567000e-02  5.567000e-02  2.139842e+08  2.169977e+08  8.685989e+16  1.274617e+17  6.649196e+03
72  1.100000e+04  5.567000e-02  5.567000e-02  2.169977e+08  2.200113e+08  8.427751e+16  1.170053e+17  6.650206e+03
73  1.100000e+04  5.567000e-02  5.567000e-02  2.200113e+08  2.230248e+08  8.169513e+16  1.065490e+17  6.651216e+03
74  1.100000e+04  5.567000e-02  5.567000e-02  2.230248e+08  2.260384e+08  7.918535e+16  9.715492e+16  6.652266e+03
75  1.100000e+04  5.567000e-02  5.567000e-02  2.260384e+08  2.290519e+08  7.692772e+16  9.145066e+16  6.653455e+03
76  1.100000e+04  5.567000e-02  5.567000e-02  2.290519e+08  2.320654e+08  7.467011e+16  8.574643e+16  6.654644e+03
77  1.100000e+04  5.567000e-02  5.567000e-02  2.320654e+08  2.350789e+08  7.241250e+16  8.004222e+16  6.655833e+03
78  1.100000e+04  5.567000e-02  5.567000e-02  2.350789e+08  2.380924e+08  7.015490e+16  7.433803e+16  6.657022e+03
79  1.100000e+04  5.567000e-02  5.567000e-02  2.380924e+08  2.411059e+08  6.789732e+16  6.863387e+16  6.658211e+03
80  1.100000e+04  5.567000e-02  5.567000e-02  2.411059e+08  2.441194e+08  6.563974e+16  6.292974e+16  6.659400e+03
81  1.100000e+04  5.567000e-02  5.567000e-02  2.441194e+08  2.471328e+08  6.353235e+16  5.833881e+16  6.660733e+03
82  1.100000e+04  5.567000e-02  5.567000e-02  2.471328e+08  2.501463e+08  6.157810e+16  5.488291e+16  6.662214e+03
83  1.100000e+04  5.567000e-02  5.567000e-02  2.501463e+08  2.531597e+08  5.962385e+16  5.142703e+16  6.663694e+03
84  1.100000e+04  5.567000e-02  5.567000e-02  2.531597e+08  2.561731e+08  5.766961e+16  4.797116e+16  6.665175e+03
85  1.100000e+04  5.567000e-02  5.567000e-02  2.561731e+08  2.591865e+08  5.571538e+16  4.451530e+16  6.666655e+03
86  1.100000e+04  5.567000e-02  5.567000e-02  2.591865e+08  2.621999e+08  5.388686e+16  4.189745e+16  6.668373e+03
87  1.100000e+04  5.567000e-02  5.567000e-02  2.621999e+08  2.652132e+08  5.209653e+16  3.953422e+16  6.670163e+03
88  1.100000e+04  5.567000e-02  5.567000e-02  2.652132e+08  2.682266e+08  5.030622e+16  3.717100e+16  6.671954e+03
89  1.100000e+04  5.567000e-02  5.567000e-02  2.682266e+08  2.712399e+08  4.851591e+16  3.480780e+16  6.673744e+03
90  1.100000e+04  5.567000e-02  5.567000e-02  2.712399e+08  2.742533e+08  4.588355e+16  4.588355e+13  9.403697e+03
91  1.100000e+04  5.567000e-02  5.567000e-02  2.742533e+08  2.772666e+08  2.195639e+16  2.195639e+13  1.946807e+04
92  1.100000e+04  5.567000e-02  5.567000e-02  2.772666e+08  2.802799e+08  1.153679e+16  1.153679e+13  3.686793e+04
93  1.100000e+04  5.567000e-02  5.567000e-02  2.802799e+08  2.832931e+08  6.898532e+15  6.898532e+12  6.147345e+04
94  1.100000e+04  5.567000e-02  5.567000e-02  2.832931e+08  2.863064e+08  4.546092e+15  4.546092e+12  9.310105e+04
95  1.100000e+04  5.567000e-02  5.567000e-02  2.863064e+08  2.893197e+08  3.213774e+15  3.213774e+12  1.315148e+05
96  1.100000e+04  5.567000e-02  5.567000e-02  2.893197e+08  2.923329e+08  2.393165e+15  2.393165e+12  1.764283e+05
97  1.100000e+04  5.567000e-02  5.567000e-02  2.923329e+08  2.953461e+08  1.854380e+15  1.854380e+12  2.275064e+05
98  1.100000e+04  5.567000e-02  5.567000e-02  2.953461e+08  2.983593e+08  1.482628e+15  1.482628e+12  2.843684e+05
99  1.100000e+04  5.567000e-02  5.567000e-02  2.983593e+08  3.013725e+08  1.215818e+15  1.215818e+12  3.465902e+05
100  1.100000e+04  5.567000e-02  5.567000e-02  3.013725e+08  3.043857e+08  1.018121e+15  1.018121e+12  4.137078e+05
101  1.100000e+04  5.567000e-02  5.567000e-02  3.043857e+08  3.073988e+08  8.677418e+14  8.677418e+11  4.852208e+05
102  1.100000e+04  5.567000e-02  5.567000e-02  3.073988e+08  3.104119e+08  7.508248e+14  7.508248e+11  5.605959e+05
103  1.100000e+04  5.567000e-02  5.567000e-02  3.104119e+08  3.134250e+08  6.582326e+14  6.582326e+11  6.392713e+05
104  1.100000e+04  5.567000e-02  5.567000e-02  3.134250e+08  3.164381e+08  5.837461e+14  5.837461e+11  7.206602e+05
105  1.100000e+04  5.567000e-02  5.567000e-02  3.164381e+08  3.194512e+08  5.230168e+14  5.230168e+11  8.041560e+05
106  1.100000e+04  5.567000e-02  5.567000e-02  3.194512e+08  3.224643e+08  4.729319e+14  4.729319e+11  8.891361e+05
107  1.100000e+04  5.567000e-02  5.567000e-02  3.224643e+08  3.254773e+08  4.312167e+14  4.312167e+11  9.749671e+05
108  1.100000e+04  5.567000e-02  5.567000e-02  3.254773e+08  3.284904e+08  3.961793e+14  3.961793e+11  1.061009e+06
109  1.100000e+04  5.567000e-02  5.567000e-02  3.284904e+08  3.315034e+08  3.665405e+14  3.665405e+11  1.146621e+06
110  1.100000e+04  5.567000e-02  5.567000e-02  3.315034e+08  3.345164e+08  3.413199e+14  3.413199e+11  1.231163e+06
111  1.100000e+04  5.567000e-02  5.567000e-02  3.345164e+08  3.375293e+08  3.197563e+14  3.197563e+11  1.314008e+06
112  1.100000e+04  5.567000e-02  5.567000e-02  3.375293e+08  3.405423e+08  3.012525e+14  3.012525e+11  1.394535e+06
113  1.100000e+04  5.567000e-02  5.567000e-02  3.405423e+08  3.435552e+08  2.853351e+14  2.853351e+11  1.472147e+06
114  1.100000e+04  5.567000e-02  5.567000e-02  3.435552e+08  3.465682e+08  2.716262e+14  2.716262e+11  1.546263e+06
115  1.100000e+04  5.567000e-02  5.567000e-02  3.465682e+08  3.495811e+08  2.598217e+14  2.598217e+11  1.616332e+06
116  1.100000e+04  5.567000e-02  5.567000e-02  3.495811e+08  3.525939e+08  2.496758e+14  2.496758e+11  1.681831e+06
117  1.100000e+04  5.567000e-02  5.567000e-02  3.525939e+08  3.556068e+08  2.409890e+14  2.409890e+11  1.742273e+06
118  1.100000e+04  5.567000e-02  5.567000e-02  3.556068e+08  3.586196e+08  2.335991e+14  2.335991e+11  1.797207e+06
119  1.100000e+04  5.567000e-02  5.567000e-02  3.586196e+08  3.616325e+08  2.273747e+14  2.273747e+11  1.846223e+06
120  1.100000e+04  5.567000e-02  5.567000e-02  3.616325e+08  3.646453e+08  2.222094e+14  2.222094e+11  1.888956e+06
121  1.100000e+04  5.567000e-02  5.567000e-02  3.646453e+08  3.676580e+08  2.180181e+14  2.180181e+11  1.925089e+06
122  1.100000e+04  5.567000e-02  5.567000e-02  3.676580e+08  3.706708e+08  2.147337e+14  2.147337e+11  1.954351e+06
123  1.100000e+04  5.567000e-02  5.567000e-02  3.706708e+08  3.736835e+08  2.123050e+14  2.123050e+11  1.976525e+06
124  1.100000e+04  5.567000e-02  5.567000e-02  3.736835e+08  3.766963e+08  2.106951e+14  2.106951e+11  1.991446e+06
125  1.100000e+04  5.567000e-02  5.567000e-02  3.766963e+08  3.797090e+08  2.098795e+14  2.098795e+11  1.999002e+06
126  1.100000e+04  5.567000e-02  5.567000e-02  3.797090e+08  3.827216e+08  2.097556e+14  2.097556e+11  2.000000e+06
127  1.100000e+04  5.567000e-02  5.567000e-02  3.827216e+08  3.857343e+08  2.097364e+14  2.097364e+11  2.000000e+06
128  1.100000e+04  5.567000e-02  5.567000e-02  3.857343e+08  3.887469e+08  2.097173e+14  2.097173e+11  2.000000e+06
129  1.100000e+04  5.567000e-02  5.567000e-02  3.887469e+08  3.917595e+08  2.096982e+14  2.096982e+11  2.000000e+06
130  1.100000e+04  5.567000e-02  5.567000e-02  3.917595e+08  3.947721e+08  2.096790e+14  2.096790e+11  2.000000e+06
131  1.100000e+04  5.567000e-02  5.567000e-02  3.947721e+08  3.977847e+08  2.096599e+14  2.096599e+11  2.000000e+06
132  1.100000e+04  5.567000e-02  5.567000e-02  3.977847e+08  4.007973e+08  2.096408e+14  2.096408e+11  2.000000e+06
133  1.100000e+04  5.567000e-02  5.567000e-02  4.007973e+08  4.038098e+08  2.096217e+14  2.096217e+11  2.000000e+06
134  1.100000e+04  5.567000e-02  5.567000e-02  4.038098e+08  4.068223e+08  2.096025e+14  2.096025e+11  2.000000e+06
135  1.100000e+04  5.567000e-02  5.567000e-02  4.068223e+08  4.098348e+08  2.095834e+14  2.095834e+11  2.000000e+06
136  1.100000e+04  5.567000e-02  5.567000e-02  4.098348e+08  4.128472e+08  2.095643e+14  2.095643e+11  2.000000e+06
137  1.166000e+04  5.567000e-02  5.567000e-02  4.128472e+08  4.160404e+08  2.095446e+14  2.095446e+11  2.000000e+06
138  1.235960e+04  5.567000e-02  5.567000e-02  4.160404e+08  4.194252e+08  2.095237e+14  2.095237e+11  2.000000e+06
139  1.310118e+04  5.567000e-02  5.567000e-02  4.194252e+08  4.230130e+08  2.095016e+14  2.095016e+11  2.000000e+06
140  1.388725e+04  5.567000e-02  5.567000e-02  4.230130e+08  4.268160e+08  2.094782e+14  2.094782e+11  2.000000e+06
141  1.472048e+04  5.567000e-02  5.567000e-02  4.268160e+08  4.308472e+08  2.094533e+14  2.094533e+11  2.000000e+06
142  1.560371e+04  5.567000e-02  5.567000e-02  4.308472e+08  4.351202e+08  2.094270e+14  2.094270e+11  2.000000e+06
143  1.653993e+04  5.567000e-02  5.567000e-02  4.351202e+08  4.396495e+08  2.093991e+14  2.093991e+11  2.000000e+06
144  1.753233e+04  5.567000e-02  5.567000e-02  4.396495e+08  4.444505e+08  2.093695e+14  2.093695e+11  2.000000e+06
145  1.858427e+04  5.567000e-02  5.567000e-02  4.444505e+08  4.495396e+08  2.093381e+14  2.093381e+11  2.000000e+06
146  1.969932e+04  5.567000e-02  5.567000e-02  4.495396e+08  4.549339e+08  2.093049e+14  2.093049e+11  2.000000e+06
147  2.088128e+04  5.567000e-02  5.567000e-02  4.549339e+08  4.606517e+08  2.092697e+14  2.092697e+11  2.000000e+06
148  2.213416e+04  5.567000e-02  5.567000e-02  4.606517e+08  4.667125e+08  2.092323e+14  2.092323e+11  2.000000e+06
149  2.346221e+04  5.567000e-02  5.567000e-02  4.667125e+08  4.731369e+08  2.091928e+14  2.091928e+11  2.000000e+06
150  2.486994e+04  5.567000e-02  5.567000e-02  4.731369e+08  4.799466e+08  2.091509e+14  2.091509e+11  2.000000e+06
151  2.636214e+04  5.567000e-02  5.567000e-02  4.799466e+08  4.871647e+08  2.091064e+14  2.091064e+11  2.000000e+06
152  2.794387e+04  5.567000e-02  5.567000e-02  4.871647e+08  4.948158e+08  2.090594e+14  2.090594e+11  2.000000e+06
153  2.962050e+04  5.567000e-02  5.567000e-02  4.948158e+08  5.029257e+08  2.090095e+14  2.090095e+11  2.000000e+06
154  3.139773e+04  5.567000e-02  5.567000e-02  5.029257e+08  5.115220e+08  2.089566e+14  2.089566e+11  2.000000e+06
155  3.328159e+04  5.567000e-02  5.567000e-02  5.115220e+08  5.206338e+08  2.089006e+14  2.089006e+11  2.000000e+06
156  3.527849e+04  5.567000e-02  5.567000e-02  5.206338e+08  5.302921e+08  2.088412e+14  2.088412e+11  2.000000e+06
157  3.739520e+04  5.567000e-02  5.567000e-02  5.302921e+08  5.405295e+08  2.087783e+14  2.087783e+11  2.000000e+06
158  3.963891e+04  5.567000e-02  5.567000e-02  5.405295e+08  5.513808e+08  2.087116e+14  2.087116e+11  2.000000e+06
159  4.201725e+04  5.567000e-02  5.567000e-02  5.513808e+08  5.628828e+08  2.086410e+14  2.086410e+11  2.000000e+06
160  4.453828e+04  5.567000e-02  5.567000e-02  5.628828e+08  5.750743e+08  2.085662e+14  2.085662e+11  2.000000e+06
161  4.721058e+04  5.567000e-02  5.567000e-02  5.750743e+08  5.879968e+08  2.084868e+14  2.084868e+11  2.000000e+06
162  5.004321e+04  5.567000e-02  5.567000e-02  5.879968e+08  6.016940e+08  2.084028e+14  2.084028e+11  2.000000e+06
163  5.304581e+04  5.567000e-02  5.567000e-02  6.016940e+08  6.162123e+08  2.083138e+14  2.083138e+11  2.000000e+06
164  5.622855e+04  5.567000e-02  5.567000e-02  6.162123e+08  6.316009e+08  2.082195e+14  2.082195e+11  2.000000e+06
165  5.960227e+04  5.567000e-02  5.567000e-02  6.316009e+08  6.479117e+08  2.081196e+14  2.081196e+11  2.000000e+06
166  6.317840e+04  5.567000e-02  5.567000e-02  6.479117e+08  6.652001e+08  2.080137e+14  2.080137e+11  2.000000e+06
167  6.696911e+04  5.567000e-02  5.567000e-02  6.652001e+08  6.835244e+08  2.079015e+14  2.079015e+11  2.000000e+06
168  7.098725e+04  5.567000e-02  5.567000e-02  6.835244e+08  7.029467e+08  2.077827e+14  2.077827e+11  2.000000e+06
169  7.524649e+04  5.567000e-02  5.567000e-02  7.029467e+08  7.235326e+08  2.076569e+14  2.076569e+11  2.000000e+06
170  7.976128e+04  5.567000e-02  5.567000e-02  7.235326e+08  7.453516e+08  2.075236e+14  2.075236e+11  2.000000e+06
171  8.454695e+04  5.567000e-02  5.567000e-02  7.453516e+08  7.684775e+08  2.073824e+14  2.073824e+11  2.000000e+06
172  8.961977e+04  5.567000e-02  5.567000e-02  7.684775e+08  7.929881e+08  2.072329e+14  2.072329e+11  2.000000e+06
173  9.499696e+04  5.567000e-02  5.567000e-02  7.929881e+08  8.189662e+08  2.070745e+14  2.070745e+11  2.000000e+06
174  1.006968e+05  5.567000e-02  5.567000e-02  8.189662e+08  8.464994e+08  2.069068e+14  2.069068e+11  2.000000e+06
175  1.067386e+05  5.567000e-02  5.567000e-02  8.464994e+08  8.756803e+08  2.067292e+14  2.067292e+11  2.000000e+06
176  1.131429e+05  5.567000e-02  5.567000e-02  8.756803e+08  9.066071e+08  2.065411e+14  2.065411e+11  2.000000e+06
177  1.199315e+05  5.567000e-02  5.567000e-02  9.066071e+08  9.393838e+08  2.063420e+14  2.063420e+11  2.000000e+06
178  1.271274e+05  5.567000e-02  5.567000e-02  9.393838e+08  9.741205e+08  2.061311e+14  2.061311e+11  2.000000e+06
179  1.347550e+05  5.567000e-02  5.567000e-02  9.741205e+08  1.010933e+09  2.059079e+14  2.059079e+11  2.000000e+06
180  1.428403e+05  5.567000e-02  5.567000e-02  1.010933e+09  1.049946e+09  2.056716e+14  2.056716e+11  2.000000e+06
181  1.514107e+05  5.567000e-02  5.567000e-02  1.049946e+09  1.091289e+09  2.054216e+14  2.054216e+11  2.000000e+06
182  1.604954e+05  5.567000e-02  5.567000e-02  1.091289e+09  1.135100e+09  2.051569e+14  2.051569e+11  2.000000e+06
183  1.701251e+05  5.567000e-02  5.567000e-02  1.135100e+09  1.181526e+09  2.048768e+14  2.048768e+11  2.000000e+06
184  1.803326e+05  5.567000e-02  5.567000e-02  1.181526e+09  1.230719e+09  2.045804e+14  2.045804e+11  2.000000e+06
185  1.911525e+05  5.567000e-02  5.567000e-02  1.230719e+09  1.282845e+09  2.042668e+14  2.042668e+11  2.000000e+06
186  2.026217e+05  5.567000e-02  5.567000e-02  1.282845e+09  1.338075e+09  2.039350e+14  2.039350e+11  2.000000e+06
187  2.147790e+05  5.567000e-02  5.567000e-02  1.338075e+09  1.396592e+09  2.035841e+14  2.035841e+11  2.000000e+06
188  2.276657e+05  5.567000e-02  5.567000e-02  1.396592e+09  1.458588e+09  2.032130e+14  2.032130e+11  2.000000e+06
189  2.413257e+05  5.567000e-02  5.567000e-02  1.458588e+09  1.524266e+09  2.028206e+14  2.028206e+11  2.000000e+06
190  2.558052e+05  5.567000e-02  5.567000e-02  1.524266e+09  1.593841e+09  2.024057e+14  2.024057e+11  2.000000e+06
191  2.711535e+05  5.567000e-02  5.567000e-02  1.593841e+09  1.667539e+09  2.019672e+14  2.019672e+11  2.000000e+06
192  2.874227e+05  5.567000e-02  5.567000e-02  1.667539e+09  1.745598e+09  2.015038e+14  2.015038e+11  2.000000e+06
193  3.046681e+05  5.567000e-02  5.567000e-02  1.745598e+09  1.828269e+09  2.010141e+14  2.010141e+11  2.000000e+06
194  3.229482e+05  5.567000e-02  5.567000e-02  1.828269e+09  1.915817e+09  2.004969e+14  2.004969e+11  2.000000e+06
195  3.423251e+05  5.567000e-02  5.567000e-02  1.915817e+09  2.008519e+09  1.999506e+14  1.999506e+11  2.000000e+06
196  3.628646e+05  5.567000e-02  5.567000e-02  2.008519e+09  2.106666e+09  1.993739e+14  1.993739e+11  2.000000e+06
197  3.846365e+05  5.567000e-02  5.567000e-02  2.106666e+09  2.210565e+09  1.987652e+14  1.987652e+11  2.000000e+06
198  4.000000e+05  5.567000e-02  5.567000e-02  2.210565e+09  2.318457e+09  1.981292e+14  1.981292e+11  2.000000e+06
199  4.000000e+05  5.567000e-02  5.567000e-02  2.318457e+09  2.426181e+09  1.974838e+14  1.974838e+11  2.000000e+06
200  4.000000e+05  5.567000e-02  5.567000e-02  2.426181e+09  2.533729e+09  1.968416e+14  1.968416e+11  2.000000e+06
201  4.000000e+05  5.567000e-02  5.567000e-02  2.533729e+09  2.641093e+09  1.962026e+14  1.962026e+11  2.000000e+06
202  4.000000e+05  5.567000e-02  5.567000e-02  2.641093e+09  2.748267e+09  1.955667e+14  1.955667e+11  2.000000e+06
203  4.000000e+05  5.567000e-02  5.567000e-02  2.748267e+09  2.855241e+09  1.949341e+14  1.949341e+11  2.000000e+06
204  4.000000e+05  5.567000e-02  5.567000e-02  2.855241e+09  2.962008e+09  1.943048e+14  1.943048e+11  2.000000e+06
205  4.000000e+05  5.567000e-02  5.567000e-02  2.962008e+09  3.068561e+09  1.936788e+14  1.936788e+11  2.000000e+06
206  4.000000e+05  5.567000e-02  5.567000e-02  3.068561e+09  3.174892e+09  1.930560e+14  1.930560e+11  2.000000e+06
207  4.000000e+05  5.567000e-02  5.567000e-02  3.174892e+09  3.280992e+09  1.924366e+14  1.924366e+11  2.000000e+06
208  4.000000e+05  5.567000e-02  5.567000e-02  3.280992e+09  3.386855e+09  1.918206e+14  1.918206e+11  2.000000e+06
209  4.000000e+05  5.567000e-02  5.567000e-02  3.386855e+09  3.492473e+09  1.912080e+14  1.912080e+11  2.000000e+06
210  4.000000e+05  5.567000e-02  5.567000e-02  3.492473e+09  3.597838e+09  1.905988e+14  1.905988e+11  2.000000e+06
211  4.000000e+05  5.567000e-02  5.567000e-02  3.597838e+09  3.702942e+09  1.899930e+14  1.899930e+11  2.000000e+06
212  4.000000e+05  5.567000e-02  5.567000e-02  3.702942e+09  3.807778e+09  1.893907e+14  1.893907e+11  2.000000e+06
213  4.000000e+05  5.567000e-02  5.567000e-02  3.807778e+09  3.912338e+09  1.887919e+14  1.887919e+11  2.000000e+06
214  4.000000e+05  5.567000e-02  5.567000e-02  3.912338e+09  4.016615e+09  1.881966e+14  1.881966e+11  2.000000e+06
215  4.000000e+05  5.567000e-02  5.567000e-02  4.016615e+09  4.120600e+09  1.876048e+14  1.876048e+11  2.000000e+06
216  4.000000e+05  5.567000e-02  5.567000e-02  4.120600e+09  4.224288e+09  1.870166e+14  1.870166e+11  2.000000e+06
217  4.000000e+05  5.567000e-02  5.567000e-02  4.224288e+09  4.327669e+09  1.864320e+14  1.864320e+11  2.000000e+06
218  4.000000e+05  5.567000e-02  5.567000e-02  4.327669e+09  4.430737e+09  1.858509e+14  1.858509e+11  2.000000e+06
219  4.000000e+05  5.567000e-02  5.567000e-02  4.430737e+09  4.533484e+09  1.852734e+14  1.852734e+11  2.000000e+06
220  4.000000e+05  5.567000e-02  5.567000e-02  4.533484e+09  4.635902e+09  1.846996e+14  1.846996e+11  2.000000e+06
221  4.000000e+05  5.567000e-02  5.567000e-02  4.635902e+09  4.737985e+09  1.841295e+14  1.841295e+11  2.000000e+06
222  4.000000e+05  5.567000e-02  5.567000e-02  4.737985e+09  4.839724e+09  1.835630e+14  1.835630e+11  2.000000e+06
223  4.000000e+05  5.567000e-02  5.567000e-02  4.839724e+09  4.941113e+09  1.830001e+14  1.830001e+11  2.000000e+06
224  4.000000e+05  5.567000e-02  5.567000e-02  4.941113e+09  5.042144e+09  1.824410e+14  1.824410e+11  2.000000e+06
225  4.000000e+05  5.567000e-02  5.567000e-02  5.042144e+09  5.142810e+09  1.818856e+14  1.818856e+11  2.000000e+06
226  4.000000e+05  5.567000e-02  5.567000e-02  5.142810e+09  5.243104e+09  1.813340e+14  1.813340e+11  2.000000e+06
227  4.000000e+05  5.567000e-02  5.567000e-02  5.243104e+09  5.343017e+09  1.807861e+14  1.807861e+11  2.000000e+06
228  4.000000e+05  5.567000e-02  5.567000e-02  5.343017e+09  5.442544e+09  1.802420e+14  1.802420e+11  2.000000e+06
229  4.000000e+05  5.567000e-02  5.567000e-02  5.442544e+09  5.541676e+09  1.797016e+14  1.797016e+11  2.000000e+06
230  4.000000e+05  5.567000e-02  5.567000e-02  5.541676e+09  5.640407e+09  1.791650e+14  1.791650e+11  2.000000e+06
231  4.000000e+05  5.567000e-02  5.567000e-02  5.640407e+09  5.738729e+09  1.786323e+14  1.786323e+11  2.000000e+06
232  4.000000e+05  5.567000e-02  5.567000e-02  5.738729e+09  5.836636e+09  1.781034e+14  1.781034e+11  2.000000e+06
233  4.000000e+05  5.567000e-02  5.567000e-02  5.836636e+09  5.934120e+09  1.775783e+14  1.775783e+11  2.000000e+06
234  4.000000e+05  5.567000e-02  5.567000e-02  5.934120e+09  6.031174e+09  1.770571e+14  1.770571e+11  2.000000e+06
235  4.000000e+05  5.567000e-02  5.567000e-02  6.031174e+09  6.127792e+09  1.765397e+14  1.765397e+11  2.000000e+06
236  4.000000e+05  5.567000e-02  5.567000e-02  6.127792e+09  6.223965e+09  1.760263e+14  1.760263e+11  2.000000e+06
237  4.000000e+05  5.567000e-02  5.567000e-02  6.223965e+09  6.319688e+09  1.755167e+14  1.755167e+11  2.000000e+06
238  4.000000e+05  5.567000e-02  5.567000e-02  6.319688e+09  6.414952e+09  1.750110e+14  1.750110e+11  2.000000e+06
239  4.000000e+05  5.567000e-02  5.567000e-02  6.414952e+09  6.509753e+09  1.745092e+14  1.745092e+11  2.000000e+06
240  4.000000e+05  5.567000e-02  5.567000e-02  6.509753e+09  6.604081e+09  1.740114e+14  1.740114e+11  2.000000e+06
241  4.000000e+05  5.567000e-02  5.567000e-02  6.604081e+09  6.697931e+09  1.735175e+14  1.735175e+11  2.000000e+06
242  4.000000e+05  5.567000e-02  5.567000e-02  6.697931e+09  6.791297e+09  1.730275e+14  1.730275e+11  2.000000e+06
243  4.000000e+05  5.567000e-02  5.567000e-02  6.791297e+09  6.884170e+09  1.725415e+14  1.725415e+11  2.000000e+06
244  4.000000e+05  5.567000e-02  5.567000e-02  6.884170e+09  6.976544e+09  1.720594e+14  1.720594e+11  2.000000e+06
245  4.000000e+05  5.567000e-02  5.567000e-02  6.976544e+09  7.068414e+09  1.715813e+14  1.715813e+11  2.000000e+06
246  4.000000e+05  5.567000e-02  5.567000e-02  7.068414e+09  7.159771e+09  1.711072e+14  1.711072e+11  2.000000e+06
247  4.000000e+05  5.567000e-02  5.567000e-02  7.159771e+09  7.250610e+09  1.706371e+14  1.706371e+11  2.000000e+06
248  4.000000e+05  5.567000e-02  5.567000e-02  7.250610e+09  7.340923e+09  1.701710e+14  1.701710e+11  2.000000e+06
249  4.000000e+05  5.567000e-02  5.567000e-02  7.340923e+09  7.430705e+09  1.697089e+14  1.697089e+11  2.000000e+06
250  4.000000e+05  5.567000e-02  5.567000e-02  7.430705e+09  7.519948e+09  1.692508e+14  1.692508e+11  2.000000e+06
251  4.000000e+05  5.567000e-02  5.567000e-02  7.519948e+09  7.608647e+09  1.687968e+14  1.687968e+11  2.000000e+06
252  4.000000e+05  5.567000e-02  5.567000e-02  7.608647e+09  7.696795e+09  1.683467e+14  1.683467e+11  2.000000e+06
253  4.000000e+05  5.567000e-02  5.567000e-02  7.696795e+09  7.784385e+09  1.679007e+14  1.679007e+11  2.000000e+06
254  4.000000e+05  5.567000e-02  5.567000e-02  7.784385e+09  7.871411e+09  1.674588e+14  1.674588e+11  2.000000e+06
255  4.000000e+05  5.567000e-02  5.567000e-02  7.871411e+09  7.957867e+09  1.670208e+14  1.670208e+11  2.000000e+06
256  4.000000e+05  5.567000e-02  5.567000e-02  7.957867e+09  8.043747e+09  1.665870e+14  1.665870e+11  2.000000e+06
257  4.000000e+05  5.567000e-02  5.567000e-02  8.043747e+09  8.129044e+09  1.661572e+14  1.661572e+11  2.000000e+06
258  4.000000e+05  5.567000e-02  5.567000e-02  8.129044e+09  8.213753e+09  1.657314e+14  1.657314e+11  2.000000e+06
259  4.000000e+05  5.567000e-02  5.567000e-02  8.213753e+09  8.297866e+09  1.653098e+14  1.653098e+11  2.000000e+06
260  4.000000e+05  5.567000e-02  5.567000e-02  8.297866e+09  8.381378e+09  1.648922e+14  1.648922e+11  2.000000e+06
261  4.000000e+05  5.567000e-02  5.567000e-02  8.381378e+09  8.464284e+09  1.644787e+14  1.644787e+11  2.000000e+06
262  4.000000e+05  5.567000e-02  5.567000e-02  8.464284e+09  8.546576e+09  1.640692e+14  1.640692e+11  2.000000e+06
263  4.000000e+05  5.567000e-02  5.567000e-02  8.546576e+09  8.628249e+09  1.636639e+14  1.636639e+11  2.000000e+06
264  4.000000e+05  5.567000e-02  5.567000e-02  8.628249e+09  8.709297e+09  1.632626e+14  1.632626e+11  2.000000e+06
265  4.000000e+05  5.567000e-02  5.567000e-02  8.709297e+09  8.789714e+09  1.628655e+14  1.628655e+11  2.000000e+06
266  4.000000e+05  5.567000e-02  5.567000e-02  8.789714e+09  8.869495e+09  1.624724e+14  1.624724e+11  2.000000e+06
267  4.000000e+05  5.567000e-02  5.567000e-02  8.869495e+09  8.948633e+09  1.620834e+14  1.620834e+11  2.000000e+06
268  4.000000e+05  5.567000e-02  5.567000e-02  8.948633e+09  9.027123e+09  1.616986e+14  1.616986e+11  2.000000e+06
269  4.000000e+05  5.567000e-02  5.567000e-02  9.027123e+09  9.104959e+09  1.613179e+14  1.613179e+11  2.000000e+06
270  4.000000e+05  5.567000e-02  5.567000e-02  9.104959e+09  9.182136e+09  1.609412e+14  1.609412e+11  2.000000e+06
271  4.000000e+05  5.567000e-02  5.567000e-02  9.182136e+09  9.258647e+09  1.605687e+14  1.605687e+11  2.000000e+06
272  4.000000e+05  5.567000e-02  5.567000e-02  9.258647e+09  9.334488e+09  1.602003e+14  1.602003e+11  2.000000e+06
273  4.000000e+05  5.567000e-02  5.567000e-02  9.334488e+09  9.409653e+09  1.598360e+14  1.598360e+11  2.000000e+06
274  4.000000e+05  5.567000e-02  5.567000e-02  9.409653e+09  9.484136e+09  1.594759e+14  1.594759e+11  2.000000e+06
275  4.000000e+05  5.567000e-02  5.567000e-02  9.484136e+09  9.557932e+09  1.591198e+14  1.591198e+11  2.000000e+06
276  4.000000e+05  5.567000e-02  5.567000e-02  9.557932e+09  9.631036e+09  1.587679e+14  1.587679e+11  2.000000e+06
277  4.000000e+05  5.567000e-02  5.567000e-02  9.631036e+09  9.703442e+09  1.584201e+14  1.584201e+11  2.000000e+06
278  4.000000e+05  5.567000e-02  5.567000e-02  9.703442e+09  9.775146e+09  1.580764e+14  1.580764e+11  2.000000e+06
279  4.000000e+05  5.567000e-02  5.567000e-02  9.775146e+09  9.846141e+09  1.577369e+14  1.577369e+11  2.000000e+06
280  4.000000e+05  5.567000e-02  5.567000e-02  9.846141e+09  9.916423e+09  1.574015e+14  1.574015e+11  2.000000e+06
281  4.000000e+05  5.567000e-02  5.567000e-02  9.916423e+09  9.985987e+09  1.570702e+14  1.570702e+11  2.000000e+06
282  4.000000e+05  5.567000e-02  5.567000e-02  9.985987e+09  1.005483e+10  1.567431e+14  1.567431e+11  2.000000e+06
283  4.000000e+05  5.567000e-02  5.567000e-02  1.005483e+10  1.012294e+10  1.564201e+14  1.564201e+11  2.000000e+06
284  4.000000e+05  5.567000e-02  5.567000e-02  1.012294e+10  1.019032e+10  1.561012e+14  1.561012e+11  2.000000e+06
285  4.000000e+05  5.567000e-02  5.567000e-02  1.019032e+10  1.025696e+10  1.557864e+14  1.557864e+11  2.000000e+06
286  4.000000e+05  5.567000e-02  5.567000e-02  1.025696e+10  1.032286e+10  1.554758e+14  1.554758e+11  2.000000e+06
287  4.000000e+05  5.567000e-02  5.567000e-02  1.032286e+10  1.038801e+10  1.551693e+14  1.551693e+11  2.000000e+06
288  4.000000e+05  5.567000e-02  5.567000e-02  1.038801e+10  1.045241e+10  1.548670e+14  1.548670e+11  2.000000e+06
289  4.000000e+05  5.567000e-02  5.567000e-02  1.045241e+10  1.051605e+10  1.545688e+14  1.545688e+11  2.000000e+06
290  4.000000e+05  5.567000e-02  5.567000e-02  1.051605e+10  1.057893e+10  1.542747e+14  1.542747e+11  2.000000e+06
291  4.000000e+05  5.567000e-02  5.567000e-02  1.057893e+10  1.064104e+10  1.539847e+14  1.539847e+11  2.000000e+06
292  4.000000e+05  5.567000e-02  5.567000e-02  1.064104e+10  1.070238e+10  1.536989e+14  1.536989e+11  2.000000e+06
293  4.000000e+05  5.567000e-02  5.567000e-02  1.070238e+10  1.076295e+10  1.534172e+14  1.534172e+11  2.000000e+06
294  4.000000e+05  5.567000e-02  5.567000e-02  1.076295e+10  1.082273e+10  1.531397e+14  1.531397e+11  2.000000e+06
295  4.000000e+05  5.567000e-02  5.567000e-02  1.082273e+10  1.088174e+10  1.528663e+14  1.528663e+11  2.000000e+06
296  4.000000e+05  5.567000e-02  5.567000e-02  1.088174e+10  1.093995e+10  1.525970e+14  1.525970e+11  2.000000e+06
297  4.000000e+05  5.567000e-02  5.567000e-02  1.093995e+10  1.099738e+10  1.523318e+14  1.523318e+11  2.000000e+06
298  4.000000e+05  5.567000e-02  5.567000e-02  1.099738e+10  1.105400e+10  1.520708e+14  1.520708e+11  2.000000e+06
299  4.000000e+05  5.567000e-02  5.567000e-02  1.105400e+10  1.110983e+10  1.518139e+14  1.518139e+11  2.000000e+06
300  4.000000e+05  5.567000e-02  5.567000e-02  1.110983e+10  1.116485e+10  1.515611e+14  1.515611e+11  2.000000e+06
301  4.000000e+05  5.567000e-02  5.567000e-02  1.116485e+10  1.121906e+10  1.513125e+14  1.513125e+11  2.000000e+06
302  4.000000e+05  5.567000e-02  5.567000e-02  1.121906e+10  1.127246e+10  1.510679e+14  1.510679e+11  2.000000e+06
303  4.000000e+05  5.567000e-02  5.567000e-02  1.127246e+10  1.132504e+10  1.508275e+14  1.508275e+11  2.000000e+06
304  4.000000e+05  5.567000e-02  5.567000e-02  1.132504e+10  1.137680e+10  1.505913e+14  1.505913e+11  2.000000e+06
305  4.000000e+05  5.567000e-02  5.567000e-02  1.137680e+10  1.142774e+10  1.503591e+14  1.503591e+11  2.000000e+06
306  4.000000e+05  5.567000e-02  5.567000e-02  1.142774e+10  1.147785e+10  1.501311e+14  1.501311e+11  2.000000e+06
307  4.000000e+05  5.567000e-02  5.567000e-02  1.147785e+10  1.152713e+10  1.499072e+14  1.499072e+11  2.000000e+06
308  4.000000e+05  5.567000e-02  5.567000e-02  1.152713e+10  1.157558e+10  1.496874e+14  1.496874e+11  2.000000e+06
309  4.000000e+05  5.567000e-02  5.567000e-02  1.157558e+10  1.162318e+10  1.494717e+14  1.494717e+11  2.000000e+06
310  4.000000e+05  5.567000e-02  5.567000e-02  1.162318e+10  1.166995e+10  1.492602e+14  1.492602e+11  2.000000e+06
311  4.000000e+05  5.567000e-02  5.567000e-02  1.166995e+10  1.171587e+10  1.490527e+14  1.490527e+11  2.000000e+06
312  4.000000e+05  5.567000e-02  5.567000e-02  1.171587e+10  1.176094e+10  1.488494e+14  1.488494e+11  2.000000e+06
313  4.000000e+05  5.567000e-02  5.567000e-02  1.176094e+10  1.180515e+10  1.486502e+14  1.486502e+11  2.000000e+06
314  4.000000e+05  5.567000e-02  5.567000e-02  1.180515e+10  1.184852e+10  1.484551e+14  1.484551e+11  2.000000e+06
315  4.000000e+05  5.567000e-02  5.567000e-02  1.184852e+10  1.189102e+10  1.482641e+14  1.482641e+11  2.000000e+06
316  4.000000e+05  5.567000e-02  5.567000e-02  1.189102e+10  1.193267e+10  1.480772e+14  1.480772e+11  2.000000e+06
317  4.000000e+05  5.567000e-02  5.567000e-02  1.193267e+10  1.197345e+10  1.478945e+14  1.478945e+11  2.000000e+06
318  4.000000e+05  5.567000e-02  5.567000e-02  1.197345e+10  1.201336e+10  1.477158e+14  1.477158e+11  2.000000e+06
319  4.000000e+05  5.567000e-02  5.567000e-02  1.201336e+10  1.205240e+10  1.475412e+14  1.475412e+11  2.000000e+06
320  4.000000e+05  5.567000e-02  5.567000e-02  1.205240e+10  1.209057e+10  1.473708e+14  1.473708e+11  2.000000e+06
321  4.000000e+05  5.567000e-02  5.567000e-02  1.209057e+10  1.212786e+10  1.472044e+14  1.472044e+11  2.000000e+06
322  4.000000e+05  5.567000e-02  5.567000e-02  1.212786e+10  1.216428e+10  1.470421e+14  1.470421e+11  2.000000e+06
323  4.000000e+05  5.567000e-02  5.567000e-02  1.216428e+10  1.219981e+10  1.468840e+14  1.468840e+11  2.000000e+06
324  4.000000e+05  5.567000e-02  5.567000e-02  1.219981e+10  1.223446e+10  1.467299e+14  1.467299e+11  2.000000e+06
325  4.000000e+05  5.567000e-02  5.567000e-02  1.223446e+10  1.226822e+10  1.465799e+14  1.465799e+11  2.000000e+06
326  4.000000e+05  5.567000e-02  5.567000e-02  1.226822e+10  1.230110e+10  1.464341e+14  1.464341e+11  2.000000e+06
327  4.000000e+05  5.567000e-02  5.567000e-02  1.230110e+10  1.233308e+10  1.462923e+14  1.462923e+11  2.000000e+06
328  4.000000e+05  5.567000e-02  5.567000e-02  1.233308e+10  1.236417e+10  1.461546e+14  1.461546e+11  2.000000e+06
329  4.000000e+05  5.567000e-02  5.567000e-02  1.236417e+10  1.239437e+10  1.460210e+14  1.460210e+11  2.000000e+06
330  4.000000e+05  5.567000e-02  5.567000e-02  1.239437e+10  1.242366e+10  1.458915e+14  1.458915e+11  2.000000e+06
331  4.000000e+05  5.567000e-02  5.567000e-02  1.242366e+10  1.245206e+10  1.457661e+14  1.457661e+11  2.000000e+06
332  4.000000e+05  5.567000e-02  5.567000e-02  1.245206e+10  1.247956e+10  1.456447e+14  1.456447e+11  2.000000e+06
333  4.000000e+05  5.567000e-02  5.567000e-02  1.247956e+10  1.250615e+10  1.455275e+14  1.455275e+11  2.000000e+06
334  4.000000e+05  5.567000e-02  5.567000e-02  1.250615e+10  1.253184e+10  1.454143e+14  1.454143e+11  2.000000e+06
335  4.000000e+05  5.567000e-02  5.567000e-02  1.253184e+10  1.255661e+10  1.453052e+14  1.453052e+11  2.000000e+06
336  4.000000e+05  5.567000e-02  5.567000e-02  1.255661e+10  1.258048e+10  1.452002e+14  1.452002e+11  2.000000e+06
337  4.000000e+05  5.567000e-02  5.567000e-02  1.258048e+10  1.260344e+10  1.450993e+14  1.450993e+11  2.000000e+06
338  4.000000e+05  5.567000e-02  5.567000e-02  1.260344e+10  1.262548e+10  1.450025e+14  1.450025e+11  2.000000e+06
339  4.000000e+05  5.567000e-02  5.567000e-02  1.262548e+10  1.264661e+10  1.449097e+14  1.449097e+11  2.000000e+06
340  4.000000e+05  5.567000e-02  5.567000e-02  1.264661e+10  1.266683e+10  1.448210e+14  1.448210e+11  2.000000e+06
341  4.000000e+05  5.567000e-02  5.567000e-02  1.266683e+10  1.268612e+10  1.447364e+14  1.447364e+11  2.000000e+06
342  4.000000e+05  5.567000e-02  5.567000e-02  1.268612e+10  1.270450e+10  1.446558e+14  1.446558e+11  2.000000e+06
343  4.000000e+05  5.567000e-02  5.567000e-02  1.270450e+10  1.272196e+10  1.445794e+14  1.445794e+11  2.000000e+06
344  4.000000e+05  5.567000e-02  5.567000e-02  1.272196e+10  1.273849e+10  1.445070e+14  1.445070e+11  2.000000e+06
345  4.000000e+05  5.567000e-02  5.567000e-02  1.273849e+10  1.275411e+10  1.444387e+14  1.444387e+11  2.000000e+06
346  4.000000e+05  5.567000e-02  5.567000e-02  1.275411e+10  1.276880e+10  1.443744e+14  1.443744e+11  2.000000e+06
347  4.000000e+05  5.567000e-02  5.567000e-02  1.276880e+10  1.278256e+10  1.443143e+14  1.443143e+11  2.000000e+06
348  4.000000e+05  5.567000e-02  5.567000e-02  1.278256e+10  1.279540e+10  1.442582e+14  1.442582e+11  2.000000e+06
349  4.000000e+05  5.567000e-02  5.567000e-02  1.279540e+10  1.280731e+10  1.442061e+14  1.442061e+11  2.000000e+06
350  4.000000e+05  5.567000e-02  5.567000e-02  1.280731e+10  1.281829e+10  1.441582e+14  1.441582e+11  2.000000e+06
351  4.000000e+05  5.567000e-02  5.567000e-02  1.281829e+10  1.282835e+10  1.441143e+14  1.441143e+11  2.000000e+06
352  4.000000e+05  5.567000e-02  5.567000e-02  1.282835e+10  1.283748e+10  1.440744e+14  1.440744e+11  2.000000e+06
353  4.000000e+05  5.567000e-02  5.567000e-02  1.283748e+10  1.284567e+10  1.440387e+14  1.440387e+11  2.000000e+06
354  4.000000e+05  5.567000e-02  5.567000e-02  1.284567e+10  1.285294e+10  1.440070e+14  1.440070e+11  2.000000e+06
355  4.000000e+05  5.567000e-02  5.567000e-02  1.285294e+10  1.285927e+10  1.439794e+14  1.439794e+11  2.000000e+06
356  4.000000e+05  5.567000e-02  5.567000e-02  1.285927e+10  1.286468e+10  1.439558e+14  1.439558e+11  2.000000e+06
357  4.000000e+05  5.567000e-02  5.567000e-02  1.286468e+10  1.286915e+10  1.439363e+14  1.439363e+11  2.000000e+06
358  4.000000e+05  5.567000e-02  5.567000e-02  1.286915e+10  1.287269e+10  1.439209e+14  1.439209e+11  2.000000e+06
359  4.000000e+05  5.567000e-02  5.567000e-02  1.287269e+10  1.287529e+10  1.439095e+14  1.439095e+11  2.000000e+06
360  4.000000e+05  5.567000e-02  5.567000e-02  1.287529e+10  1.287697e+10  1.439022e+14  1.439022e+11  2.000000e+06
361  4.000000e+05  5.567000e-02  5.567000e-02  1.287697e+10  1.287771e+10  1.438990e+14  1.438990e+11  2.000000e+06
362  1.180889e+05  5.567000e-02  5.567000e-02  1.287771e+10  1.287775e+10  1.438986e+14  1.438986e+11  2.000000e+06
363  1.180889e+05  5.567000e-02  5.567000e-02  1.287775e+10  1.287771e+10  1.438986e+14  1.438986e+11  2.000000e+06
364  4.000000e+05  5.567000e-02  5.567000e-02  1.287771e+10  1.287697e+10  1.438990e+14  1.438990e+11  2.000000e+06
365  4.000000e+05  5.567000e-02  5.567000e-02  1.287697e+10  1.287529e+10  1.439022e+14  1.439022e+11  2.000000e+06
366  4.000000e+05  5.567000e-02  5.567000e-02  1.287529e+10  1.287269e+10  1.439095e+14  1.439095e+11  2.000000e+06
367  4.000000e+05  5.567000e-02  5.567000e-02  1.287269e+10  1.286915e+10  1.439209e+14  1.439209e+11  2.000000e+06
368  4.000000e+05  5.567000e-02  5.567000e-02  1.286915e+10  1.286468e+10  1.439363e+14  1.439363e+11  2.000000e+06
369  4.000000e+05  5.567000e-02  5.567000e-02  1.286468e+10  1.285927e+10  1.439558e+14  1.439558e+11  2.000000e+06
370  4.000000e+05  5.567000e-02  5.567000e-02  1.285927e+10  1.285294e+10  1.439794e+14  1.439794e+11  2.000000e+06
371  4.000000e+05  5.567000e-02  5.567000e-02  1.285294e+10  1.284567e+10  1.440070e+14  1.440070e+11  2.000000e+06
372  4.000000e+05  5.567000e-02  5.567000e-02  1.284567e+10  1.283748e+10  1.440387e+14  1.440387e+11  2.000000e+06
373  4.000000e+05  5.567000e-02  5.567000e-02  1.283748e+10  1.282835e+10  1.440744e+14  1.440744e+11  2.000000e+06
374  4.000000e+05  5.567000e-02  5.567000e-02  1.282835e+10  1.281829e+10  1.441143e+14  1.441143e+11  2.000000e+06
375  4.000000e+05  5.567000e-02  5.567000e-02  1.281829e+10  1.280731e+10  1.441582e+14  1.441582e+11  2.000000e+06
376  4.000000e+05  5.567000e-02  5.567000e-02  1.280731e+10  1.279540e+10  1.442061e+14  1.442061e+11  2.000000e+06
377  4.000000e+05  5.567000e-02  5.567000e-02  1.279540e+10  1.278256e+10  1.442582e+14  1.442582e+11  2.000000e+06
378  4.000000e+05  5.567000e-02  5.567000e-02  1.278256e+10  1.276880e+10  1.443143e+14  1.443143e+11  2.000000e+06
379  4.000000e+05  5.567000e-02  5.567000e-02  1.276880e+10  1.275411e+10  1.443744e+14  1.443744e+11  2.000000e+06
380  4.000000e+05  5.567000e-02  5.567000e-02  1.275411e+10  1.273849e+10  1.444387e+14  1.444387e+11  2.000000e+06
381  4.000000e+05  5.567000e-02  5.567000e-02  1.273849e+10  1.272196e+10  1.445070e+14  1.445070e+11  2.000000e+06
382  4.000000e+05  5.567000e-02  5.567000e-02  1.272196e+10  1.270450e+10  1.445794e+14  1.445794e+11  2.000000e+06
383  4.000000e+05  5.567000e-02  5.567000e-02  1.270450e+10  1.268612e+10  1.446558e+14  1.446558e+11  2.000000e+06
384  4.000000e+05  5.567000e-02  5.567000e-02  1.268612e+10  1.266683e+10  1.447364e+14  1.447364e+11  2.000000e+06
385  4.000000e+05  5.567000e-02  5.567000e-02  1.266683e+10  1.264661e+10  1.448210e+14  1.448210e+11  2.000000e+06
386  4.000000e+05  5.567000e-02  5.567000e-02  1.264661e+10  1.262548e+10  1.449097e+14  1.449097e+11  2.000000e+06
387  4.000000e+05  5.567000e-02  5.567000e-02  1.262548e+10  1.260344e+10  1.450025e+14  1.450025e+11  2.000000e+06
388  4.000000e+05  5.567000e-02  5.567000e-02  1.260344e+10  1.258048e+10  1.450993e+14  1.450993e+11  2.000000e+06
389  4.000000e+05  5.567000e-02  5.567000e-02  1.258048e+10  1.255661e+10  1.452002e+14  1.452002e+11  2.000000e+06
390  4.000000e+05  5.567000e-02  5.567000e-02  1.255661e+10  1.253184e+10  1.453052e+14  1.453052e+11  2.000000e+06
391  4.000000e+05  5.567000e-02  5.567000e-02  1.253184e+10  1.250615e+10  1.454143e+14  1.454143e+11  2.000000e+06
392  4.000000e+05  5.567000e-02  5.567000e-02  1.250615e+10  1.247956e+10  1.455275e+14  1.455275e+11  2.000000e+06
393  4.000000e+05  5.567000e-02  5.567000e-02  1.247956e+10  1.245206e+10  1.456447e+14  1.456447e+11  2.000000e+06
394  4.000000e+05  5.567000e-02  5.567000e-02  1.245206e+10  1.242366e+10  1.457661e+14  1.457661e+11  2.000000e+06
395  4.000000e+05  5.567000e-02  5.567000e-02  1.242366e+10  1.239437e+10  1.458915e+14  1.458915e+11  2.000000e+06
396  4.000000e+05  5.567000e-02  5.567000e-02  1.239437e+10  1.236417e+10  1.460210e+14  1.460210e+11  2.000000e+06
397  4.000000e+05  5.567000e-02  5.567000e-02  1.236417e+10  1.233308e+10  1.461546e+14  1.461546e+11  2.000000e+06
398  4.000000e+05  5.567000e-02  5.567000e-02  1.233308e+10  1.230110e+10  1.462923e+14  1.462923e+11  2.000000e+06
399  4.000000e+05  5.567000e-02  5.567000e-02  1.230110e+10  1.226822e+10  1.464341e+14  1.464341e+11  2.000000e+06
400  4.000000e+05  5.567000e-02  5.567000e-02  1.226822e+10  1.223446e+10  1.465799e+14  1.465799e+11  2.000000e+06
401  4.000000e+05  5.567000e-02  5.567000e-02  1.223446e+10  1.219981e+10  1.467299e+14  1.467299e+11  2.000000e+06
402  4.000000e+05  5.567000e-02  5.567000e-02  1.219981e+10  1.216428e+10  1.468840e+14  1.468840e+11  2.000000e+06
403  4.000000e+05  5.567000e-02  5.567000e-02  1.216428e+10  1.212786e+10  1.470421e+14  1.470421e+11  2.000000e+06
404  4.000000e+05  5.567000e-02  5.567000e-02  1.212786e+10  1.209057e+10  1.472044e+14  1.472044e+11  2.000000e+06
405  4.000000e+05  5.567000e-02  5.567000e-02  1.209057e+10  1.205240e+10  1.473708e+14  1.473708e+11  2.000000e+06
406  4.000000e+05  5.567000e-02  5.567000e-02  1.205240e+10  1.201336e+10  1.475412e+14  1.475412e+11  2.000000e+06
407  4.000000e+05  5.567000e-02  5.567000e-02  1.201336e+10  1.197345e+10  1.477158e+14  1.477158e+11  2.000000e+06
408  4.000000e+05  5.567000e-02  5.567000e-02  1.197345e+10  1.193267e+10  1.478945e+14  1.478945e+11  2.000000e+06
409  4.000000e+05  5.567000e-02  5.567000e-02  1.193267e+10  1.189102e+10  1.480772e+14  1.480772e+11  2.000000e+06
410  4.000000e+05  5.567000e-02  5.567000e-02  1.189102e+10  1.184852e+10  1.482641e+14  1.482641e+11  2.000000e+06
411  4.000000e+05  5.567000e-02  5.567000e-02  1.184852e+10  1.180515e+10  1.484551e+14  1.484551e+11  2.000000e+06
412  4.000000e+05  5.567000e-02  5.567000e-02  1.180515e+10  1.176094e+10  1.486502e+14  1.486502e+11  2.000000e+06
413  4.000000e+05  5.567000e-02  5.567000e-02  1.176094e+10  1.171587e+10  1.488494e+14  1.488494e+11  2.000000e+06
414  4.000000e+05  5.567000e-02  5.567000e-02  1.171587e+10  1.166995e+10  1.490527e+14  1.490527e+11  2.000000e+06
415  4.000000e+05  5.567000e-02  5.567000e-02  1.166995e+10  1.162318e+10  1.492602e+14  1.492602e+11  2.000000e+06
416  4.000000e+05  5.567000e-02  5.567000e-02  1.162318e+10  1.157558e+10  1.494717e+14  1.494717e+11  2.000000e+06
417  4.000000e+05  5.567000e-02  5.567000e-02  1.157558e+10  1.152713e+10  1.496874e+14  1.496874e+11  2.000000e+06
418  4.000000e+05  5.567000e-02  5.567000e-02  1.152713e+10  1.147785e+10  1.499072e+14  1.499072e+11  2.000000e+06
419  4.000000e+05  5.567000e-02  5.567000e-02  1.147785e+10  1.142774e+10  1.501311e+14  1.501311e+11  2.000000e+06
420  4.000000e+05  5.567000e-02  5.567000e-02  1.142774e+10  1.137680e+10  1.503591e+14  1.503591e+11  2.000000e+06
421  4.000000e+05  5.567000e-02  5.567000e-02  1.137680e+10  1.132504e+10  1.505913e+14  1.505913e+11  2.000000e+06
422  4.000000e+05  5.567000e-02  5.567000e-02  1.132504e+10  1.127246e+10  1.508275e+14  1.508275e+11  2.000000e+06
423  4.000000e+05  5.567000e-02  5.567000e-02  1.127246e+10  1.121906e+10  1.510679e+14  1.510679e+11  2.000000e+06
424  4.000000e+05  5.567000e-02  5.567000e-02  1.121906e+10  1.116485e+10  1.513125e+14  1.513125e+11  2.000000e+06
425  4.000000e+05  5.567000e-02  5.567000e-02  1.116485e+10  1.110983e+10  1.515611e+14  1.515611e+11  2.000000e+06
426  4.000000e+05  5.567000e-02  5.567000e-02  1.110983e+10  1.105400e+10  1.518139e+14  1.518139e+11  2.000000e+06
427  4.000000e+05  5.567000e-02  5.567000e-02  1.105400e+10  1.099738e+10  1.520708e+14  1.520708e+11  2.000000e+06
428  4.000000e+05  5.567000e-02  5.567000e-02  1.099738e+10  1.093995e+10  1.523318e+14  1.523318e+11  2.000000e+06
429  4.000000e+05  5.567000e-02  5.567000e-02  1.093995e+10  1.088174e+10  1.525970e+14  1.525970e+11  2.000000e+06
430  4.000000e+05  5.567000e-02  5.567000e-02  1.088174e+10  1.082273e+10  1.528663e+14  1.528663e+11  2.000000e+06
431  4.000000e+05  5.567000e-02  5.567000e-02  1.082273e+10  1.076295e+10  1.531397e+14  1.531397e+11  2.000000e+06
432  4.000000e+05  5.567000e-02  5.567000e-02  1.076295e+10  1.070238e+10  1.534172e+14  1.534172e+11  2.000000e+06
433  4.000000e+05  5.567000e-02  5.567000e-02  1.070238e+10  1.064104e+10  1.536989e+14  1.536989e+11  2.000000e+06
434  4.000000e+05  5.567000e-02  5.567000e-02  1.064104e+10  1.057893e+10  1.539847e+14  1.539847e+11  2.000000e+06
435  4.000000e+05  5.567000e-02  5.567000e-02  1.057893e+10  1.051605e+10  1.542747e+14  1.542747e+11  2.000000e+06
436  4.000000e+05  5.567000e-02  5.567000e-02  1.051605e+10  1.045241e+10  1.545688e+14  1.545688e+11  2.000000e+06
437  4.000000e+05  5.567000e-02  5.567000e-02  1.045241e+10  1.038801e+10  1.548670e+14  1.548670e+11  2.000000e+06
438  4.000000e+05  5.567000e-02  5.567000e-02  1.038801e+10  1.032286e+10  1.551693e+14  1.551693e+11  2.000000e+06
439  4.000000e+05  5.567000e-02  5.567000e-02  1.032286e+10  1.025696e+10  1.554758e+14  1.554758e+11  2.000000e+06
440  4.000000e+05  5.567000e-02  5.567000e-02  1.025696e+10  1.019032e+10  1.557864e+14  1.557864e+11  2.000000e+06
441  4.000000e+05  5.567000e-02  5.567000e-02  1.019032e+10  1.012294e+10  1.561012e+14  1.561012e+11  2.000000e+06
442  4.000000e+05  5.567000e-02  5.567000e-02  1.012294e+10  1.005483e+10  1.564201e+14  1.564201e+11  2.000000e+06
443  4.000000e+05  5.567000e-02  5.567000e-02  1.005483e+10  9.985987e+09  1.567431e+14  1.567431e+11  2.000000e+06
444  4.000000e+05  5.567000e-02  5.567000e-02  9.985987e+09  9.916423e+09  1.570702e+14  1.570702e+11  2.000000e+06
445  4.000000e+05  5.567000e-02  5.567000e-02  9.916423e+09  9.846141e+09  1.574015e+14  1.574015e+11  2.000000e+06
446  4.000000e+05  5.567000e-02  5.567000e-02  9.846141e+09  9.775146e+09  1.577369e+14  1.577369e+11  2.000000e+06
447  4.000000e+05  5.567000e-02  5.567000e-02  9.775146e+09  9.703442e+09  1.580764e+14  1.580764e+11  2.000000e+06
448  4.000000e+05  5.567000e-02  5.567000e-02  9.703442e+09  9.631036e+09  1.584201e+14  1.584201e+11  2.000000e+06
449  4.000000e+05  5.567000e-02  5.567000e-02  9.631036e+09  9.557932e+09  1.587679e+14  1.587679e+11  2.000000e+06
450  4.000000e+05  5.567000e-02  5.567000e-02  9.557932e+09  9.484136e+09  1.591198e+14  1.591198e+11  2.000000e+06
451  4.000000e+05  5.567000e-02  5.567000e-02  9.484136e+09  9.409653e+09  1.594759e+14  1.594759e+11  2.000000e+06
452  4.000000e+05  5.567000e-02  5.567000e-02  9.409653e+09  9.334488e+09  1.598360e+14  1.598360e+11  2.000000e+06
453  4.000000e+05  5.567000e-02  5.567000e-02  9.334488e+09  9.258647e+09  1.602003e+14  1.602003e+11  2.000000e+06
454  4.000000e+05  5.567000e-02  5.567000e-02  9.258647e+09  9.182136e+09  1.605687e+14  1.605687e+11  2.000000e+06
455  4.000000e+05  5.567000e-02  5.567000e-02  9.182136e+09  9.104959e+09  1.609412e+14  1.609412e+11  2.000000e+06
456  4.000000e+05  5.567000e-02  5.567000e-02  9.104959e+09  9.027123e+09  1.613179e+14  1.613179e+11  2.000000e+06
457  4.000000e+05  5.567000e-02  5.567000e-02  9.027123e+09  8.948633e+09  1.616986e+14  1.616986e+11  2.000000e+06
458  4.000000e+05  5.567000e-02  5.567000e-02  8.948633e+09  8.869495e+09  1.620834e+14  1.620834e+11  2.000000e+06
459  4.000000e+05  5.567000e-02  5.567000e-02  8.869495e+09  8.789714e+09  1.624724e+14  1.624724e+11  2.000000e+06
460  4.000000e+05  5.567000e-02  5.567000e-02  8.789714e+09  8.709297e+09  1.628655e+14  1.628655e+11  2.000000e+06
461  4.000000e+05  5.567000e-02  5.567000e-02  8.709297e+09  8.628249e+09  1.632626e+14  1.632626e+11  2.000000e+06
462  4.000000e+05  5.567000e-02  5.567000e-02  8.628249e+09  8.546576e+09  1.636639e+14  1.636639e+11  2.000000e+06
463  4.000000e+05  5.567000e-02  5.567000e-02  8.546576e+09  8.464284e+09  1.640692e+14  1.640692e+11  2.000000e+06
464  4.000000e+05  5.567000e-02  5.567000e-02  8.464284e+09  8.381378e+09  1.644787e+14  1.644787e+11  2.000000e+06
465  4.000000e+05  5.567000e-02  5.567000e-02  8.381378e+09  8.297866e+09  1.648922e+14  1.648922e+11  2.000000e+06
466  4.000000e+05  5.567000e-02  5.567000e-02  8.297866e+09  8.213753e+09  1.653098e+14  1.653098e+11  2.000000e+06
467  4.000000e+05  5.567000e-02  5.567000e-02  8.213753e+09  8.129044e+09  1.657314e+14  1.657314e+11  2.000000e+06
468  4.000000e+05  5.567000e-02  5.567000e-02  8.129044e+09  8.043747e+09  1.661572e+14  1.661572e+11  2.000000e+06
469  4.000000e+05  5.567000e-02  5.567000e-02  8.043747e+09  7.957867e+09  1.665870e+14  1.665870e+11  2.000000e+06
470  4.000000e+05  5.567000e-02  5.567000e-02  7.957867e+09  7.871411e+09  1.670208e+14  1.670208e+11  2.000000e+06
471  4.000000e+05  5.567000e-02  5.567000e-02  7.871411e+09  7.784385e+09  1.674588e+14  1.674588e+11  2.000000e+06
472  4.000000e+05  5.567000e-02  5.567000e-02  7.784385e+09  7.696795e+09  1.679007e+14  1.679007e+11  2.000000e+06
473  4.000000e+05  5.567000e-02  5.567000e-02  7.696795e+09  7.608647e+09  1.683467e+14  1.683467e+11  2.000000e+06
474  4.000000e+05  5.567000e-02  5.567000e-02  7.608647e+09  7.519948e+09  1.687968e+14  1.687968e+11  2.000000e+06
475  4.000000e+05  5.567000e-02  5.567000e-02  7.519948e+09  7.430705e+09  1.692508e+14  1.692508e+11  2.000000e+06
476  4.000000e+05  5.567000e-02  5.567000e-02  7.430705e+09  7.340923e+09  1.697089e+14  1.697089e+11  2.000000e+06
477  4.000000e+05  5.567000e-02  5.567000e-02  7.340923e+09  7.250610e+09  1.701710e+14  1.701710e+11  2.000000e+06
478  4.000000e+05  5.567000e-02  5.567000e-02  7.250610e+09  7.159771e+09  1.706371e+14  1.706371e+11  2.000000e+06
479  4.000000e+05  5.567000e-02  5.567000e-02  7.159771e+09  7.068414e+09  1.711072e+14  1.711072e+11  2.000000e+06
480  4.000000e+05  5.567000e-02  5.567000e-02  7.068414e+09  6.976544e+09  1.715813e+14  1.715813e+11  2.000000e+06
481  4.000000e+05  5.567000e-02  5.567000e-02  6.976544e+09  6.884170e+09  1.720594e+14  1.720594e+11  2.000000e+06
482  4.000000e+05  5.567000e-02  5.567000e-02  6.884170e+09  6.791297e+09  1.725415e+14  1.725415e+11  2.000000e+06
483  4.000000e+05  5.567000e-02  5.567000e-02  6.791297e+09  6.697931e+09  1.730275e+14  1.730275e+11  2.000000e+06
484  4.000000e+05  5.567000e-02  5.567000e-02  6.697931e+09  6.604081e+09  1.735175e+14  1.735175e+11  2.000000e+06
485  4.000000e+05  5.567000e-02  5.567000e-02  6.604081e+09  6.509753e+09  1.740114e+14  1.740114e+11  2.000000e+06
486  4.000000e+05  5.567000e-02  5.567000e-02  6.509753e+09  6.414952e+09  1.745092e+14  1.745092e+11  2.000000e+06
487  4.000000e+05  5.567000e-02  5.567000e-02  6.414952e+09  6.319688e+09  1.750110e+14  1.750110e+11  2.000000e+06
488  4.000000e+05  5.567000e-02  5.567000e-02  6.319688e+09  6.223965e+09  1.755167e+14  1.755167e+11  2.000000e+06
489  4.000000e+05  5.567000e-02  5.567000e-02  6.223965e+09  6.127792e+09  1.760263e+14  1.760263e+11  2.000000e+06
490  4.000000e+05  5.567000e-02  5.567000e-02  6.127792e+09  6.031174e+09  1.765397e+14  1.765397e+11  2.000000e+06
491  4.000000e+05  5.567000e-02  5.567000e-02  6.031174e+09  5.934120e+09  1.770571e+14  1.770571e+11  2.000000e+06
492  4.000000e+05  5.567000e-02  5.567000e-02  5.934120e+09  5.836636e+09  1.775783e+14  1.775783e+11  2.000000e+06
493  4.000000e+05  5.567000e-02  5.567000e-02  5.836636e+09  5.738729e+09  1.781034e+14  1.781034e+11  2.000000e+06
494  4.000000e+05  5.567000e-02  5.567000e-02  5.738729e+09  5.640407e+09  1.786323e+14  1.786323e+11  2.000000e+06
495  4.000000e+05  5.567000e-02  5.567000e-02  5.640407e+09  5.541676e+09  1.791650e+14  1.791650e+11  2.000000e+06
496  4.000000e+05  5.567000e-02  5.567000e-02  5.541676e+09  5.442544e+09  1.797016e+14  1.797016e+11  2.000000e+06
497  4.000000e+05  5.567000e-02  5.567000e-02  5.442544e+09  5.343017e+09  1.802420e+14  1.802420e+11  2.000000e+06
498  4.000000e+05  5.567000e-02  5.567000e-02  5.343017e+09  5.243104e+09  1.807861e+14  1.807861e+11  2.000000e+06
499  4.000000e+05  5.567000e-02  5.567000e-02  5.243104e+09  5.142810e+09  1.813340e+14  1.813340e+11  2.000000e+06
500  4.000000e+05  5.567000e-02  5.567000e-02  5.142810e+09  5.042144e+09  1.818856e+14  1.818856e+11  2.000000e+06
501  4.000000e+05  5.567000e-02  5.567000e-02  5.042144e+09  4.941113e+09  1.824410e+14  1.824410e+11  2.000000e+06
502  4.000000e+05  5.567000e-02  5.567000e-02  4.941113e+09  4.839724e+09  1.830001e+14  1.830001e+11  2.000000e+06
503  4.000000e+05  5.567000e-02  5.567000e-02  4.839724e+09  4.737985e+09  1.835630e+14  1.835630e+11  2.000000e+06
504  4.000000e+05  5.567000e-02  5.567000e-02  4.737985e+09  4.635902e+09  1.841295e+14  1.841295e+11  2.000000e+06
505  4.000000e+05  5.567000e-02  5.567000e-02  4.635902e+09  4.533484e+09  1.846996e+14  1.846996e+11  2.000000e+06
506  4.000000e+05  5.567000e-02  5.567000e-02  4.533484e+09  4.430737e+09  1.852734e+14  1.852734e+11  2.000000e+06
507  4.000000e+05  5.567000e-02  5.567000e-02  4.430737e+09  4.327669e+09  1.858509e+14  1.858509e+11  2.000000e+06
508  4.000000e+05  5.567000e-02  5.567000e-02  4.327669e+09  4.224288e+09  1.864320e+14  1.864320e+11  2.000000e+06
509  4.000000e+05  5.567000e-02  5.567000e-02  4.224288e+09  4.120600e+09  1.870166e+14  1.870166e+11  2.000000e+06
510  4.000000e+05  5.567000e-02  5.567000e-02  4.120600e+09  4.016615e+09  1.876048e+14  1.876048e+11  2.000000e+06
511  4.000000e+05  5.567000e-02  5.567000e-02  4.016615e+09  3.912338e+09  1.881966e+14  1.881966e+11  2.000000e+06
512  4.000000e+05  5.567000e-02  5.567000e-02  3.912338e+09  3.807778e+09  1.887919e+14  1.887919e+11  2.000000e+06
513  4.000000e+05  5.567000e-02  5.567000e-02  3.807778e+09  3.702942e+09  1.893907e+14  1.893907e+11  2.000000e+06
514  4.000000e+05  5.567000e-02  5.567000e-02  3.702942e+09  3.597838e+09  1.899930e+14  1.899930e+11  2.000000e+06
515  4.000000e+05  5.567000e-02  5.567000e-02  3.597838e+09  3.492473e+09  1.905988e+14  1.905988e+11  2.000000e+06
516  4.000000e+05  5.567000e-02  5.567000e-02  3.492473e+09  3.386855e+09  1.912080e+14  1.912080e+11  2.000000e+06
517  4.000000e+05  5.567000e-02  5.567000e-02  3.386855e+09  3.280992e+09  1.918206e+14  1.918206e+11  2.000000e+06
518  4.000000e+05  5.567000e-02  5.567000e-02  3.280992e+09  3.174892e+09  1.924366e+14  1.924366e+11  2.000000e+06
519  4.000000e+05  5.567000e-02  5.567000e-02  3.174892e+09  3.068561e+09  1.930560e+14  1.930560e+11  2.000000e+06
520  4.000000e+05  5.567000e-02  5.567000e-02  3.068561e+09  2.962008e+09  1.936788e+14  1.936788e+11  2.000000e+06
521  4.000000e+05  5.567000e-02  5.567000e-02  2.962008e+09  2.855241e+09  1.943048e+14  1.943048e+11  2.000000e+06
522  4.000000e+05  5.567000e-02  5.567000e-02  2.855241e+09  2.748267e+09  1.949341e+14  1.949341e+11  2.000000e+06
523  4.000000e+05  5.567000e-02  5.567000e-02  2.748267e+09  2.641093e+09  1.955667e+14  1.955667e+11  2.000000e+06
524  4.000000e+05  5.567000e-02  5.567000e-02  2.641093e+09  2.533729e+09  1.962026e+14  1.962026e+11  2.000000e+06
525  4.000000e+05  5.567000e-02  5.567000e-02  2.533729e+09  2.426181e+09  1.968416e+14  1.968416e+11  2.000000e+06
526  4.000000e+05  5.567000e-02  5.567000e-02  2.426181e+09  2.318457e+09  1.974838e+14  1.974838e+11  2.000000e+06
527  4.000000e+05  5.567000e-02  5.567000e-02  2.318457e+09  2.210565e+09  1.981292e+14  1.981292e+11  2.000000e+06
528  3.846365e+05  5.567000e-02  5.567000e-02  2.210565e+09  2.106666e+09  1.987652e+14  1.987652e+11  2.000000e+06
529  3.628646e+05  5.567000e-02  5.567000e-02  2.106666e+09  2.008519e+09  1.993739e+14  1.993739e+11  2.000000e+06
530  3.423251e+05  5.567000e-02  5.567000e-02  2.008519e+09  1.915817e+09  1.999506e+14  1.999506e+11  2.000000e+06
531  3.229482e+05  5.567000e-02  5.567000e-02  1.915817e+09  1.828269e+09  2.004969e+14  2.004969e+11  2.000000e+06
532  3.046681e+05  5.567000e-02  5.567000e-02  1.828269e+09  1.745598e+09  2.010141e+14  2.010141e+11  2.000000e+06
533  2.874227e+05  5.567000e-02  5.567000e-02  1.745598e+09  1.667539e+09  2.015038e+14  2.015038e+11  2.000000e+06
534  2.711535e+05  5.567000e-02  5.567000e-02  1.667539e+09  1.593841e+09  2.019672e+14  2.019672e+11  2.000000e+06
535  2.558052e+05  5.567000e-02  5.567000e-02  1.593841e+09  1.524266e+09  2.024057e+14  2.024057e+11  2.000000e+06
536  2.413257e+05  5.567000e-02  5.567000e-02  1.524266e+09  1.458588e+09  2.028206e+14  2.028206e+11  2.000000e+06
537  2.276657e+05  5.567000e-02  5.567000e-02  1.458588e+09  1.396592e+09  2.032130e+14  2.032130e+11  2.000000e+06
538  2.147790e+05  5.567000e-02  5.567000e-02  1.396592e+09  1.338075e+09  2.035841e+14  2.035841e+11  2.000000e+06
539  2.026217e+05  5.567000e-02  5.567000e-02  1.338075e+09  1.282845e+09  2.039350e+14  2.039350e+11  2.000000e+06
540  1.911525e+05  5.567000e-02  5.567000e-02  1.282845e+09  1.230719e+09  2.042668e+14  2.042668e+11  2.000000e+06
541  1.803326e+05  5.567000e-02  5.567000e-02  1.230719e+09  1.181526e+09  2.045804e+14  2.045804e+11  2.000000e+06
542  1.701251e+05  5.567000e-02  5.567000e-02  1.181526e+09  1.135100e+09  2.048768e+14  2.048768e+11  2.000000e+06
543  1.604954e+05  5.567000e-02  5.567000e-02  1.135100e+09  1.091289e+09  2.051569e+14  2.051569e+11  2.000000e+06
544  1.514107e+05  5.567000e-02  5.567000e-02  1.091289e+09  1.049946e+09  2.054216e+14  2.054216e+11  2.000000e+06
545  1.428403e+05  5.567000e-02  5.567000e-02  1.049946e+09  1.010933e+09  2.056716e+14  2.056716e+11  2.000000e+06
546  1.347550e+05  5.567000e-02  5.567000e-02  1.010933e+09  9.741205e+08  2.059079e+14  2.059079e+11  2.000000e+06
547  1.271274e+05  5.567000e-02  5.567000e-02  9.741205e+08  9.393838e+08  2.061311e+14  2.061311e+11  2.000000e+06
548  1.199315e+05  5.567000e-02  5.567000e-02  9.393838e+08  9.066071e+08  2.063420e+14  2.063420e+11  2.000000e+06
549  1.131429e+05  5.567000e-02  5.567000e-02  9.066071e+08  8.756803e+08  2.065411e+14  2.065411e+11  2.000000e+06
550  1.067386e+05  5.567000e-02  5.567000e-02  8.756803e+08  8.464994e+08  2.067292e+14  2.067292e+11  2.000000e+06
551  1.006968e+05  5.567000e-02  5.567000e-02  8.464994e+08  8.189662e+08  2.069068e+14  2.069068e+11  2.000000e+06
552  9.499696e+04  5.567000e-02  5.567000e-02  8.189662e+08  7.929881e+08  2.070745e+14  2.070745e+11  2.000000e+06
553  8.961977e+04  5.567000e-02  5.567000e-02  7.929881e+08  7.684775e+08  2.072329e+14  2.072329e+11  2.000000e+06
554  8.454695e+04  5.567000e-02  5.567000e-02  7.684775e+08  7.453516e+08  2.073824e+14  2.073824e+11  2.000000e+06
555  7.976128e+04  5.567000e-02  5.567000e-02  7.453516e+08  7.235326e+08  2.075236e+14  2.075236e+11  2.000000e+06
556  7.524649e+04  5.567000e-02  5.567000e-02  7.235326e+08  7.029467e+08  2.076569e+14  2.076569e+11  2.000000e+06
557  7.098725e+04  5.567000e-02  5.567000e-02  7.029467e+08  6.835244e+08  2.077827e+14  2.077827e+11  2.000000e+06
558  6.696911e+04  5.567000e-02  5.567000e-02  6.835244e+08  6.652001e+08  2.079015e+14  2.079015e+11  2.000000e+06
559  6.317840e+04  5.567000e-02  5.567000e-02  6.652001e+08  6.479117e+08  2.080137e+14  2.080137e+11  2.000000e+06
560  5.960227e+04  5.567000e-02  5.567000e-02  6.479117e+08  6.316009e+08  2.081196e+14  2.081196e+11  2.000000e+06
561  5.622855e+04  5.567000e-02  5.567000e-02  6.316009e+08  6.162123e+08  2.082195e+14  2.082195e+11  2.000000e+06
562  5.304581e+04  5.567000e-02  5.567000e-02  6.162123e+08  6.016940e+08  2.083138e+14  2.083138e+11  2.000000e+06
563  5.004321e+04  5.567000e-02  5.567000e-02  6.016940e+08  5.879968e+08  2.084028e+14  2.084028e+11  2.000000e+06
564  4.721058e+04  5.567000e-02  5.567000e-02  5.879968e+08  5.750743e+08  2.084868e+14  2.084868e+11  2.000000e+06
565  4.453828e+04  5.567000e-02  5.567000e-02  5.750743e+08  5.628828e+08  2.085662e+14  2.085662e+11  2.000000e+06
566  4.201725e+04  5.567000e-02  5.567000e-02  5.628828e+08  5.513808e+08  2.086410e+14  2.086410e+11  2.000000e+06
567  3.963891e+04  5.567000e-02  5.567000e-02  5.513808e+08  5.405295e+08  2.087116e+14  2.087116e+11  2.000000e+06
568  3.739520e+04  5.567000e-02  5.567000e-02  5.405295e+08  5.302921e+08  2.087783e+14  2.087783e+11  2.000000e+06
569  3.527849e+04  5.567000e-02  5.567000e-02  5.302921e+08  5.206338e+08  2.088412e+14  2.088412e+11  2.000000e+06
570  3.328159e+04  5.567000e-02  5.567000e-02  5.206338e+08  5.115220e+08  2.089006e+14  2.089006e+11  2.000000e+06
571  3.139773e+04  5.567000e-02  5.567000e-02  5.115220e+08  5.029257e+08  2.089566e+14  2.089566e+11  2.000000e+06
572  2.962050e+04  5.567000e-02  5.567000e-02  5.029257e+08  4.948158e+08  2.090095e+14  2.090095e+11  2.000000e+06
573  2.794387e+04  5.567000e-02  5.567000e-02  4.948158e+08  4.871647e+08  2.090594e+14  2.090594e+11  2.000000e+06
574  2.636214e+04  5.567000e-02  5.567000e-02  4.871647e+08  4.799466e+08  2.091064e+14  2.091064e+11  2.000000e+06
575  2.486994e+04  5.567000e-02  5.567000e-02  4.799466e+08  4.731369e+08  2.091509e+14  2.091509e+11  2.000000e+06
576  2.346221e+04  5.567000e-02  5.567000e-02  4.731369e+08  4.667125e+08  2.091928e+14  2.091928e+11  2.000000e+06
577  2.213416e+04  5.567000e-02  5.567000e-02  4.667125e+08  4.606517e+08  2.092323e+14  2.092323e+11  2.000000e+06
578  2.088128e+04  5.567000e-02  5.567000e-02  4.606517e+08  4.549339e+08  2.092697e+14  2.092697e+11  2.000000e+06
579  1.969932e+04  5.567000e-02  5.567000e-02  4.549339e+08  4.495396e+08  2.093049e+14  2.093049e+11  2.000000e+06
580  1.858427e+04  5.567000e-02  5.567000e-02  4.495396e+08  4.444505e+08  2.093381e+14  2.093381e+11  2.000000e+06
581  1.753233e+04  5.567000e-02  5.567000e-02  4.444505e+08  4.396495e+08  2.093695e+14  2.093695e+11  2.000000e+06
582  1.653993e+04  5.567000e-02  5.567000e-02  4.396495e+08  4.351202e+08  2.093991e+14  2.093991e+11  2.000000e+06
583  1.560371e+04  5.567000e-02  5.567000e-02  4.351202e+08  4.308472e+08  2.094270e+14  2.094270e+11  2.000000e+06
584  1.472048e+04  5.567000e-02  5.567000e-02  4.308472e+08  4.268160e+08  2.094533e+14  2.094533e+11  2.000000e+06
585  1.388725e+04  5.567000e-02  5.567000e-02  4.268160e+08  4.230130e+08  2.094782e+14  2.094782e+11  2.000000e+06
586  1.310118e+04  5.567000e-02  5.567000e-02  4.230130e+08  4.194252e+08  2.095016e+14  2.095016e+11  2.000000e+06
587  1.235960e+04  5.567000e-02  5.567000e-02  4.194252e+08  4.160404e+08  2.095237e+14  2.095237e+11  2.000000e+06
588  1.166000e+04  5.567000e-02  5.567000e-02  4.160404e+08  4.128472e+08  2.095446e+14  2.095446e+11  2.000000e+06
589  1.100000e+04  5.567000e-02  5.567000e-02  4.128472e+08  4.098348e+08  2.095643e+14  2.095643e+11  2.000000e+06
590  1.100000e+04  5.567000e-02  5.567000e-02  4.098348e+08  4.068223e+08  2.095834e+14  2.095834e+11  2.000000e+06
591  1.100000e+04  5.567000e-02  5.567000e-02  4.068223e+08  4.038098e+08  2.096025e+14  2.096025e+11  2.000000e+06
592  1.100000e+04  5.567000e-02  5.567000e-02  4.038098e+08  4.007973e+08  2.096217e+14  2.096217e+11  2.000000e+06
593  1.100000e+04  5.567000e-02  5.567000e-02  4.007973e+08  3.977847e+08  2.096408e+14  2.096408e+11  2.000000e+06
594  1.100000e+04  5.567000e-02  5.567000e-02  3.977847e+08  3.947721e+08  2.096599e+14  2.096599e+11  2.000000e+06
595  1.100000e+04  5.567000e-02  5.567000e-02  3.947721e+08  3.917595e+08  2.096790e+14  2.096790e+11  2.000000e+06
596  1.100000e+04  5.567000e-02  5.567000e-02  3.917595e+08  3.887469e+08  2.096982e+14  2.096982e+11  2.000000e+06
597  1.100000e+04  5.567000e-02  5.567000e-02  3.887469e+08  3.857343e+08  2.097173e+14  2.097173e+11  2.000000e+06
598  1.100000e+04  5.567000e-02  5.567000e-02  3.857343e+08  3.827216e+08  2.097364e+14  2.097364e+11  2.000000e+06
599  1.100000e+04  5.567000e-02  5.567000e-02  3.827216e+08  3.797090e+08  2.097556e+14  2.097556e+11  2.000000e+06
600  1.100000e+04  5.567000e-02  5.567000e-02  3.797090e+08  3.766963e+08  2.098795e+14  2.098795e+11  1.999002e+06
601  1.100000e+04  5.567000e-02  5.567000e-02  3.766963e+08  3.736835e+08  2.106951e+14  2.106951e+11  1.991446e+06
602  1.100000e+04  5.567000e-02  5.567000e-02  3.736835e+08  3.706708e+08  2.123050e+14  2.123050e+11  1.976525e+06
603  1.100000e+04  5.567000e-02  5.567000e-02  3.706708e+08  3.676580e+08  2.147337e+14  2.147337e+11  1.954351e+06
604  1.100000e+04  5.567000e-02  5.567000e-02  3.676580e+08  3.646453e+08  2.180181e+14  2.180181e+11  1.925089e+06
605  1.100000e+04  5.567000e-02  5.567000e-02  3.646453e+08  3.616325e+08  2.222094e+14  2.222094e+11  1.888956e+06
606  1.100000e+04  5.567000e-02  5.567000e-02  3.616325e+08  3.586196e+08  2.273747e+14  2.273747e+11  1.846223e+06
607  1.100000e+04  5.567000e-02  5.567000e-02  3.586196e+08  3.556068e+08  2.335991e+14  2.335991e+11  1.797207e+06
608  1.100000e+04  5.567000e-02  5.567000e-02  3.556068e+08  3.525939e+08  2.409890e+14  2.409890e+11  1.742273e+06
609  1.100000e+04  5.567000e-02  5.567000e-02  3.525939e+08  3.495811e+08  2.496758e+14  2.496758e+11  1.681831e+06
610  1.100000e+04  5.567000e-02  5.567000e-02  3.495811e+08  3.465682e+08  2.598217e+14  2.598217e+11  1.616332e+06
611  1.100000e+04  5.567000e-02  5.567000e-02  3.465682e+08  3.435552e+08  2.716262e+14  2.716262e+11  1.546263e+06
612  1.100000e+04  5.567000e-02  5.567000e-02  3.435552e+08  3.405423e+08  2.853351e+14  2.853351e+11  1.472147e+06
613  1.100000e+04  5.567000e-02  5.567000e-02  3.405423e+08  3.375293e+08  3.012525e+14  3.012525e+11  1.394535e+06
614  1.100000e+04  5.567000e-02  5.567000e-02  3.375293e+08  3.345164e+08  3.197563e+14  3.197563e+11  1.314008e+06
615  1.100000e+04  5.567000e-02  5.567000e-02  3.345164e+08  3.315034e+08  3.413199e+14  3.413199e+11  1.231163e+06
616  1.100000e+04  5.567000e-02  5.567000e-02  3.315034e+08  3.284904e+08  3.665405e+14  3.665405e+11  1.146621e+06
617  1.100000e+04  5.567000e-02  5.567000e-02  3.284904e+08  3.254773e+08  3.961793e+14  3.961793e+11  1.061009e+06
618  1.100000e+04  5.567000e-02  5.567000e-02  3.254773e+08  3.224643e+08  4.312167e+14  4.312167e+11  9.749671e+05
619  1.100000e+04  5.567000e-02  5.567000e-02  3.224643e+08  3.194512e+08  4.729319e+14  4.729319e+11  8.891361e+05
620  1.100000e+04  5.567000e-02  5.567000e-02  3.194512e+08  3.164381e+08  5.230168e+14  5.230168e+11  8.041560e+05
621  1.100000e+04  5.567000e-02  5.567000e-02  3.164381e+08  3.134250e+08  5.837461e+14  5.837461e+11  7.206602e+05
622  1.100000e+04  5.567000e-02  5.567000e-02  3.134250e+08  3.104119e+08  6.582326e+14  6.582326e+11  6.392713e+05
623  1.100000e+04  5.567000e-02  5.567000e-02  3.104119e+08  3.073988e+08  7.508248e+14  7.508248e+11  5.605959e+05
624  1.100000e+04  5.567000e-02  5.567000e-02  3.073988e+08  3.043857e+08  8.677418e+14  8.677418e+11  4.852208e+05
625  1.100000e+04  5.567000e-02  5.567000e-02  3.043857e+08  3.013725e+08  1.018121e+15  1.018121e+12  4.137078e+05
626  1.100000e+04  5.567000e-02  5.567000e-02  3.013725e+08  2.983593e+08  1.215818e+15  1.215818e+12  3.465902e+05
627  1.100000e+04  5.567000e-02  5.567000e-02  2.983593e+08  2.953461e+08  1.482628e+15  1.482628e+12  2.843684e+05
628  1.100000e+04  5.567000e-02  5.567000e-02  2.953461e+08  2.923329e+08  1.854380e+15  1.854380e+12  2.275064e+05
629  1.100000e+04  5.567000e-02  5.567000e-02  2.923329e+08  2.893197e+08  2.393165e+15  2.393165e+12  1.764283e+05
630  1.100000e+04  5.567000e-02  5.567000e-02  2.893197e+08  2.863064e+08  3.213774e+15  3.213774e+12  1.315148e+05
631  1.100000e+04  5.567000e-02  5.567000e-02  2.863064e+08  2.832931e+08  4.546092e+15  4.546092e+12  9.310105e+04
632  1.100000e+04  5.567000e-02  5.567000e-02  2.832931e+08  2.802799e+08  6.898532e+15  6.898532e+12  6.147345e+04
633  1.100000e+04  5.567000e-02  5.567000e-02  2.802799e+08  2.772666e+08  1.153679e+16  1.153679e+13  3.686793e+04
634  1.100000e+04  5.567000e-02  5.567000e-02  2.772666e+08  2.742533e+08  2.195639e+16  2.195639e+13  1.946807e+04
635  1.100000e+04  5.567000e-02  5.567000e-02  2.742533e+08  2.712399e+08  4.588355e+16  4.588355e+13  9.403697e+03
636  1.100000e+04  5.567000e-02  5.567000e-02  2.712399e+08  2.682266e+08  4.851591e+16  3.480780e+16  6.673744e+03
637  1.100000e+04  5.567000e-02  5.567000e-02  2.682266e+08  2.652132e+08  5.030622e+16  3.717100e+16  6.671954e+03
638  1.100000e+04  5.567000e-02  5.567000e-02  2.652132e+08  2.621999e+08  5.209653e+16  3.953422e+16  6.670163e+03
639  1.100000e+04  5.567000e-02  5.567000e-02  2.621999e+08  2.591865e+08  5.388686e+16  4.189745e+16  6.668373e+03
640  1.100000e+04  5.567000e-02  5.567000e-02  2.591865e+08  2.561731e+08  5.571538e+16  4.451530e+16  6.666655e+03
641  1.100000e+04  5.567000e-02  5.567000e-02  2.561731e+08  2.531597e+08  5.766961e+16  4.797116e+16  6.665175e+03
642  1.100000e+04  5.567000e-02  5.567000e-02  2.531597e+08  2.501463e+08  5.962385e+16  5.142703e+16  6.663694e+03
643  1.100000e+04  5.567000e-02  5.567000e-02  2.501463e+08  2.471328e+08  6.157810e+16  5.488291e+16  6.662214e+03
644  1.100000e+04  5.567000e-02  5.567000e-02  2.471328e+08  2.441194e+08  6.353235e+16  5.833881e+16  6.660733e+03
645  1.100000e+04  5.567000e-02  5.567000e-02  2.441194e+08  2.411059e+08  6.563974e+16  6.292974e+16  6.659400e+03
646  1.100000e+04  5.567000e-02  5.567000e-02  2.411059e+08  2.380924e+08  6.789732e+16  6.863387e+16  6.658211e+03
647  1.100000e+04  5.567000e-02  5.567000e-02  2.380924e+08  2.350789e+08  7.015490e+16  7.433803e+16  6.657022e+03
648  1.100000e+04  5.567000e-02  5.567000e-02  2.350789e+08  2.320654e+08  7.241250e+16  8.004222e+16  6.655833e+03
649  1.100000e+04  5.567000e-02  5.567000e-02  2.320654e+08  2.290519e+08  7.467011e+16  8.574643e+16  6.654644e+03
650  1.100000e+04  5.567000e-02  5.567000e-02  2.290519e+08  2.260384e+08  7.692772e+16  9.145066e+16  6.653455e+03
651  1.100000e+04  5.567000e-02  5.567000e-02  2.260384e+08  2.230248e+08  7.918535e+16  9.715492e+16  6.652266e+03
652  1.100000e+04  5.567000e-02  5.567000e-02  2.230248e+08  2.200113e+08  8.169513e+16  1.065490e+17  6.651216e+03
653  1.100000e+04  5.567000e-02  5.567000e-02  2.200113e+08  2.169977e+08  8.427751e+16  1.170053e+17  6.650206e+03
654  1.100000e+04  5.567000e-02  5.567000e-02  2.169977e+08  2.139842e+08  8.685989e+16  1.274617e+17  6.649196e+03
655  1.100000e+04  5.567000e-02  5.567000e-02  2.139842e+08  2.109706e+08  8.944229e+16  1.379181e+17  6.648186e+03
656  1.100000e+04  5.567000e-02  5.567000e-02  2.109706e+08  2.079570e+08  9.202470e+16  1.483746e+17  6.647175e+03
657  1.100000e+04  5.567000e-02  5.567000e-02  2.079570e+08  2.049433e+08  9.460712e+16  1.588310e+17  6.646165e+03
658  1.100000e+04  5.567000e-02  5.567000e-02  2.049433e+08  2.019297e+08  9.718955e+16  1.692876e+17  6.645155e+03
659  1.100000e+04  5.567000e-02  5.567000e-02  2.019297e+08  1.989161e+08  9.977199e+16  1.797441e+17  6.644145e+03
660  1.100000e+04  5.567000e-02  5.567000e-02  1.989161e+08  1.959024e+08  1.023544e+17  1.902008e+17  6.643135e+03
661  1.100000e+04  5.567000e-02  5.567000e-02  1.959024e+08  1.928888e+08  1.048776e+17  2.106176e+17  6.642093e+03
662  1.100000e+04  5.567000e-02  5.567000e-02  1.928888e+08  1.898751e+08  1.073916e+17  2.325732e+17  6.641045e+03
663  1.100000e+04  5.567000e-02  5.567000e-02  1.898751e+08  1.868614e+08  1.099056e+17  2.545289e+17  6.639998e+03
664  1.100000e+04  5.567000e-02  5.567000e-02  1.868614e+08  1.838478e+08  1.124196e+17  2.764847e+17  6.638950e+03
665  1.100000e+04  5.567000e-02  5.567000e-02  1.838478e+08  1.808341e+08  1.149337e+17  2.984406e+17  6.637903e+03
666  1.100000e+04  5.567000e-02  5.567000e-02  1.808341e+08  1.778203e+08  1.174477e+17  3.203965e+17  6.636855e+03
667  1.100000e+04  5.567000e-02  5.567000e-02  1.778203e+08  1.748066e+08  1.199617e+17  3.423525e+17  6.635808e+03
668  1.100000e+04  5.567000e-02  5.567000e-02  1.748066e+08  1.717929e+08  1.224758e+17  3.643086e+17  6.634760e+03
669  1.100000e+04  5.567000e-02  5.567000e-02  1.717929e+08  1.687792e+08  1.249899e+17  3.862647e+17  6.633713e+03
670  1.100000e+04  5.567000e-02  5.567000e-02  1.687792e+08  1.657654e+08  1.272656e+17  4.155007e+17  6.632637e+03
671  1.100000e+04  5.567000e-02  5.567000e-02  1.657654e+08  1.627517e+08  1.290346e+17  4.602228e+17  6.631503e+03
672  1.100000e+04  5.567000e-02  5.567000e-02  1.627517e+08  1.597379e+08  1.308035e+17  5.049450e+17  6.630370e+03
673  1.100000e+04  5.567000e-02  5.567000e-02  1.597379e+08  1.567241e+08  1.325724e+17  5.496673e+17  6.629236e+03
674  1.100000e+04  5.567000e-02  5.567000e-02  1.567241e+08  1.537103e+08  1.343414e+17  5.943898e+17  6.628102e+03
675  1.100000e+04  5.567000e-02  5.567000e-02  1.537103e+08  1.506966e+08  1.361103e+17  6.391124e+17  6.626968e+03
676  1.100000e+04  5.567000e-02  5.567000e-02  1.506966e+08  1.476828e+08  1.378793e+17  6.838351e+17  6.625834e+03
677  1.100000e+04  5.567000e-02  5.567000e-02  1.476828e+08  1.446690e+08  1.396482e+17  7.285579e+17  6.624700e+03
678  1.100000e+04  5.567000e-02  5.567000e-02  1.446690e+08  1.416551e+08  1.414172e+17  7.732809e+17  6.623566e+03
679  1.100000e+04  5.567000e-02  5.567000e-02  1.416551e+08  1.386413e+08  1.423677e+17  8.445766e+17  6.622413e+03
680  1.100000e+04  5.567000e-02  5.567000e-02  1.386413e+08  1.356275e+08  1.425030e+17  9.423447e+17  6.621241e+03
681  1.100000e+04  5.567000e-02  5.567000e-02  1.356275e+08  1.326137e+08  1.426382e+17  1.040113e+18  6.620069e+03
682  1.100000e+04  5.567000e-02  5.567000e-02  1.326137e+08  1.295998e+08  1.427735e+17  1.137882e+18  6.618897e+03
683  1.100000e+04  5.567000e-02  5.567000e-02  1.295998e+08  1.265860e+08  1.429087e+17  1.235650e+18  6.617725e+03
684  1.100000e+04  5.567000e-02  5.567000e-02  1.265860e+08  1.235721e+08  1.430439e+17  1.333420e+18  6.616553e+03
685  1.100000e+04  5.567000e-02  5.567000e-02  1.235721e+08  1.205582e+08  1.431792e+17  1.431189e+18  6.615380e+03
686  1.100000e+04  5.567000e-02  5.567000e-02  1.205582e+08  1.175444e+08  1.433144e+17  1.528958e+18  6.614208e+03
687  1.100000e+04  5.567000e-02  5.567000e-02  1.175444e+08  1.145305e+08  1.434497e+17  1.626728e+18  6.613036e+03
688  1.100000e+04  5.567000e-02  5.567000e-02  1.145305e+08  1.115166e+08  1.435849e+17  1.724498e+18  6.611864e+03
689  1.100000e+04  5.567000e-02  5.567000e-02  1.115166e+08  1.085027e+08  1.437201e+17  1.822268e+18  6.610692e+03
690  1.100000e+04  5.567000e-02  5.567000e-02  1.085027e+08  1.054888e+08  1.440320e+17  1.960125e+18  6.609454e+03
691  1.100000e+04  5.567000e-02  5.567000e-02  1.054888e+08  1.024749e+08  1.445987e+17  2.155785e+18  6.608121e+03
692  1.100000e+04  5.567000e-02  5.567000e-02  1.024749e+08  9.946101e+07  1.451653e+17  2.351446e+18  6.606787e+03
693  1.100000e+04  5.567000e-02  5.567000e-02  9.946101e+07  9.644710e+07  1.457320e+17  2.547107e+18  6.605454e+03
694  1.100000e+04  5.567000e-02  5.567000e-02  9.644710e+07  9.343318e+07  1.462986e+17  2.742768e+18  6.604121e+03
695  1.100000e+04  5.567000e-02  5.567000e-02  9.343318e+07  9.041926e+07  1.468653e+17  2.938429e+18  6.602788e+03
696  1.100000e+04  5.567000e-02  5.567000e-02  9.041926e+07  8.740533e+07  1.474320e+17  3.134091e+18  6.601454e+03
697  1.100000e+04  5.567000e-02  5.567000e-02  8.740533e+07  8.439140e+07  1.479986e+17  3.329753e+18  6.600121e+03
698  1.100000e+04  5.567000e-02  5.567000e-02  8.439140e+07  8.137746e+07  1.485653e+17  3.525416e+18  6.598788e+03
699  1.100000e+04  5.567000e-02  5.567000e-02  8.137746e+07  7.836352e+07  1.503353e+17  3.782994e+18  6.596835e+03
700  1.100000e+04  5.567000e-02  5.567000e-02  7.836352e+07  7.534957e+07  1.538423e+17  4.129941e+18  6.593988e+03
701  1.100000e+04  5.567000e-02  5.567000e-02  7.534957e+07  7.233562e+07  1.573493e+17  4.476888e+18  6.591141e+03
702  1.100000e+04  5.567000e-02  5.567000e-02  7.233562e+07  6.932167e+07  1.608563e+17  4.823835e+18  6.588294e+03
703  1.100000e+04  5.567000e-02  5.567000e-02  6.932167e+07  6.630771e+07  1.643633e+17  5.170783e+18  6.585447e+03
704  1.100000e+04  5.567000e-02  5.567000e-02  6.630771e+07  6.329375e+07  1.678703e+17  5.517731e+18  6.582600e+03
705  1.100000e+04  5.567000e-02  5.567000e-02  6.329375e+07  6.027978e+07  1.713773e+17  5.864680e+18  6.579753e+03
706  1.100000e+04  5.567000e-02  5.567000e-02  6.027978e+07  5.726581e+07  1.748844e+17  6.211629e+18  6.576906e+03
707  1.100000e+04  5.567000e-02  5.567000e-02  5.726581e+07  5.425184e+07  1.784826e+17  6.720062e+18  6.571246e+03
708  1.100000e+04  5.567000e-02  5.567000e-02  5.425184e+07  5.123786e+07  1.821234e+17  7.303831e+18  6.564274e+03
709  1.100000e+04  5.567000e-02  5.567000e-02  5.123786e+07  4.822389e+07  1.857642e+17  7.887601e+18  6.557303e+03
710  1.100000e+04  5.567000e-02  5.567000e-02  4.822389e+07  4.520991e+07  1.894051e+17  8.471372e+18  6.550331e+03
711  1.100000e+04  5.567000e-02  5.567000e-02  4.520991e+07  4.219592e+07  1.930459e+17  9.055143e+18  6.543359e+03
712  1.100000e+04  5.567000e-02  5.567000e-02  4.219592e+07  3.918194e+07  1.966867e+17  9.638915e+18  6.536387e+03
713  1.100000e+04  5.567000e-02  5.567000e-02  3.918194e+07  3.616795e+07  2.001489e+17  1.028704e+19  6.527607e+03
714  1.100000e+04  5.567000e-02  5.567000e-02  3.616795e+07  3.315396e+07  2.030036e+17  1.115394e+19  6.512678e+03
715  1.100000e+04  5.567000e-02  5.567000e-02  3.315396e+07  3.013997e+07  2.058584e+17  1.202084e+19  6.497750e+03
716  1.100000e+04  5.567000e-02  5.567000e-02  3.013997e+07  2.712598e+07  2.087131e+17  1.288774e+19  6.482821e+03
717  1.100000e+04  5.567000e-02  5.567000e-02  2.712598e+07  2.411199e+07  2.102375e+17  1.387751e+19  6.464750e+03
718  1.100000e+04  5.567000e-02  5.567000e-02  2.411199e+07  2.109799e+07  2.098403e+17  1.504473e+19  6.442139e+03
719  1.100000e+04  5.567000e-02  5.567000e-02  2.109799e+07  1.808399e+07  2.094431e+17  1.621195e+19  6.419528e+03
720  1.100000e+04  5.567000e-02  5.567000e-02  1.808399e+07  1.507000e+07  2.087818e+17  1.742773e+19  6.396136e+03
721  1.100000e+04  5.567000e-02  5.567000e-02  1.507000e+07  1.205600e+07  2.064485e+17  1.895106e+19  6.367803e+03
722  1.100000e+04  5.567000e-02  5.567000e-02  1.205600e+07  9.041999e+06  2.041152e+17  2.047439e+19  6.339470e+03
723  1.100000e+04  5.567000e-02  5.567000e-02  9.041999e+06  6.028000e+06  2.014897e+17  2.205586e+19  6.310345e+03
724  1.100000e+04  5.567000e-02  5.567000e-02  6.028000e+06  3.014000e+06  1.970138e+17  2.400552e+19  6.276207e+03
725  1.100000e+04  5.567000e-02  5.567000e-02  3.014000e+06  1.577070e-06  1.925379e+17  2.595517e+19  6.242069e+03

[GHOSTS]
# tag      B_T          phi_g_Jpkg   ne_im3       nn_im3       T_K          T_e_factor
outer_0  5.567000e-02  1.577070e-06  1.925379e+17  2.595517e+19  6.242069e+03  1.000
outer_1  5.567000e-02  1.577070e-06  1.925379e+17  2.595517e+19  6.242069e+03  1.000
inner_0  5.567000e-02  0.000000e+00  1.925379e+17  2.595517e+19  6.242069e+03  1.000
inner_1  5.567000e-02  0.000000e+00  1.925379e+17  2.595517e+19  6.242069e+03  1.000
