# full-loop .dat — generated by util/make_loop_dat.py
# topology=full, half-length=83.1 Mm, apex_T=2.00 MK, footpoint |B|=35.2 G (uniform)
# chromosphere: Model C7 (two-fluid); TR+corona: hydrostatic, fully ionized (single-fluid via F_SLAVE)
# Units: SI (m, T, K, m^-3, J/kg)

[META]
ns=772
g_si=274.0
B_outer_T=3.520000e-03
phi_g_offset_Jpkg=0.0
topology=full
loop_half_length_m=8.308600e+07

[CELLS]
# i  ds_m         B_imh_T      B_iph_T      phi_g_imh    phi_g_iph    ne_im3       nn_im3       T_K
0  1.100000e+04  3.520000e-03  3.520000e-03  0.000000e+00  3.014000e+06  1.925379e+17  2.595517e+19  6.242069e+03
1  1.100000e+04  3.520000e-03  3.520000e-03  3.014000e+06  6.028000e+06  1.970138e+17  2.400552e+19  6.276207e+03
2  1.100000e+04  3.520000e-03  3.520000e-03  6.028000e+06  9.041999e+06  2.014897e+17  2.205586e+19  6.310345e+03
3  1.100000e+04  3.520000e-03  3.520000e-03  9.041999e+06  1.205600e+07  2.041152e+17  2.047439e+19  6.339470e+03
4  1.100000e+04  3.520000e-03  3.520000e-03  1.205600e+07  1.507000e+07  2.064485e+17  1.895106e+19  6.367803e+03
5  1.100000e+04  3.520000e-03  3.520000e-03  1.507000e+07  1.808400e+07  2.087818e+17  1.742773e+19  6.396136e+03
6  1.100000e+04  3.520000e-03  3.520000e-03  1.808400e+07  2.109799e+07  2.094431e+17  1.621195e+19  6.419528e+03
7  1.100000e+04  3.520000e-03  3.520000e-03  2.109799e+07  2.411199e+07  2.098403e+17  1.504473e+19  6.442139e+03
8  1.100000e+04  3.520000e-03  3.520000e-03  2.411199e+07  2.712598e+07  2.102375e+17  1.387751e+19  6.464750e+03
9  1.100000e+04  3.520000e-03  3.520000e-03  2.712598e+07  3.013998e+07  2.087131e+17  1.288774e+19  6.482821e+03
10  1.100000e+04  3.520000e-03  3.520000e-03  3.013998e+07  3.315397e+07  2.058584e+17  1.202084e+19  6.497750e+03
11  1.100000e+04  3.520000e-03  3.520000e-03  3.315397e+07  3.616796e+07  2.030036e+17  1.115394e+19  6.512678e+03
12  1.100000e+04  3.520000e-03  3.520000e-03  3.616796e+07  3.918195e+07  2.001488e+17  1.028704e+19  6.527607e+03
13  1.100000e+04  3.520000e-03  3.520000e-03  3.918195e+07  4.219594e+07  1.966867e+17  9.638912e+18  6.536387e+03
14  1.100000e+04  3.520000e-03  3.520000e-03  4.219594e+07  4.520993e+07  1.930459e+17  9.055140e+18  6.543359e+03
15  1.100000e+04  3.520000e-03  3.520000e-03  4.520993e+07  4.822391e+07  1.894050e+17  8.471368e+18  6.550331e+03
16  1.100000e+04  3.520000e-03  3.520000e-03  4.822391e+07  5.123789e+07  1.857642e+17  7.887596e+18  6.557303e+03
17  1.100000e+04  3.520000e-03  3.520000e-03  5.123789e+07  5.425187e+07  1.821234e+17  7.303825e+18  6.564274e+03
18  1.100000e+04  3.520000e-03  3.520000e-03  5.425187e+07  5.726585e+07  1.784826e+17  6.720055e+18  6.571246e+03
19  1.100000e+04  3.520000e-03  3.520000e-03  5.726585e+07  6.027983e+07  1.748843e+17  6.211624e+18  6.576906e+03
20  1.100000e+04  3.520000e-03  3.520000e-03  6.027983e+07  6.329380e+07  1.713773e+17  5.864674e+18  6.579753e+03
21  1.100000e+04  3.520000e-03  3.520000e-03  6.329380e+07  6.630777e+07  1.678703e+17  5.517725e+18  6.582600e+03
22  1.100000e+04  3.520000e-03  3.520000e-03  6.630777e+07  6.932174e+07  1.643632e+17  5.170776e+18  6.585447e+03
23  1.100000e+04  3.520000e-03  3.520000e-03  6.932174e+07  7.233570e+07  1.608562e+17  4.823827e+18  6.588294e+03
24  1.100000e+04  3.520000e-03  3.520000e-03  7.233570e+07  7.534966e+07  1.573492e+17  4.476878e+18  6.591141e+03
25  1.100000e+04  3.520000e-03  3.520000e-03  7.534966e+07  7.836362e+07  1.538422e+17  4.129930e+18  6.593988e+03
26  1.100000e+04  3.520000e-03  3.520000e-03  7.836362e+07  8.137757e+07  1.503352e+17  3.782982e+18  6.596835e+03
27  1.100000e+04  3.520000e-03  3.520000e-03  8.137757e+07  8.439152e+07  1.485652e+17  3.525408e+18  6.598788e+03
28  1.100000e+04  3.520000e-03  3.520000e-03  8.439152e+07  8.740547e+07  1.479986e+17  3.329745e+18  6.600121e+03
29  1.100000e+04  3.520000e-03  3.520000e-03  8.740547e+07  9.041941e+07  1.474319e+17  3.134082e+18  6.601454e+03
30  1.100000e+04  3.520000e-03  3.520000e-03  9.041941e+07  9.343335e+07  1.468653e+17  2.938419e+18  6.602788e+03
31  1.100000e+04  3.520000e-03  3.520000e-03  9.343335e+07  9.644729e+07  1.462986e+17  2.742756e+18  6.604121e+03
32  1.100000e+04  3.520000e-03  3.520000e-03  9.644729e+07  9.946122e+07  1.457320e+17  2.547094e+18  6.605454e+03
33  1.100000e+04  3.520000e-03  3.520000e-03  9.946122e+07  1.024751e+08  1.451653e+17  2.351432e+18  6.606788e+03
34  1.100000e+04  3.520000e-03  3.520000e-03  1.024751e+08  1.054891e+08  1.445987e+17  2.155770e+18  6.608121e+03
35  1.100000e+04  3.520000e-03  3.520000e-03  1.054891e+08  1.085030e+08  1.440320e+17  1.960109e+18  6.609454e+03
36  1.100000e+04  3.520000e-03  3.520000e-03  1.085030e+08  1.115169e+08  1.437201e+17  1.822259e+18  6.610692e+03
37  1.100000e+04  3.520000e-03  3.520000e-03  1.115169e+08  1.145308e+08  1.435849e+17  1.724488e+18  6.611864e+03
38  1.100000e+04  3.520000e-03  3.520000e-03  1.145308e+08  1.175447e+08  1.434496e+17  1.626717e+18  6.613036e+03
39  1.100000e+04  3.520000e-03  3.520000e-03  1.175447e+08  1.205586e+08  1.433144e+17  1.528947e+18  6.614208e+03
40  1.100000e+04  3.520000e-03  3.520000e-03  1.205586e+08  1.235725e+08  1.431792e+17  1.431176e+18  6.615381e+03
41  1.100000e+04  3.520000e-03  3.520000e-03  1.235725e+08  1.265864e+08  1.430439e+17  1.333406e+18  6.616553e+03
42  1.100000e+04  3.520000e-03  3.520000e-03  1.265864e+08  1.296003e+08  1.429087e+17  1.235636e+18  6.617725e+03
43  1.100000e+04  3.520000e-03  3.520000e-03  1.296003e+08  1.326141e+08  1.427734e+17  1.137866e+18  6.618897e+03
44  1.100000e+04  3.520000e-03  3.520000e-03  1.326141e+08  1.356280e+08  1.426382e+17  1.040097e+18  6.620069e+03
45  1.100000e+04  3.520000e-03  3.520000e-03  1.356280e+08  1.386419e+08  1.425030e+17  9.423270e+17  6.621241e+03
46  1.100000e+04  3.520000e-03  3.520000e-03  1.386419e+08  1.416557e+08  1.423677e+17  8.445577e+17  6.622413e+03
47  1.100000e+04  3.520000e-03  3.520000e-03  1.416557e+08  1.446696e+08  1.414168e+17  7.732717e+17  6.623566e+03
48  1.100000e+04  3.520000e-03  3.520000e-03  1.446696e+08  1.476834e+08  1.396478e+17  7.285481e+17  6.624700e+03
49  1.100000e+04  3.520000e-03  3.520000e-03  1.476834e+08  1.506973e+08  1.378789e+17  6.838247e+17  6.625834e+03
50  1.100000e+04  3.520000e-03  3.520000e-03  1.506973e+08  1.537111e+08  1.361099e+17  6.391013e+17  6.626968e+03
51  1.100000e+04  3.520000e-03  3.520000e-03  1.537111e+08  1.567249e+08  1.343409e+17  5.943781e+17  6.628102e+03
52  1.100000e+04  3.520000e-03  3.520000e-03  1.567249e+08  1.597388e+08  1.325719e+17  5.496549e+17  6.629236e+03
53  1.100000e+04  3.520000e-03  3.520000e-03  1.597388e+08  1.627526e+08  1.308030e+17  5.049318e+17  6.630370e+03
54  1.100000e+04  3.520000e-03  3.520000e-03  1.627526e+08  1.657664e+08  1.290340e+17  4.602089e+17  6.631504e+03
55  1.100000e+04  3.520000e-03  3.520000e-03  1.657664e+08  1.687802e+08  1.272651e+17  4.154860e+17  6.632638e+03
56  1.100000e+04  3.520000e-03  3.520000e-03  1.687802e+08  1.717940e+08  1.249890e+17  3.862571e+17  6.633713e+03
57  1.100000e+04  3.520000e-03  3.520000e-03  1.717940e+08  1.748078e+08  1.224749e+17  3.643006e+17  6.634760e+03
58  1.100000e+04  3.520000e-03  3.520000e-03  1.748078e+08  1.778215e+08  1.199608e+17  3.423441e+17  6.635808e+03
59  1.100000e+04  3.520000e-03  3.520000e-03  1.778215e+08  1.808353e+08  1.174467e+17  3.203876e+17  6.636856e+03
60  1.100000e+04  3.520000e-03  3.520000e-03  1.808353e+08  1.838491e+08  1.149326e+17  2.984312e+17  6.637903e+03
61  1.100000e+04  3.520000e-03  3.520000e-03  1.838491e+08  1.868628e+08  1.124185e+17  2.764749e+17  6.638951e+03
62  1.100000e+04  3.520000e-03  3.520000e-03  1.868628e+08  1.898766e+08  1.099044e+17  2.545186e+17  6.639998e+03
63  1.100000e+04  3.520000e-03  3.520000e-03  1.898766e+08  1.928903e+08  1.073904e+17  2.325624e+17  6.641046e+03
64  1.100000e+04  3.520000e-03  3.520000e-03  1.928903e+08  1.959040e+08  1.048763e+17  2.106063e+17  6.642093e+03
65  1.100000e+04  3.520000e-03  3.520000e-03  1.959040e+08  1.989178e+08  1.023530e+17  1.901951e+17  6.643136e+03
66  1.100000e+04  3.520000e-03  3.520000e-03  1.989178e+08  2.019315e+08  9.977053e+16  1.797382e+17  6.644146e+03
67  1.100000e+04  3.520000e-03  3.520000e-03  2.019315e+08  2.049452e+08  9.718802e+16  1.692814e+17  6.645156e+03
68  1.100000e+04  3.520000e-03  3.520000e-03  2.049452e+08  2.079589e+08  9.460552e+16  1.588246e+17  6.646166e+03
69  1.100000e+04  3.520000e-03  3.520000e-03  2.079589e+08  2.109725e+08  9.202304e+16  1.483678e+17  6.647176e+03
70  1.100000e+04  3.520000e-03  3.520000e-03  2.109725e+08  2.139862e+08  8.944055e+16  1.379111e+17  6.648186e+03
71  1.100000e+04  3.520000e-03  3.520000e-03  2.139862e+08  2.169999e+08  8.685808e+16  1.274543e+17  6.649196e+03
72  1.100000e+04  3.520000e-03  3.520000e-03  2.169999e+08  2.200135e+08  8.427561e+16  1.169977e+17  6.650206e+03
73  1.100000e+04  3.520000e-03  3.520000e-03  2.200135e+08  2.230272e+08  8.169316e+16  1.065410e+17  6.651216e+03
74  1.100000e+04  3.520000e-03  3.520000e-03  2.230272e+08  2.260408e+08  7.918355e+16  9.715038e+16  6.652267e+03
75  1.100000e+04  3.520000e-03  3.520000e-03  2.260408e+08  2.290545e+08  7.692586e+16  9.144594e+16  6.653456e+03
76  1.100000e+04  3.520000e-03  3.520000e-03  2.290545e+08  2.320681e+08  7.466816e+16  8.574152e+16  6.654645e+03
77  1.100000e+04  3.520000e-03  3.520000e-03  2.320681e+08  2.350817e+08  7.241048e+16  8.003711e+16  6.655834e+03
78  1.100000e+04  3.520000e-03  3.520000e-03  2.350817e+08  2.380953e+08  7.015281e+16  7.433273e+16  6.657023e+03
79  1.100000e+04  3.520000e-03  3.520000e-03  2.380953e+08  2.411089e+08  6.789514e+16  6.862837e+16  6.658212e+03
80  1.100000e+04  3.520000e-03  3.520000e-03  2.411089e+08  2.441225e+08  6.563748e+16  6.292402e+16  6.659401e+03
81  1.100000e+04  3.520000e-03  3.520000e-03  2.441225e+08  2.471360e+08  6.353032e+16  5.833522e+16  6.660735e+03
82  1.100000e+04  3.520000e-03  3.520000e-03  2.471360e+08  2.501496e+08  6.157599e+16  5.487918e+16  6.662215e+03
83  1.100000e+04  3.520000e-03  3.520000e-03  2.501496e+08  2.531631e+08  5.962166e+16  5.142316e+16  6.663696e+03
84  1.100000e+04  3.520000e-03  3.520000e-03  2.531631e+08  2.561767e+08  5.766735e+16  4.796715e+16  6.665176e+03
85  1.100000e+04  3.520000e-03  3.520000e-03  2.561767e+08  2.591902e+08  5.571304e+16  4.451115e+16  6.666657e+03
86  1.100000e+04  3.520000e-03  3.520000e-03  2.591902e+08  2.622037e+08  5.388463e+16  4.189452e+16  6.668375e+03
87  1.100000e+04  3.520000e-03  3.520000e-03  2.622037e+08  2.652172e+08  5.209423e+16  3.953118e+16  6.670166e+03
88  1.100000e+04  3.520000e-03  3.520000e-03  2.652172e+08  2.682307e+08  5.030383e+16  3.716786e+16  6.671956e+03
89  1.100000e+04  3.520000e-03  3.520000e-03  2.682307e+08  2.712442e+08  4.851344e+16  3.480454e+16  6.673747e+03
90  1.100000e+04  3.520000e-03  3.520000e-03  2.712442e+08  2.742576e+08  4.583729e+16  4.583729e+13  9.412775e+03
91  1.100000e+04  3.520000e-03  3.520000e-03  2.742576e+08  2.772711e+08  2.193281e+16  2.193281e+13  1.948832e+04
92  1.100000e+04  3.520000e-03  3.520000e-03  2.772711e+08  2.802845e+08  1.152643e+16  1.152643e+13  3.689993e+04
93  1.100000e+04  3.520000e-03  3.520000e-03  2.802845e+08  2.832980e+08  6.893374e+15  6.893374e+12  6.151768e+04
94  1.100000e+04  3.520000e-03  3.520000e-03  2.832980e+08  2.863114e+08  4.543191e+15  4.543191e+12  9.315793e+04
95  1.100000e+04  3.520000e-03  3.520000e-03  2.863114e+08  2.893248e+08  3.211982e+15  3.211982e+12  1.315847e+05
96  1.100000e+04  3.520000e-03  3.520000e-03  2.893248e+08  2.923382e+08  2.391976e+15  2.391976e+12  1.765113e+05
97  1.100000e+04  3.520000e-03  3.520000e-03  2.923382e+08  2.953516e+08  1.853547e+15  1.853547e+12  2.276027e+05
98  1.100000e+04  3.520000e-03  3.520000e-03  2.953516e+08  2.983649e+08  1.482019e+15  1.482019e+12  2.844779e+05
99  1.100000e+04  3.520000e-03  3.520000e-03  2.983649e+08  3.013783e+08  1.215357e+15  1.215357e+12  3.467128e+05
100  1.100000e+04  3.520000e-03  3.520000e-03  3.013783e+08  3.043916e+08  1.017762e+15  1.017762e+12  4.138432e+05
101  1.100000e+04  3.520000e-03  3.520000e-03  3.043916e+08  3.074049e+08  8.674554e+14  8.674554e+11  4.853686e+05
102  1.100000e+04  3.520000e-03  3.520000e-03  3.074049e+08  3.104183e+08  7.505919e+14  7.505919e+11  5.607556e+05
103  1.100000e+04  3.520000e-03  3.520000e-03  3.104183e+08  3.134316e+08  6.580400e+14  6.580400e+11  6.394420e+05
104  1.100000e+04  3.520000e-03  3.520000e-03  3.134316e+08  3.164449e+08  5.835847e+14  5.835847e+11  7.208413e+05
105  1.100000e+04  3.520000e-03  3.520000e-03  3.164449e+08  3.194581e+08  5.228798e+14  5.228798e+11  8.043464e+05
106  1.100000e+04  3.520000e-03  3.520000e-03  3.194581e+08  3.224714e+08  4.728143e+14  4.728143e+11  8.893347e+05
107  1.100000e+04  3.520000e-03  3.520000e-03  3.224714e+08  3.254846e+08  4.311150e+14  4.311150e+11  9.751725e+05
108  1.100000e+04  3.520000e-03  3.520000e-03  3.254846e+08  3.284979e+08  3.960905e+14  3.960905e+11  1.061220e+06
109  1.100000e+04  3.520000e-03  3.520000e-03  3.284979e+08  3.315111e+08  3.664626e+14  3.664626e+11  1.146835e+06
110  1.100000e+04  3.520000e-03  3.520000e-03  3.315111e+08  3.345243e+08  3.412511e+14  3.412511e+11  1.231381e+06
111  1.100000e+04  3.520000e-03  3.520000e-03  3.345243e+08  3.375375e+08  3.196952e+14  3.196952e+11  1.314225e+06
112  1.100000e+04  3.520000e-03  3.520000e-03  3.375375e+08  3.405507e+08  3.011981e+14  3.011981e+11  1.394752e+06
113  1.100000e+04  3.520000e-03  3.520000e-03  3.405507e+08  3.435638e+08  2.852866e+14  2.852866e+11  1.472360e+06
114  1.100000e+04  3.520000e-03  3.520000e-03  3.435638e+08  3.465770e+08  2.715828e+14  2.715828e+11  1.546471e+06
115  1.100000e+04  3.520000e-03  3.520000e-03  3.465770e+08  3.495901e+08  2.597829e+14  2.597829e+11  1.616533e+06
116  1.100000e+04  3.520000e-03  3.520000e-03  3.495901e+08  3.526032e+08  2.496411e+14  2.496411e+11  1.682023e+06
117  1.100000e+04  3.520000e-03  3.520000e-03  3.526032e+08  3.556163e+08  2.409580e+14  2.409580e+11  1.742453e+06
118  1.100000e+04  3.520000e-03  3.520000e-03  3.556163e+08  3.586294e+08  2.335716e+14  2.335716e+11  1.797373e+06
119  1.100000e+04  3.520000e-03  3.520000e-03  3.586294e+08  3.616425e+08  2.273505e+14  2.273505e+11  1.846374e+06
120  1.100000e+04  3.520000e-03  3.520000e-03  3.616425e+08  3.646555e+08  2.221882e+14  2.221882e+11  1.889089e+06
121  1.100000e+04  3.520000e-03  3.520000e-03  3.646555e+08  3.676686e+08  2.179998e+14  2.179998e+11  1.925202e+06
122  1.100000e+04  3.520000e-03  3.520000e-03  3.676686e+08  3.706816e+08  2.147183e+14  2.147183e+11  1.954442e+06
123  1.100000e+04  3.520000e-03  3.520000e-03  3.706816e+08  3.736946e+08  2.122925e+14  2.122925e+11  1.976592e+06
124  1.100000e+04  3.520000e-03  3.520000e-03  3.736946e+08  3.767076e+08  2.106853e+14  2.106853e+11  1.991487e+06
125  1.100000e+04  3.520000e-03  3.520000e-03  3.767076e+08  3.797205e+08  2.098726e+14  2.098726e+11  1.999017e+06
126  1.100000e+04  3.520000e-03  3.520000e-03  3.797205e+08  3.827335e+08  2.097503e+14  2.097503e+11  2.000000e+06
127  1.100000e+04  3.520000e-03  3.520000e-03  3.827335e+08  3.857464e+08  2.097312e+14  2.097312e+11  2.000000e+06
128  1.100000e+04  3.520000e-03  3.520000e-03  3.857464e+08  3.887594e+08  2.097120e+14  2.097120e+11  2.000000e+06
129  1.100000e+04  3.520000e-03  3.520000e-03  3.887594e+08  3.917723e+08  2.096929e+14  2.096929e+11  2.000000e+06
130  1.100000e+04  3.520000e-03  3.520000e-03  3.917723e+08  3.947852e+08  2.096738e+14  2.096738e+11  2.000000e+06
131  1.100000e+04  3.520000e-03  3.520000e-03  3.947852e+08  3.977980e+08  2.096546e+14  2.096546e+11  2.000000e+06
132  1.100000e+04  3.520000e-03  3.520000e-03  3.977980e+08  4.008109e+08  2.096355e+14  2.096355e+11  2.000000e+06
133  1.100000e+04  3.520000e-03  3.520000e-03  4.008109e+08  4.038237e+08  2.096164e+14  2.096164e+11  2.000000e+06
134  1.100000e+04  3.520000e-03  3.520000e-03  4.038237e+08  4.068366e+08  2.095972e+14  2.095972e+11  2.000000e+06
135  1.100000e+04  3.520000e-03  3.520000e-03  4.068366e+08  4.098494e+08  2.095781e+14  2.095781e+11  2.000000e+06
136  1.100000e+04  3.520000e-03  3.520000e-03  4.098494e+08  4.128621e+08  2.095590e+14  2.095590e+11  2.000000e+06
137  1.166000e+04  3.520000e-03  3.520000e-03  4.128621e+08  4.160557e+08  2.095393e+14  2.095393e+11  2.000000e+06
138  1.235960e+04  3.520000e-03  3.520000e-03  4.160557e+08  4.194408e+08  2.095184e+14  2.095184e+11  2.000000e+06
139  1.310118e+04  3.520000e-03  3.520000e-03  4.194408e+08  4.230290e+08  2.094963e+14  2.094963e+11  2.000000e+06
140  1.388725e+04  3.520000e-03  3.520000e-03  4.230290e+08  4.268325e+08  2.094728e+14  2.094728e+11  2.000000e+06
141  1.472048e+04  3.520000e-03  3.520000e-03  4.268325e+08  4.308641e+08  2.094480e+14  2.094480e+11  2.000000e+06
142  1.560371e+04  3.520000e-03  3.520000e-03  4.308641e+08  4.351376e+08  2.094217e+14  2.094217e+11  2.000000e+06
143  1.653993e+04  3.520000e-03  3.520000e-03  4.351376e+08  4.396675e+08  2.093937e+14  2.093937e+11  2.000000e+06
144  1.753233e+04  3.520000e-03  3.520000e-03  4.396675e+08  4.444691e+08  2.093642e+14  2.093642e+11  2.000000e+06
145  1.858427e+04  3.520000e-03  3.520000e-03  4.444691e+08  4.495588e+08  2.093328e+14  2.093328e+11  2.000000e+06
146  1.969932e+04  3.520000e-03  3.520000e-03  4.495588e+08  4.549538e+08  2.092996e+14  2.092996e+11  2.000000e+06
147  2.088128e+04  3.520000e-03  3.520000e-03  4.549538e+08  4.606724e+08  2.092643e+14  2.092643e+11  2.000000e+06
148  2.213416e+04  3.520000e-03  3.520000e-03  4.606724e+08  4.667341e+08  2.092270e+14  2.092270e+11  2.000000e+06
149  2.346221e+04  3.520000e-03  3.520000e-03  4.667341e+08  4.731593e+08  2.091874e+14  2.091874e+11  2.000000e+06
150  2.486994e+04  3.520000e-03  3.520000e-03  4.731593e+08  4.799700e+08  2.091455e+14  2.091455e+11  2.000000e+06
151  2.636214e+04  3.520000e-03  3.520000e-03  4.799700e+08  4.871892e+08  2.091011e+14  2.091011e+11  2.000000e+06
152  2.794387e+04  3.520000e-03  3.520000e-03  4.871892e+08  4.948414e+08  2.090540e+14  2.090540e+11  2.000000e+06
153  2.962050e+04  3.520000e-03  3.520000e-03  4.948414e+08  5.029526e+08  2.090041e+14  2.090041e+11  2.000000e+06
154  3.139773e+04  3.520000e-03  3.520000e-03  5.029526e+08  5.115503e+08  2.089512e+14  2.089512e+11  2.000000e+06
155  3.328159e+04  3.520000e-03  3.520000e-03  5.115503e+08  5.206637e+08  2.088952e+14  2.088952e+11  2.000000e+06
156  3.527849e+04  3.520000e-03  3.520000e-03  5.206637e+08  5.303237e+08  2.088358e+14  2.088358e+11  2.000000e+06
157  3.739520e+04  3.520000e-03  3.520000e-03  5.303237e+08  5.405629e+08  2.087729e+14  2.087729e+11  2.000000e+06
158  3.963891e+04  3.520000e-03  3.520000e-03  5.405629e+08  5.514163e+08  2.087062e+14  2.087062e+11  2.000000e+06
159  4.201725e+04  3.520000e-03  3.520000e-03  5.514163e+08  5.629205e+08  2.086356e+14  2.086356e+11  2.000000e+06
160  4.453828e+04  3.520000e-03  3.520000e-03  5.629205e+08  5.751146e+08  2.085607e+14  2.085607e+11  2.000000e+06
161  4.721058e+04  3.520000e-03  3.520000e-03  5.751146e+08  5.880399e+08  2.084814e+14  2.084814e+11  2.000000e+06
162  5.004321e+04  3.520000e-03  3.520000e-03  5.880399e+08  6.017402e+08  2.083974e+14  2.083974e+11  2.000000e+06
163  5.304581e+04  3.520000e-03  3.520000e-03  6.017402e+08  6.162619e+08  2.083083e+14  2.083083e+11  2.000000e+06
164  5.622855e+04  3.520000e-03  3.520000e-03  6.162619e+08  6.316542e+08  2.082140e+14  2.082140e+11  2.000000e+06
165  5.960227e+04  3.520000e-03  3.520000e-03  6.316542e+08  6.479693e+08  2.081140e+14  2.081140e+11  2.000000e+06
166  6.317840e+04  3.520000e-03  3.520000e-03  6.479693e+08  6.652624e+08  2.080081e+14  2.080081e+11  2.000000e+06
167  6.696911e+04  3.520000e-03  3.520000e-03  6.652624e+08  6.835921e+08  2.078960e+14  2.078960e+11  2.000000e+06
168  7.098725e+04  3.520000e-03  3.520000e-03  6.835921e+08  7.030203e+08  2.077771e+14  2.077771e+11  2.000000e+06
169  7.524649e+04  3.520000e-03  3.520000e-03  7.030203e+08  7.236129e+08  2.076512e+14  2.076512e+11  2.000000e+06
170  7.976128e+04  3.520000e-03  3.520000e-03  7.236129e+08  7.454394e+08  2.075179e+14  2.075179e+11  2.000000e+06
171  8.454695e+04  3.520000e-03  3.520000e-03  7.454394e+08  7.685736e+08  2.073767e+14  2.073767e+11  2.000000e+06
172  8.961977e+04  3.520000e-03  3.520000e-03  7.685736e+08  7.930937e+08  2.072271e+14  2.072271e+11  2.000000e+06
173  9.499696e+04  3.520000e-03  3.520000e-03  7.930937e+08  8.190826e+08  2.070686e+14  2.070686e+11  2.000000e+06
174  1.006968e+05  3.520000e-03  3.520000e-03  8.190826e+08  8.466279e+08  2.069008e+14  2.069008e+11  2.000000e+06
175  1.067386e+05  3.520000e-03  3.520000e-03  8.466279e+08  8.758226e+08  2.067232e+14  2.067232e+11  2.000000e+06
176  1.131429e+05  3.520000e-03  3.520000e-03  8.758226e+08  9.067651e+08  2.065350e+14  2.065350e+11  2.000000e+06
177  1.199315e+05  3.520000e-03  3.520000e-03  9.067651e+08  9.395596e+08  2.063358e+14  2.063358e+11  2.000000e+06
178  1.271274e+05  3.520000e-03  3.520000e-03  9.395596e+08  9.743164e+08  2.061248e+14  2.061248e+11  2.000000e+06
179  1.347550e+05  3.520000e-03  3.520000e-03  9.743164e+08  1.011153e+09  2.059015e+14  2.059015e+11  2.000000e+06
180  1.428403e+05  3.520000e-03  3.520000e-03  1.011153e+09  1.050192e+09  2.056650e+14  2.056650e+11  2.000000e+06
181  1.514107e+05  3.520000e-03  3.520000e-03  1.050192e+09  1.091565e+09  2.054148e+14  2.054148e+11  2.000000e+06
182  1.604954e+05  3.520000e-03  3.520000e-03  1.091565e+09  1.135411e+09  2.051499e+14  2.051499e+11  2.000000e+06
183  1.701251e+05  3.520000e-03  3.520000e-03  1.135411e+09  1.181876e+09  2.048695e+14  2.048695e+11  2.000000e+06
184  1.803326e+05  3.520000e-03  3.520000e-03  1.181876e+09  1.231115e+09  2.045729e+14  2.045729e+11  2.000000e+06
185  1.911525e+05  3.520000e-03  3.520000e-03  1.231115e+09  1.283294e+09  2.042590e+14  2.042590e+11  2.000000e+06
186  2.026217e+05  3.520000e-03  3.520000e-03  1.283294e+09  1.338584e+09  2.039269e+14  2.039269e+11  2.000000e+06
187  2.147790e+05  3.520000e-03  3.520000e-03  1.338584e+09  1.397171e+09  2.035756e+14  2.035756e+11  2.000000e+06
188  2.276657e+05  3.520000e-03  3.520000e-03  1.397171e+09  1.459248e+09  2.032040e+14  2.032040e+11  2.000000e+06
189  2.413257e+05  3.520000e-03  3.520000e-03  1.459248e+09  1.525020e+09  2.028111e+14  2.028111e+11  2.000000e+06
190  2.558052e+05  3.520000e-03  3.520000e-03  1.525020e+09  1.594703e+09  2.023956e+14  2.023956e+11  2.000000e+06
191  2.711535e+05  3.520000e-03  3.520000e-03  1.594703e+09  1.668527e+09  2.019563e+14  2.019563e+11  2.000000e+06
192  2.874227e+05  3.520000e-03  3.520000e-03  1.668527e+09  1.746732e+09  2.014920e+14  2.014920e+11  2.000000e+06
193  3.046681e+05  3.520000e-03  3.520000e-03  1.746732e+09  1.829573e+09  2.010014e+14  2.010014e+11  2.000000e+06
194  3.229482e+05  3.520000e-03  3.520000e-03  1.829573e+09  1.917318e+09  2.004830e+14  2.004830e+11  2.000000e+06
195  3.423251e+05  3.520000e-03  3.520000e-03  1.917318e+09  2.010250e+09  1.999355e+14  1.999355e+11  2.000000e+06
196  3.628646e+05  3.520000e-03  3.520000e-03  2.010250e+09  2.108666e+09  1.993572e+14  1.993572e+11  2.000000e+06
197  3.846365e+05  3.520000e-03  3.520000e-03  2.108666e+09  2.212878e+09  1.987467e+14  1.987467e+11  2.000000e+06
198  4.000000e+05  3.520000e-03  3.520000e-03  2.212878e+09  2.321129e+09  1.981087e+14  1.981087e+11  2.000000e+06
199  4.000000e+05  3.520000e-03  3.520000e-03  2.321129e+09  2.429247e+09  1.974610e+14  1.974610e+11  2.000000e+06
200  4.000000e+05  3.520000e-03  3.520000e-03  2.429247e+09  2.537225e+09  1.968163e+14  1.968163e+11  2.000000e+06
201  4.000000e+05  3.520000e-03  3.520000e-03  2.537225e+09  2.645059e+09  1.961745e+14  1.961745e+11  2.000000e+06
202  4.000000e+05  3.520000e-03  3.520000e-03  2.645059e+09  2.752742e+09  1.955358e+14  1.955358e+11  2.000000e+06
203  4.000000e+05  3.520000e-03  3.520000e-03  2.752742e+09  2.860267e+09  1.949000e+14  1.949000e+11  2.000000e+06
204  4.000000e+05  3.520000e-03  3.520000e-03  2.860267e+09  2.967629e+09  1.942673e+14  1.942673e+11  2.000000e+06
205  4.000000e+05  3.520000e-03  3.520000e-03  2.967629e+09  3.074820e+09  1.936377e+14  1.936377e+11  2.000000e+06
206  4.000000e+05  3.520000e-03  3.520000e-03  3.074820e+09  3.181837e+09  1.930111e+14  1.930111e+11  2.000000e+06
207  4.000000e+05  3.520000e-03  3.520000e-03  3.181837e+09  3.288671e+09  1.923875e+14  1.923875e+11  2.000000e+06
208  4.000000e+05  3.520000e-03  3.520000e-03  3.288671e+09  3.395317e+09  1.917671e+14  1.917671e+11  2.000000e+06
209  4.000000e+05  3.520000e-03  3.520000e-03  3.395317e+09  3.501768e+09  1.911499e+14  1.911499e+11  2.000000e+06
210  4.000000e+05  3.520000e-03  3.520000e-03  3.501768e+09  3.608020e+09  1.905357e+14  1.905357e+11  2.000000e+06
211  4.000000e+05  3.520000e-03  3.520000e-03  3.608020e+09  3.714065e+09  1.899247e+14  1.899247e+11  2.000000e+06
212  4.000000e+05  3.520000e-03  3.520000e-03  3.714065e+09  3.819898e+09  1.893169e+14  1.893169e+11  2.000000e+06
213  4.000000e+05  3.520000e-03  3.520000e-03  3.819898e+09  3.925512e+09  1.887123e+14  1.887123e+11  2.000000e+06
214  4.000000e+05  3.520000e-03  3.520000e-03  3.925512e+09  4.030902e+09  1.881109e+14  1.881109e+11  2.000000e+06
215  4.000000e+05  3.520000e-03  3.520000e-03  4.030902e+09  4.136062e+09  1.875128e+14  1.875128e+11  2.000000e+06
216  4.000000e+05  3.520000e-03  3.520000e-03  4.136062e+09  4.240985e+09  1.869178e+14  1.869178e+11  2.000000e+06
217  4.000000e+05  3.520000e-03  3.520000e-03  4.240985e+09  4.345665e+09  1.863262e+14  1.863262e+11  2.000000e+06
218  4.000000e+05  3.520000e-03  3.520000e-03  4.345665e+09  4.450097e+09  1.857377e+14  1.857377e+11  2.000000e+06
219  4.000000e+05  3.520000e-03  3.520000e-03  4.450097e+09  4.554274e+09  1.851526e+14  1.851526e+11  2.000000e+06
220  4.000000e+05  3.520000e-03  3.520000e-03  4.554274e+09  4.658191e+09  1.845708e+14  1.845708e+11  2.000000e+06
221  4.000000e+05  3.520000e-03  3.520000e-03  4.658191e+09  4.761841e+09  1.839923e+14  1.839923e+11  2.000000e+06
222  4.000000e+05  3.520000e-03  3.520000e-03  4.761841e+09  4.865220e+09  1.834171e+14  1.834171e+11  2.000000e+06
223  4.000000e+05  3.520000e-03  3.520000e-03  4.865220e+09  4.968319e+09  1.828453e+14  1.828453e+11  2.000000e+06
224  4.000000e+05  3.520000e-03  3.520000e-03  4.968319e+09  5.071135e+09  1.822768e+14  1.822768e+11  2.000000e+06
225  4.000000e+05  3.520000e-03  3.520000e-03  5.071135e+09  5.173661e+09  1.817117e+14  1.817117e+11  2.000000e+06
226  4.000000e+05  3.520000e-03  3.520000e-03  5.173661e+09  5.275891e+09  1.811499e+14  1.811499e+11  2.000000e+06
227  4.000000e+05  3.520000e-03  3.520000e-03  5.275891e+09  5.377819e+09  1.805915e+14  1.805915e+11  2.000000e+06
228  4.000000e+05  3.520000e-03  3.520000e-03  5.377819e+09  5.479440e+09  1.800366e+14  1.800366e+11  2.000000e+06
229  4.000000e+05  3.520000e-03  3.520000e-03  5.479440e+09  5.580747e+09  1.794850e+14  1.794850e+11  2.000000e+06
230  4.000000e+05  3.520000e-03  3.520000e-03  5.580747e+09  5.681735e+09  1.789369e+14  1.789369e+11  2.000000e+06
231  4.000000e+05  3.520000e-03  3.520000e-03  5.681735e+09  5.782399e+09  1.783922e+14  1.783922e+11  2.000000e+06
232  4.000000e+05  3.520000e-03  3.520000e-03  5.782399e+09  5.882731e+09  1.778509e+14  1.778509e+11  2.000000e+06
233  4.000000e+05  3.520000e-03  3.520000e-03  5.882731e+09  5.982727e+09  1.773131e+14  1.773131e+11  2.000000e+06
234  4.000000e+05  3.520000e-03  3.520000e-03  5.982727e+09  6.082381e+09  1.767787e+14  1.767787e+11  2.000000e+06
235  4.000000e+05  3.520000e-03  3.520000e-03  6.082381e+09  6.181687e+09  1.762478e+14  1.762478e+11  2.000000e+06
236  4.000000e+05  3.520000e-03  3.520000e-03  6.181687e+09  6.280640e+09  1.757204e+14  1.757204e+11  2.000000e+06
237  4.000000e+05  3.520000e-03  3.520000e-03  6.280640e+09  6.379233e+09  1.751965e+14  1.751965e+11  2.000000e+06
238  4.000000e+05  3.520000e-03  3.520000e-03  6.379233e+09  6.477462e+09  1.746760e+14  1.746760e+11  2.000000e+06
239  4.000000e+05  3.520000e-03  3.520000e-03  6.477462e+09  6.575320e+09  1.741591e+14  1.741591e+11  2.000000e+06
240  4.000000e+05  3.520000e-03  3.520000e-03  6.575320e+09  6.672803e+09  1.736457e+14  1.736457e+11  2.000000e+06
241  4.000000e+05  3.520000e-03  3.520000e-03  6.672803e+09  6.769903e+09  1.731357e+14  1.731357e+11  2.000000e+06
242  4.000000e+05  3.520000e-03  3.520000e-03  6.769903e+09  6.866617e+09  1.726293e+14  1.726293e+11  2.000000e+06
243  4.000000e+05  3.520000e-03  3.520000e-03  6.866617e+09  6.962937e+09  1.721265e+14  1.721265e+11  2.000000e+06
244  4.000000e+05  3.520000e-03  3.520000e-03  6.962937e+09  7.058860e+09  1.716271e+14  1.716271e+11  2.000000e+06
245  4.000000e+05  3.520000e-03  3.520000e-03  7.058860e+09  7.154379e+09  1.711313e+14  1.711313e+11  2.000000e+06
246  4.000000e+05  3.520000e-03  3.520000e-03  7.154379e+09  7.249488e+09  1.706391e+14  1.706391e+11  2.000000e+06
247  4.000000e+05  3.520000e-03  3.520000e-03  7.249488e+09  7.344184e+09  1.701504e+14  1.701504e+11  2.000000e+06
248  4.000000e+05  3.520000e-03  3.520000e-03  7.344184e+09  7.438459e+09  1.696652e+14  1.696652e+11  2.000000e+06
249  4.000000e+05  3.520000e-03  3.520000e-03  7.438459e+09  7.532309e+09  1.691837e+14  1.691837e+11  2.000000e+06
250  4.000000e+05  3.520000e-03  3.520000e-03  7.532309e+09  7.625728e+09  1.687057e+14  1.687057e+11  2.000000e+06
251  4.000000e+05  3.520000e-03  3.520000e-03  7.625728e+09  7.718710e+09  1.682312e+14  1.682312e+11  2.000000e+06
252  4.000000e+05  3.520000e-03  3.520000e-03  7.718710e+09  7.811252e+09  1.677604e+14  1.677604e+11  2.000000e+06
253  4.000000e+05  3.520000e-03  3.520000e-03  7.811252e+09  7.903347e+09  1.672931e+14  1.672931e+11  2.000000e+06
254  4.000000e+05  3.520000e-03  3.520000e-03  7.903347e+09  7.994990e+09  1.668294e+14  1.668294e+11  2.000000e+06
255  4.000000e+05  3.520000e-03  3.520000e-03  7.994990e+09  8.086175e+09  1.663693e+14  1.663693e+11  2.000000e+06
256  4.000000e+05  3.520000e-03  3.520000e-03  8.086175e+09  8.176898e+09  1.659128e+14  1.659128e+11  2.000000e+06
257  4.000000e+05  3.520000e-03  3.520000e-03  8.176898e+09  8.267154e+09  1.654599e+14  1.654599e+11  2.000000e+06
258  4.000000e+05  3.520000e-03  3.520000e-03  8.267154e+09  8.356937e+09  1.650106e+14  1.650106e+11  2.000000e+06
259  4.000000e+05  3.520000e-03  3.520000e-03  8.356937e+09  8.446242e+09  1.645648e+14  1.645648e+11  2.000000e+06
260  4.000000e+05  3.520000e-03  3.520000e-03  8.446242e+09  8.535063e+09  1.641227e+14  1.641227e+11  2.000000e+06
261  4.000000e+05  3.520000e-03  3.520000e-03  8.535063e+09  8.623397e+09  1.636842e+14  1.636842e+11  2.000000e+06
262  4.000000e+05  3.520000e-03  3.520000e-03  8.623397e+09  8.711238e+09  1.632493e+14  1.632493e+11  2.000000e+06
263  4.000000e+05  3.520000e-03  3.520000e-03  8.711238e+09  8.798580e+09  1.628181e+14  1.628181e+11  2.000000e+06
264  4.000000e+05  3.520000e-03  3.520000e-03  8.798580e+09  8.885420e+09  1.623904e+14  1.623904e+11  2.000000e+06
265  4.000000e+05  3.520000e-03  3.520000e-03  8.885420e+09  8.971751e+09  1.619664e+14  1.619664e+11  2.000000e+06
266  4.000000e+05  3.520000e-03  3.520000e-03  8.971751e+09  9.057569e+09  1.615459e+14  1.615459e+11  2.000000e+06
267  4.000000e+05  3.520000e-03  3.520000e-03  9.057569e+09  9.142869e+09  1.611291e+14  1.611291e+11  2.000000e+06
268  4.000000e+05  3.520000e-03  3.520000e-03  9.142869e+09  9.227646e+09  1.607159e+14  1.607159e+11  2.000000e+06
269  4.000000e+05  3.520000e-03  3.520000e-03  9.227646e+09  9.311895e+09  1.603063e+14  1.603063e+11  2.000000e+06
270  4.000000e+05  3.520000e-03  3.520000e-03  9.311895e+09  9.395612e+09  1.599004e+14  1.599004e+11  2.000000e+06
271  4.000000e+05  3.520000e-03  3.520000e-03  9.395612e+09  9.478792e+09  1.594981e+14  1.594981e+11  2.000000e+06
272  4.000000e+05  3.520000e-03  3.520000e-03  9.478792e+09  9.561430e+09  1.590994e+14  1.590994e+11  2.000000e+06
273  4.000000e+05  3.520000e-03  3.520000e-03  9.561430e+09  9.643520e+09  1.587043e+14  1.587043e+11  2.000000e+06
274  4.000000e+05  3.520000e-03  3.520000e-03  9.643520e+09  9.725060e+09  1.583129e+14  1.583129e+11  2.000000e+06
275  4.000000e+05  3.520000e-03  3.520000e-03  9.725060e+09  9.806043e+09  1.579250e+14  1.579250e+11  2.000000e+06
276  4.000000e+05  3.520000e-03  3.520000e-03  9.806043e+09  9.886465e+09  1.575408e+14  1.575408e+11  2.000000e+06
277  4.000000e+05  3.520000e-03  3.520000e-03  9.886465e+09  9.966322e+09  1.571603e+14  1.571603e+11  2.000000e+06
278  4.000000e+05  3.520000e-03  3.520000e-03  9.966322e+09  1.004561e+10  1.567833e+14  1.567833e+11  2.000000e+06
279  4.000000e+05  3.520000e-03  3.520000e-03  1.004561e+10  1.012432e+10  1.564100e+14  1.564100e+11  2.000000e+06
280  4.000000e+05  3.520000e-03  3.520000e-03  1.012432e+10  1.020246e+10  1.560403e+14  1.560403e+11  2.000000e+06
281  4.000000e+05  3.520000e-03  3.520000e-03  1.020246e+10  1.028001e+10  1.556742e+14  1.556742e+11  2.000000e+06
282  4.000000e+05  3.520000e-03  3.520000e-03  1.028001e+10  1.035697e+10  1.553118e+14  1.553118e+11  2.000000e+06
283  4.000000e+05  3.520000e-03  3.520000e-03  1.035697e+10  1.043334e+10  1.549530e+14  1.549530e+11  2.000000e+06
284  4.000000e+05  3.520000e-03  3.520000e-03  1.043334e+10  1.050911e+10  1.545978e+14  1.545978e+11  2.000000e+06
285  4.000000e+05  3.520000e-03  3.520000e-03  1.050911e+10  1.058428e+10  1.542462e+14  1.542462e+11  2.000000e+06
286  4.000000e+05  3.520000e-03  3.520000e-03  1.058428e+10  1.065885e+10  1.538982e+14  1.538982e+11  2.000000e+06
287  4.000000e+05  3.520000e-03  3.520000e-03  1.065885e+10  1.073281e+10  1.535539e+14  1.535539e+11  2.000000e+06
288  4.000000e+05  3.520000e-03  3.520000e-03  1.073281e+10  1.080615e+10  1.532132e+14  1.532132e+11  2.000000e+06
289  4.000000e+05  3.520000e-03  3.520000e-03  1.080615e+10  1.087888e+10  1.528761e+14  1.528761e+11  2.000000e+06
290  4.000000e+05  3.520000e-03  3.520000e-03  1.087888e+10  1.095098e+10  1.525426e+14  1.525426e+11  2.000000e+06
291  4.000000e+05  3.520000e-03  3.520000e-03  1.095098e+10  1.102246e+10  1.522127e+14  1.522127e+11  2.000000e+06
292  4.000000e+05  3.520000e-03  3.520000e-03  1.102246e+10  1.109330e+10  1.518865e+14  1.518865e+11  2.000000e+06
293  4.000000e+05  3.520000e-03  3.520000e-03  1.109330e+10  1.116352e+10  1.515638e+14  1.515638e+11  2.000000e+06
294  4.000000e+05  3.520000e-03  3.520000e-03  1.116352e+10  1.123309e+10  1.512448e+14  1.512448e+11  2.000000e+06
295  4.000000e+05  3.520000e-03  3.520000e-03  1.123309e+10  1.130202e+10  1.509293e+14  1.509293e+11  2.000000e+06
296  4.000000e+05  3.520000e-03  3.520000e-03  1.130202e+10  1.137031e+10  1.506175e+14  1.506175e+11  2.000000e+06
297  4.000000e+05  3.520000e-03  3.520000e-03  1.137031e+10  1.143794e+10  1.503093e+14  1.503093e+11  2.000000e+06
298  4.000000e+05  3.520000e-03  3.520000e-03  1.143794e+10  1.150492e+10  1.500047e+14  1.500047e+11  2.000000e+06
299  4.000000e+05  3.520000e-03  3.520000e-03  1.150492e+10  1.157125e+10  1.497037e+14  1.497037e+11  2.000000e+06
300  4.000000e+05  3.520000e-03  3.520000e-03  1.157125e+10  1.163691e+10  1.494062e+14  1.494062e+11  2.000000e+06
301  4.000000e+05  3.520000e-03  3.520000e-03  1.163691e+10  1.170191e+10  1.491124e+14  1.491124e+11  2.000000e+06
302  4.000000e+05  3.520000e-03  3.520000e-03  1.170191e+10  1.176623e+10  1.488222e+14  1.488222e+11  2.000000e+06
303  4.000000e+05  3.520000e-03  3.520000e-03  1.176623e+10  1.182989e+10  1.485356e+14  1.485356e+11  2.000000e+06
304  4.000000e+05  3.520000e-03  3.520000e-03  1.182989e+10  1.189286e+10  1.482525e+14  1.482525e+11  2.000000e+06
305  4.000000e+05  3.520000e-03  3.520000e-03  1.189286e+10  1.195516e+10  1.479731e+14  1.479731e+11  2.000000e+06
306  4.000000e+05  3.520000e-03  3.520000e-03  1.195516e+10  1.201677e+10  1.476972e+14  1.476972e+11  2.000000e+06
307  4.000000e+05  3.520000e-03  3.520000e-03  1.201677e+10  1.207770e+10  1.474249e+14  1.474249e+11  2.000000e+06
308  4.000000e+05  3.520000e-03  3.520000e-03  1.207770e+10  1.213794e+10  1.471562e+14  1.471562e+11  2.000000e+06
309  4.000000e+05  3.520000e-03  3.520000e-03  1.213794e+10  1.219748e+10  1.468911e+14  1.468911e+11  2.000000e+06
310  4.000000e+05  3.520000e-03  3.520000e-03  1.219748e+10  1.225632e+10  1.466295e+14  1.466295e+11  2.000000e+06
311  4.000000e+05  3.520000e-03  3.520000e-03  1.225632e+10  1.231446e+10  1.463715e+14  1.463715e+11  2.000000e+06
312  4.000000e+05  3.520000e-03  3.520000e-03  1.231446e+10  1.237190e+10  1.461171e+14  1.461171e+11  2.000000e+06
313  4.000000e+05  3.520000e-03  3.520000e-03  1.237190e+10  1.242863e+10  1.458663e+14  1.458663e+11  2.000000e+06
314  4.000000e+05  3.520000e-03  3.520000e-03  1.242863e+10  1.248465e+10  1.456190e+14  1.456190e+11  2.000000e+06
315  4.000000e+05  3.520000e-03  3.520000e-03  1.248465e+10  1.253996e+10  1.453753e+14  1.453753e+11  2.000000e+06
316  4.000000e+05  3.520000e-03  3.520000e-03  1.253996e+10  1.259455e+10  1.451351e+14  1.451351e+11  2.000000e+06
317  4.000000e+05  3.520000e-03  3.520000e-03  1.259455e+10  1.264842e+10  1.448985e+14  1.448985e+11  2.000000e+06
318  4.000000e+05  3.520000e-03  3.520000e-03  1.264842e+10  1.270156e+10  1.446655e+14  1.446655e+11  2.000000e+06
319  4.000000e+05  3.520000e-03  3.520000e-03  1.270156e+10  1.275398e+10  1.444360e+14  1.444360e+11  2.000000e+06
320  4.000000e+05  3.520000e-03  3.520000e-03  1.275398e+10  1.280567e+10  1.442100e+14  1.442100e+11  2.000000e+06
321  4.000000e+05  3.520000e-03  3.520000e-03  1.280567e+10  1.285663e+10  1.439876e+14  1.439876e+11  2.000000e+06
322  4.000000e+05  3.520000e-03  3.520000e-03  1.285663e+10  1.290685e+10  1.437688e+14  1.437688e+11  2.000000e+06
323  4.000000e+05  3.520000e-03  3.520000e-03  1.290685e+10  1.295634e+10  1.435535e+14  1.435535e+11  2.000000e+06
324  4.000000e+05  3.520000e-03  3.520000e-03  1.295634e+10  1.300508e+10  1.433417e+14  1.433417e+11  2.000000e+06
325  4.000000e+05  3.520000e-03  3.520000e-03  1.300508e+10  1.305308e+10  1.431335e+14  1.431335e+11  2.000000e+06
326  4.000000e+05  3.520000e-03  3.520000e-03  1.305308e+10  1.310033e+10  1.429288e+14  1.429288e+11  2.000000e+06
327  4.000000e+05  3.520000e-03  3.520000e-03  1.310033e+10  1.314684e+10  1.427276e+14  1.427276e+11  2.000000e+06
328  4.000000e+05  3.520000e-03  3.520000e-03  1.314684e+10  1.319259e+10  1.425300e+14  1.425300e+11  2.000000e+06
329  4.000000e+05  3.520000e-03  3.520000e-03  1.319259e+10  1.323759e+10  1.423358e+14  1.423358e+11  2.000000e+06
330  4.000000e+05  3.520000e-03  3.520000e-03  1.323759e+10  1.328183e+10  1.421453e+14  1.421453e+11  2.000000e+06
331  4.000000e+05  3.520000e-03  3.520000e-03  1.328183e+10  1.332531e+10  1.419582e+14  1.419582e+11  2.000000e+06
332  4.000000e+05  3.520000e-03  3.520000e-03  1.332531e+10  1.336803e+10  1.417746e+14  1.417746e+11  2.000000e+06
333  4.000000e+05  3.520000e-03  3.520000e-03  1.336803e+10  1.340998e+10  1.415946e+14  1.415946e+11  2.000000e+06
334  4.000000e+05  3.520000e-03  3.520000e-03  1.340998e+10  1.345117e+10  1.414181e+14  1.414181e+11  2.000000e+06
335  4.000000e+05  3.520000e-03  3.520000e-03  1.345117e+10  1.349159e+10  1.412451e+14  1.412451e+11  2.000000e+06
336  4.000000e+05  3.520000e-03  3.520000e-03  1.349159e+10  1.353124e+10  1.410756e+14  1.410756e+11  2.000000e+06
337  4.000000e+05  3.520000e-03  3.520000e-03  1.353124e+10  1.357011e+10  1.409096e+14  1.409096e+11  2.000000e+06
338  4.000000e+05  3.520000e-03  3.520000e-03  1.357011e+10  1.360821e+10  1.407471e+14  1.407471e+11  2.000000e+06
339  4.000000e+05  3.520000e-03  3.520000e-03  1.360821e+10  1.364553e+10  1.405881e+14  1.405881e+11  2.000000e+06
340  4.000000e+05  3.520000e-03  3.520000e-03  1.364553e+10  1.368206e+10  1.404326e+14  1.404326e+11  2.000000e+06
341  4.000000e+05  3.520000e-03  3.520000e-03  1.368206e+10  1.371782e+10  1.402806e+14  1.402806e+11  2.000000e+06
342  4.000000e+05  3.520000e-03  3.520000e-03  1.371782e+10  1.375279e+10  1.401321e+14  1.401321e+11  2.000000e+06
343  4.000000e+05  3.520000e-03  3.520000e-03  1.375279e+10  1.378698e+10  1.399871e+14  1.399871e+11  2.000000e+06
344  4.000000e+05  3.520000e-03  3.520000e-03  1.378698e+10  1.382037e+10  1.398455e+14  1.398455e+11  2.000000e+06
345  4.000000e+05  3.520000e-03  3.520000e-03  1.382037e+10  1.385298e+10  1.397075e+14  1.397075e+11  2.000000e+06
346  4.000000e+05  3.520000e-03  3.520000e-03  1.385298e+10  1.388479e+10  1.395730e+14  1.395730e+11  2.000000e+06
347  4.000000e+05  3.520000e-03  3.520000e-03  1.388479e+10  1.391581e+10  1.394419e+14  1.394419e+11  2.000000e+06
348  4.000000e+05  3.520000e-03  3.520000e-03  1.391581e+10  1.394604e+10  1.393143e+14  1.393143e+11  2.000000e+06
349  4.000000e+05  3.520000e-03  3.520000e-03  1.394604e+10  1.397547e+10  1.391902e+14  1.391902e+11  2.000000e+06
350  4.000000e+05  3.520000e-03  3.520000e-03  1.397547e+10  1.400409e+10  1.390696e+14  1.390696e+11  2.000000e+06
351  4.000000e+05  3.520000e-03  3.520000e-03  1.400409e+10  1.403192e+10  1.389524e+14  1.389524e+11  2.000000e+06
352  4.000000e+05  3.520000e-03  3.520000e-03  1.403192e+10  1.405894e+10  1.388387e+14  1.388387e+11  2.000000e+06
353  4.000000e+05  3.520000e-03  3.520000e-03  1.405894e+10  1.408516e+10  1.387285e+14  1.387285e+11  2.000000e+06
354  4.000000e+05  3.520000e-03  3.520000e-03  1.408516e+10  1.411058e+10  1.386218e+14  1.386218e+11  2.000000e+06
355  4.000000e+05  3.520000e-03  3.520000e-03  1.411058e+10  1.413519e+10  1.385185e+14  1.385185e+11  2.000000e+06
356  4.000000e+05  3.520000e-03  3.520000e-03  1.413519e+10  1.415899e+10  1.384187e+14  1.384187e+11  2.000000e+06
357  4.000000e+05  3.520000e-03  3.520000e-03  1.415899e+10  1.418198e+10  1.383223e+14  1.383223e+11  2.000000e+06
358  4.000000e+05  3.520000e-03  3.520000e-03  1.418198e+10  1.420415e+10  1.382295e+14  1.382295e+11  2.000000e+06
359  4.000000e+05  3.520000e-03  3.520000e-03  1.420415e+10  1.422552e+10  1.381400e+14  1.381400e+11  2.000000e+06
360  4.000000e+05  3.520000e-03  3.520000e-03  1.422552e+10  1.424607e+10  1.380541e+14  1.380541e+11  2.000000e+06
361  4.000000e+05  3.520000e-03  3.520000e-03  1.424607e+10  1.426581e+10  1.379716e+14  1.379716e+11  2.000000e+06
362  4.000000e+05  3.520000e-03  3.520000e-03  1.426581e+10  1.428473e+10  1.378925e+14  1.378925e+11  2.000000e+06
363  4.000000e+05  3.520000e-03  3.520000e-03  1.428473e+10  1.430284e+10  1.378169e+14  1.378169e+11  2.000000e+06
364  4.000000e+05  3.520000e-03  3.520000e-03  1.430284e+10  1.432013e+10  1.377448e+14  1.377448e+11  2.000000e+06
365  4.000000e+05  3.520000e-03  3.520000e-03  1.432013e+10  1.433659e+10  1.376761e+14  1.376761e+11  2.000000e+06
366  4.000000e+05  3.520000e-03  3.520000e-03  1.433659e+10  1.435224e+10  1.376109e+14  1.376109e+11  2.000000e+06
367  4.000000e+05  3.520000e-03  3.520000e-03  1.435224e+10  1.436707e+10  1.375491e+14  1.375491e+11  2.000000e+06
368  4.000000e+05  3.520000e-03  3.520000e-03  1.436707e+10  1.438108e+10  1.374907e+14  1.374907e+11  2.000000e+06
369  4.000000e+05  3.520000e-03  3.520000e-03  1.438108e+10  1.439426e+10  1.374359e+14  1.374359e+11  2.000000e+06
370  4.000000e+05  3.520000e-03  3.520000e-03  1.439426e+10  1.440662e+10  1.373844e+14  1.373844e+11  2.000000e+06
371  4.000000e+05  3.520000e-03  3.520000e-03  1.440662e+10  1.441816e+10  1.373364e+14  1.373364e+11  2.000000e+06
372  4.000000e+05  3.520000e-03  3.520000e-03  1.441816e+10  1.442887e+10  1.372919e+14  1.372919e+11  2.000000e+06
373  4.000000e+05  3.520000e-03  3.520000e-03  1.442887e+10  1.443876e+10  1.372508e+14  1.372508e+11  2.000000e+06
374  4.000000e+05  3.520000e-03  3.520000e-03  1.443876e+10  1.444782e+10  1.372131e+14  1.372131e+11  2.000000e+06
375  4.000000e+05  3.520000e-03  3.520000e-03  1.444782e+10  1.445605e+10  1.371789e+14  1.371789e+11  2.000000e+06
376  4.000000e+05  3.520000e-03  3.520000e-03  1.445605e+10  1.446346e+10  1.371481e+14  1.371481e+11  2.000000e+06
377  4.000000e+05  3.520000e-03  3.520000e-03  1.446346e+10  1.447004e+10  1.371208e+14  1.371208e+11  2.000000e+06
378  4.000000e+05  3.520000e-03  3.520000e-03  1.447004e+10  1.447580e+10  1.370969e+14  1.370969e+11  2.000000e+06
379  4.000000e+05  3.520000e-03  3.520000e-03  1.447580e+10  1.448072e+10  1.370764e+14  1.370764e+11  2.000000e+06
380  4.000000e+05  3.520000e-03  3.520000e-03  1.448072e+10  1.448482e+10  1.370594e+14  1.370594e+11  2.000000e+06
381  4.000000e+05  3.520000e-03  3.520000e-03  1.448482e+10  1.448809e+10  1.370458e+14  1.370458e+11  2.000000e+06
382  4.000000e+05  3.520000e-03  3.520000e-03  1.448809e+10  1.449053e+10  1.370357e+14  1.370357e+11  2.000000e+06
383  4.000000e+05  3.520000e-03  3.520000e-03  1.449053e+10  1.449214e+10  1.370290e+14  1.370290e+11  2.000000e+06
384  4.000000e+05  3.520000e-03  3.520000e-03  1.449214e+10  1.449293e+10  1.370258e+14  1.370258e+11  2.000000e+06
385  1.780889e+05  3.520000e-03  3.520000e-03  1.449293e+10  1.449301e+10  1.370252e+14  1.370252e+11  2.000000e+06
386  1.780889e+05  3.520000e-03  3.520000e-03  1.449301e+10  1.449293e+10  1.370252e+14  1.370252e+11  2.000000e+06
387  4.000000e+05  3.520000e-03  3.520000e-03  1.449293e+10  1.449214e+10  1.370258e+14  1.370258e+11  2.000000e+06
388  4.000000e+05  3.520000e-03  3.520000e-03  1.449214e+10  1.449053e+10  1.370290e+14  1.370290e+11  2.000000e+06
389  4.000000e+05  3.520000e-03  3.520000e-03  1.449053e+10  1.448809e+10  1.370357e+14  1.370357e+11  2.000000e+06
390  4.000000e+05  3.520000e-03  3.520000e-03  1.448809e+10  1.448482e+10  1.370458e+14  1.370458e+11  2.000000e+06
391  4.000000e+05  3.520000e-03  3.520000e-03  1.448482e+10  1.448072e+10  1.370594e+14  1.370594e+11  2.000000e+06
392  4.000000e+05  3.520000e-03  3.520000e-03  1.448072e+10  1.447580e+10  1.370764e+14  1.370764e+11  2.000000e+06
393  4.000000e+05  3.520000e-03  3.520000e-03  1.447580e+10  1.447004e+10  1.370969e+14  1.370969e+11  2.000000e+06
394  4.000000e+05  3.520000e-03  3.520000e-03  1.447004e+10  1.446346e+10  1.371208e+14  1.371208e+11  2.000000e+06
395  4.000000e+05  3.520000e-03  3.520000e-03  1.446346e+10  1.445605e+10  1.371481e+14  1.371481e+11  2.000000e+06
396  4.000000e+05  3.520000e-03  3.520000e-03  1.445605e+10  1.444782e+10  1.371789e+14  1.371789e+11  2.000000e+06
397  4.000000e+05  3.520000e-03  3.520000e-03  1.444782e+10  1.443876e+10  1.372131e+14  1.372131e+11  2.000000e+06
398  4.000000e+05  3.520000e-03  3.520000e-03  1.443876e+10  1.442887e+10  1.372508e+14  1.372508e+11  2.000000e+06
399  4.000000e+05  3.520000e-03  3.520000e-03  1.442887e+10  1.441816e+10  1.372919e+14  1.372919e+11  2.000000e+06
400  4.000000e+05  3.520000e-03  3.520000e-03  1.441816e+10  1.440662e+10  1.373364e+14  1.373364e+11  2.000000e+06
401  4.000000e+05  3.520000e-03  3.520000e-03  1.440662e+10  1.439426e+10  1.373844e+14  1.373844e+11  2.000000e+06
402  4.000000e+05  3.520000e-03  3.520000e-03  1.439426e+10  1.438108e+10  1.374359e+14  1.374359e+11  2.000000e+06
403  4.000000e+05  3.520000e-03  3.520000e-03  1.438108e+10  1.436707e+10  1.374907e+14  1.374907e+11  2.000000e+06
404  4.000000e+05  3.520000e-03  3.520000e-03  1.436707e+10  1.435224e+10  1.375491e+14  1.375491e+11  2.000000e+06
405  4.000000e+05  3.520000e-03  3.520000e-03  1.435224e+10  1.433659e+10  1.376109e+14  1.376109e+11  2.000000e+06
406  4.000000e+05  3.520000e-03  3.520000e-03  1.433659e+10  1.432013e+10  1.376761e+14  1.376761e+11  2.000000e+06
407  4.000000e+05  3.520000e-03  3.520000e-03  1.432013e+10  1.430284e+10  1.377448e+14  1.377448e+11  2.000000e+06
408  4.000000e+05  3.520000e-03  3.520000e-03  1.430284e+10  1.428473e+10  1.378169e+14  1.378169e+11  2.000000e+06
409  4.000000e+05  3.520000e-03  3.520000e-03  1.428473e+10  1.426581e+10  1.378925e+14  1.378925e+11  2.000000e+06
410  4.000000e+05  3.520000e-03  3.520000e-03  1.426581e+10  1.424607e+10  1.379716e+14  1.379716e+11  2.000000e+06
411  4.000000e+05  3.520000e-03  3.520000e-03  1.424607e+10  1.422552e+10  1.380541e+14  1.380541e+11  2.000000e+06
412  4.000000e+05  3.520000e-03  3.520000e-03  1.422552e+10  1.420415e+10  1.381400e+14  1.381400e+11  2.000000e+06
413  4.000000e+05  3.520000e-03  3.520000e-03  1.420415e+10  1.418198e+10  1.382295e+14  1.382295e+11  2.000000e+06
414  4.000000e+05  3.520000e-03  3.520000e-03  1.418198e+10  1.415899e+10  1.383223e+14  1.383223e+11  2.000000e+06
415  4.000000e+05  3.520000e-03  3.520000e-03  1.415899e+10  1.413519e+10  1.384187e+14  1.384187e+11  2.000000e+06
416  4.000000e+05  3.520000e-03  3.520000e-03  1.413519e+10  1.411058e+10  1.385185e+14  1.385185e+11  2.000000e+06
417  4.000000e+05  3.520000e-03  3.520000e-03  1.411058e+10  1.408516e+10  1.386218e+14  1.386218e+11  2.000000e+06
418  4.000000e+05  3.520000e-03  3.520000e-03  1.408516e+10  1.405894e+10  1.387285e+14  1.387285e+11  2.000000e+06
419  4.000000e+05  3.520000e-03  3.520000e-03  1.405894e+10  1.403192e+10  1.388387e+14  1.388387e+11  2.000000e+06
420  4.000000e+05  3.520000e-03  3.520000e-03  1.403192e+10  1.400409e+10  1.389524e+14  1.389524e+11  2.000000e+06
421  4.000000e+05  3.520000e-03  3.520000e-03  1.400409e+10  1.397547e+10  1.390696e+14  1.390696e+11  2.000000e+06
422  4.000000e+05  3.520000e-03  3.520000e-03  1.397547e+10  1.394604e+10  1.391902e+14  1.391902e+11  2.000000e+06
423  4.000000e+05  3.520000e-03  3.520000e-03  1.394604e+10  1.391581e+10  1.393143e+14  1.393143e+11  2.000000e+06
424  4.000000e+05  3.520000e-03  3.520000e-03  1.391581e+10  1.388479e+10  1.394419e+14  1.394419e+11  2.000000e+06
425  4.000000e+05  3.520000e-03  3.520000e-03  1.388479e+10  1.385298e+10  1.395730e+14  1.395730e+11  2.000000e+06
426  4.000000e+05  3.520000e-03  3.520000e-03  1.385298e+10  1.382037e+10  1.397075e+14  1.397075e+11  2.000000e+06
427  4.000000e+05  3.520000e-03  3.520000e-03  1.382037e+10  1.378698e+10  1.398455e+14  1.398455e+11  2.000000e+06
428  4.000000e+05  3.520000e-03  3.520000e-03  1.378698e+10  1.375279e+10  1.399871e+14  1.399871e+11  2.000000e+06
429  4.000000e+05  3.520000e-03  3.520000e-03  1.375279e+10  1.371782e+10  1.401321e+14  1.401321e+11  2.000000e+06
430  4.000000e+05  3.520000e-03  3.520000e-03  1.371782e+10  1.368206e+10  1.402806e+14  1.402806e+11  2.000000e+06
431  4.000000e+05  3.520000e-03  3.520000e-03  1.368206e+10  1.364553e+10  1.404326e+14  1.404326e+11  2.000000e+06
432  4.000000e+05  3.520000e-03  3.520000e-03  1.364553e+10  1.360821e+10  1.405881e+14  1.405881e+11  2.000000e+06
433  4.000000e+05  3.520000e-03  3.520000e-03  1.360821e+10  1.357011e+10  1.407471e+14  1.407471e+11  2.000000e+06
434  4.000000e+05  3.520000e-03  3.520000e-03  1.357011e+10  1.353124e+10  1.409096e+14  1.409096e+11  2.000000e+06
435  4.000000e+05  3.520000e-03  3.520000e-03  1.353124e+10  1.349159e+10  1.410756e+14  1.410756e+11  2.000000e+06
436  4.000000e+05  3.520000e-03  3.520000e-03  1.349159e+10  1.345117e+10  1.412451e+14  1.412451e+11  2.000000e+06
437  4.000000e+05  3.520000e-03  3.520000e-03  1.345117e+10  1.340998e+10  1.414181e+14  1.414181e+11  2.000000e+06
438  4.000000e+05  3.520000e-03  3.520000e-03  1.340998e+10  1.336803e+10  1.415946e+14  1.415946e+11  2.000000e+06
439  4.000000e+05  3.520000e-03  3.520000e-03  1.336803e+10  1.332531e+10  1.417746e+14  1.417746e+11  2.000000e+06
440  4.000000e+05  3.520000e-03  3.520000e-03  1.332531e+10  1.328183e+10  1.419582e+14  1.419582e+11  2.000000e+06
441  4.000000e+05  3.520000e-03  3.520000e-03  1.328183e+10  1.323759e+10  1.421453e+14  1.421453e+11  2.000000e+06
442  4.000000e+05  3.520000e-03  3.520000e-03  1.323759e+10  1.319259e+10  1.423358e+14  1.423358e+11  2.000000e+06
443  4.000000e+05  3.520000e-03  3.520000e-03  1.319259e+10  1.314684e+10  1.425300e+14  1.425300e+11  2.000000e+06
444  4.000000e+05  3.520000e-03  3.520000e-03  1.314684e+10  1.310033e+10  1.427276e+14  1.427276e+11  2.000000e+06
445  4.000000e+05  3.520000e-03  3.520000e-03  1.310033e+10  1.305308e+10  1.429288e+14  1.429288e+11  2.000000e+06
446  4.000000e+05  3.520000e-03  3.520000e-03  1.305308e+10  1.300508e+10  1.431335e+14  1.431335e+11  2.000000e+06
447  4.000000e+05  3.520000e-03  3.520000e-03  1.300508e+10  1.295634e+10  1.433417e+14  1.433417e+11  2.000000e+06
448  4.000000e+05  3.520000e-03  3.520000e-03  1.295634e+10  1.290685e+10  1.435535e+14  1.435535e+11  2.000000e+06
449  4.000000e+05  3.520000e-03  3.520000e-03  1.290685e+10  1.285663e+10  1.437688e+14  1.437688e+11  2.000000e+06
450  4.000000e+05  3.520000e-03  3.520000e-03  1.285663e+10  1.280567e+10  1.439876e+14  1.439876e+11  2.000000e+06
451  4.000000e+05  3.520000e-03  3.520000e-03  1.280567e+10  1.275398e+10  1.442100e+14  1.442100e+11  2.000000e+06
452  4.000000e+05  3.520000e-03  3.520000e-03  1.275398e+10  1.270156e+10  1.444360e+14  1.444360e+11  2.000000e+06
453  4.000000e+05  3.520000e-03  3.520000e-03  1.270156e+10  1.264842e+10  1.446655e+14  1.446655e+11  2.000000e+06
454  4.000000e+05  3.520000e-03  3.520000e-03  1.264842e+10  1.259455e+10  1.448985e+14  1.448985e+11  2.000000e+06
455  4.000000e+05  3.520000e-03  3.520000e-03  1.259455e+10  1.253996e+10  1.451351e+14  1.451351e+11  2.000000e+06
456  4.000000e+05  3.520000e-03  3.520000e-03  1.253996e+10  1.248465e+10  1.453753e+14  1.453753e+11  2.000000e+06
457  4.000000e+05  3.520000e-03  3.520000e-03  1.248465e+10  1.242863e+10  1.456190e+14  1.456190e+11  2.000000e+06
458  4.000000e+05  3.520000e-03  3.520000e-03  1.242863e+10  1.237190e+10  1.458663e+14  1.458663e+11  2.000000e+06
459  4.000000e+05  3.520000e-03  3.520000e-03  1.237190e+10  1.231446e+10  1.461171e+14  1.461171e+11  2.000000e+06
460  4.000000e+05  3.520000e-03  3.520000e-03  1.231446e+10  1.225632e+10  1.463715e+14  1.463715e+11  2.000000e+06
461  4.000000e+05  3.520000e-03  3.520000e-03  1.225632e+10  1.219748e+10  1.466295e+14  1.466295e+11  2.000000e+06
462  4.000000e+05  3.520000e-03  3.520000e-03  1.219748e+10  1.213794e+10  1.468911e+14  1.468911e+11  2.000000e+06
463  4.000000e+05  3.520000e-03  3.520000e-03  1.213794e+10  1.207770e+10  1.471562e+14  1.471562e+11  2.000000e+06
464  4.000000e+05  3.520000e-03  3.520000e-03  1.207770e+10  1.201677e+10  1.474249e+14  1.474249e+11  2.000000e+06
465  4.000000e+05  3.520000e-03  3.520000e-03  1.201677e+10  1.195516e+10  1.476972e+14  1.476972e+11  2.000000e+06
466  4.000000e+05  3.520000e-03  3.520000e-03  1.195516e+10  1.189286e+10  1.479731e+14  1.479731e+11  2.000000e+06
467  4.000000e+05  3.520000e-03  3.520000e-03  1.189286e+10  1.182989e+10  1.482525e+14  1.482525e+11  2.000000e+06
468  4.000000e+05  3.520000e-03  3.520000e-03  1.182989e+10  1.176623e+10  1.485356e+14  1.485356e+11  2.000000e+06
469  4.000000e+05  3.520000e-03  3.520000e-03  1.176623e+10  1.170191e+10  1.488222e+14  1.488222e+11  2.000000e+06
470  4.000000e+05  3.520000e-03  3.520000e-03  1.170191e+10  1.163691e+10  1.491124e+14  1.491124e+11  2.000000e+06
471  4.000000e+05  3.520000e-03  3.520000e-03  1.163691e+10  1.157125e+10  1.494062e+14  1.494062e+11  2.000000e+06
472  4.000000e+05  3.520000e-03  3.520000e-03  1.157125e+10  1.150492e+10  1.497037e+14  1.497037e+11  2.000000e+06
473  4.000000e+05  3.520000e-03  3.520000e-03  1.150492e+10  1.143794e+10  1.500047e+14  1.500047e+11  2.000000e+06
474  4.000000e+05  3.520000e-03  3.520000e-03  1.143794e+10  1.137031e+10  1.503093e+14  1.503093e+11  2.000000e+06
475  4.000000e+05  3.520000e-03  3.520000e-03  1.137031e+10  1.130202e+10  1.506175e+14  1.506175e+11  2.000000e+06
476  4.000000e+05  3.520000e-03  3.520000e-03  1.130202e+10  1.123309e+10  1.509293e+14  1.509293e+11  2.000000e+06
477  4.000000e+05  3.520000e-03  3.520000e-03  1.123309e+10  1.116352e+10  1.512448e+14  1.512448e+11  2.000000e+06
478  4.000000e+05  3.520000e-03  3.520000e-03  1.116352e+10  1.109330e+10  1.515638e+14  1.515638e+11  2.000000e+06
479  4.000000e+05  3.520000e-03  3.520000e-03  1.109330e+10  1.102246e+10  1.518865e+14  1.518865e+11  2.000000e+06
480  4.000000e+05  3.520000e-03  3.520000e-03  1.102246e+10  1.095098e+10  1.522127e+14  1.522127e+11  2.000000e+06
481  4.000000e+05  3.520000e-03  3.520000e-03  1.095098e+10  1.087888e+10  1.525426e+14  1.525426e+11  2.000000e+06
482  4.000000e+05  3.520000e-03  3.520000e-03  1.087888e+10  1.080615e+10  1.528761e+14  1.528761e+11  2.000000e+06
483  4.000000e+05  3.520000e-03  3.520000e-03  1.080615e+10  1.073281e+10  1.532132e+14  1.532132e+11  2.000000e+06
484  4.000000e+05  3.520000e-03  3.520000e-03  1.073281e+10  1.065885e+10  1.535539e+14  1.535539e+11  2.000000e+06
485  4.000000e+05  3.520000e-03  3.520000e-03  1.065885e+10  1.058428e+10  1.538982e+14  1.538982e+11  2.000000e+06
486  4.000000e+05  3.520000e-03  3.520000e-03  1.058428e+10  1.050911e+10  1.542462e+14  1.542462e+11  2.000000e+06
487  4.000000e+05  3.520000e-03  3.520000e-03  1.050911e+10  1.043334e+10  1.545978e+14  1.545978e+11  2.000000e+06
488  4.000000e+05  3.520000e-03  3.520000e-03  1.043334e+10  1.035697e+10  1.549530e+14  1.549530e+11  2.000000e+06
489  4.000000e+05  3.520000e-03  3.520000e-03  1.035697e+10  1.028001e+10  1.553118e+14  1.553118e+11  2.000000e+06
490  4.000000e+05  3.520000e-03  3.520000e-03  1.028001e+10  1.020246e+10  1.556742e+14  1.556742e+11  2.000000e+06
491  4.000000e+05  3.520000e-03  3.520000e-03  1.020246e+10  1.012432e+10  1.560403e+14  1.560403e+11  2.000000e+06
492  4.000000e+05  3.520000e-03  3.520000e-03  1.012432e+10  1.004561e+10  1.564100e+14  1.564100e+11  2.000000e+06
493  4.000000e+05  3.520000e-03  3.520000e-03  1.004561e+10  9.966322e+09  1.567833e+14  1.567833e+11  2.000000e+06
494  4.000000e+05  3.520000e-03  3.520000e-03  9.966322e+09  9.886465e+09  1.571603e+14  1.571603e+11  2.000000e+06
495  4.000000e+05  3.520000e-03  3.520000e-03  9.886465e+09  9.806043e+09  1.575408e+14  1.575408e+11  2.000000e+06
496  4.000000e+05  3.520000e-03  3.520000e-03  9.806043e+09  9.725060e+09  1.579250e+14  1.579250e+11  2.000000e+06
497  4.000000e+05  3.520000e-03  3.520000e-03  9.725060e+09  9.643520e+09  1.583129e+14  1.583129e+11  2.000000e+06
498  4.000000e+05  3.520000e-03  3.520000e-03  9.643520e+09  9.561430e+09  1.587043e+14  1.587043e+11  2.000000e+06
499  4.000000e+05  3.520000e-03  3.520000e-03  9.561430e+09  9.478792e+09  1.590994e+14  1.590994e+11  2.000000e+06
500  4.000000e+05  3.520000e-03  3.520000e-03  9.478792e+09  9.395612e+09  1.594981e+14  1.594981e+11  2.000000e+06
501  4.000000e+05  3.520000e-03  3.520000e-03  9.395612e+09  9.311895e+09  1.599004e+14  1.599004e+11  2.000000e+06
502  4.000000e+05  3.520000e-03  3.520000e-03  9.311895e+09  9.227646e+09  1.603063e+14  1.603063e+11  2.000000e+06
503  4.000000e+05  3.520000e-03  3.520000e-03  9.227646e+09  9.142869e+09  1.607159e+14  1.607159e+11  2.000000e+06
504  4.000000e+05  3.520000e-03  3.520000e-03  9.142869e+09  9.057569e+09  1.611291e+14  1.611291e+11  2.000000e+06
505  4.000000e+05  3.520000e-03  3.520000e-03  9.057569e+09  8.971751e+09  1.615459e+14  1.615459e+11  2.000000e+06
506  4.000000e+05  3.520000e-03  3.520000e-03  8.971751e+09  8.885420e+09  1.619664e+14  1.619664e+11  2.000000e+06
507  4.000000e+05  3.520000e-03  3.520000e-03  8.885420e+09  8.798580e+09  1.623904e+14  1.623904e+11  2.000000e+06
508  4.000000e+05  3.520000e-03  3.520000e-03  8.798580e+09  8.711238e+09  1.628181e+14  1.628181e+11  2.000000e+06
509  4.000000e+05  3.520000e-03  3.520000e-03  8.711238e+09  8.623397e+09  1.632493e+14  1.632493e+11  2.000000e+06
510  4.000000e+05  3.520000e-03  3.520000e-03  8.623397e+09  8.535063e+09  1.636842e+14  1.636842e+11  2.000000e+06
511  4.000000e+05  3.520000e-03  3.520000e-03  8.535063e+09  8.446242e+09  1.641227e+14  1.641227e+11  2.000000e+06
512  4.000000e+05  3.520000e-03  3.520000e-03  8.446242e+09  8.356937e+09  1.645648e+14  1.645648e+11  2.000000e+06
513  4.000000e+05  3.520000e-03  3.520000e-03  8.356937e+09  8.267154e+09  1.650106e+14  1.650106e+11  2.000000e+06
514  4.000000e+05  3.520000e-03  3.520000e-03  8.267154e+09  8.176898e+09  1.654599e+14  1.654599e+11  2.000000e+06
515  4.000000e+05  3.520000e-03  3.520000e-03  8.176898e+09  8.086175e+09  1.659128e+14  1.659128e+11  2.000000e+06
516  4.000000e+05  3.520000e-03  3.520000e-03  8.086175e+09  7.994990e+09  1.663693e+14  1.663693e+11  2.000000e+06
517  4.000000e+05  3.520000e-03  3.520000e-03  7.994990e+09  7.903347e+09  1.668294e+14  1.668294e+11  2.000000e+06
518  4.000000e+05  3.520000e-03  3.520000e-03  7.903347e+09  7.811252e+09  1.672931e+14  1.672931e+11  2.000000e+06
519  4.000000e+05  3.520000e-03  3.520000e-03  7.811252e+09  7.718710e+09  1.677604e+14  1.677604e+11  2.000000e+06
520  4.000000e+05  3.520000e-03  3.520000e-03  7.718710e+09  7.625728e+09  1.682312e+14  1.682312e+11  2.000000e+06
521  4.000000e+05  3.520000e-03  3.520000e-03  7.625728e+09  7.532309e+09  1.687057e+14  1.687057e+11  2.000000e+06
522  4.000000e+05  3.520000e-03  3.520000e-03  7.532309e+09  7.438459e+09  1.691837e+14  1.691837e+11  2.000000e+06
523  4.000000e+05  3.520000e-03  3.520000e-03  7.438459e+09  7.344184e+09  1.696652e+14  1.696652e+11  2.000000e+06
524  4.000000e+05  3.520000e-03  3.520000e-03  7.344184e+09  7.249488e+09  1.701504e+14  1.701504e+11  2.000000e+06
525  4.000000e+05  3.520000e-03  3.520000e-03  7.249488e+09  7.154379e+09  1.706391e+14  1.706391e+11  2.000000e+06
526  4.000000e+05  3.520000e-03  3.520000e-03  7.154379e+09  7.058860e+09  1.711313e+14  1.711313e+11  2.000000e+06
527  4.000000e+05  3.520000e-03  3.520000e-03  7.058860e+09  6.962937e+09  1.716271e+14  1.716271e+11  2.000000e+06
528  4.000000e+05  3.520000e-03  3.520000e-03  6.962937e+09  6.866617e+09  1.721265e+14  1.721265e+11  2.000000e+06
529  4.000000e+05  3.520000e-03  3.520000e-03  6.866617e+09  6.769903e+09  1.726293e+14  1.726293e+11  2.000000e+06
530  4.000000e+05  3.520000e-03  3.520000e-03  6.769903e+09  6.672803e+09  1.731357e+14  1.731357e+11  2.000000e+06
531  4.000000e+05  3.520000e-03  3.520000e-03  6.672803e+09  6.575320e+09  1.736457e+14  1.736457e+11  2.000000e+06
532  4.000000e+05  3.520000e-03  3.520000e-03  6.575320e+09  6.477462e+09  1.741591e+14  1.741591e+11  2.000000e+06
533  4.000000e+05  3.520000e-03  3.520000e-03  6.477462e+09  6.379233e+09  1.746760e+14  1.746760e+11  2.000000e+06
534  4.000000e+05  3.520000e-03  3.520000e-03  6.379233e+09  6.280640e+09  1.751965e+14  1.751965e+11  2.000000e+06
535  4.000000e+05  3.520000e-03  3.520000e-03  6.280640e+09  6.181687e+09  1.757204e+14  1.757204e+11  2.000000e+06
536  4.000000e+05  3.520000e-03  3.520000e-03  6.181687e+09  6.082381e+09  1.762478e+14  1.762478e+11  2.000000e+06
537  4.000000e+05  3.520000e-03  3.520000e-03  6.082381e+09  5.982727e+09  1.767787e+14  1.767787e+11  2.000000e+06
538  4.000000e+05  3.520000e-03  3.520000e-03  5.982727e+09  5.882731e+09  1.773131e+14  1.773131e+11  2.000000e+06
539  4.000000e+05  3.520000e-03  3.520000e-03  5.882731e+09  5.782399e+09  1.778509e+14  1.778509e+11  2.000000e+06
540  4.000000e+05  3.520000e-03  3.520000e-03  5.782399e+09  5.681735e+09  1.783922e+14  1.783922e+11  2.000000e+06
541  4.000000e+05  3.520000e-03  3.520000e-03  5.681735e+09  5.580747e+09  1.789369e+14  1.789369e+11  2.000000e+06
542  4.000000e+05  3.520000e-03  3.520000e-03  5.580747e+09  5.479440e+09  1.794850e+14  1.794850e+11  2.000000e+06
543  4.000000e+05  3.520000e-03  3.520000e-03  5.479440e+09  5.377819e+09  1.800366e+14  1.800366e+11  2.000000e+06
544  4.000000e+05  3.520000e-03  3.520000e-03  5.377819e+09  5.275891e+09  1.805915e+14  1.805915e+11  2.000000e+06
545  4.000000e+05  3.520000e-03  3.520000e-03  5.275891e+09  5.173661e+09  1.811499e+14  1.811499e+11  2.000000e+06
546  4.000000e+05  3.520000e-03  3.520000e-03  5.173661e+09  5.071135e+09  1.817117e+14  1.817117e+11  2.000000e+06
547  4.000000e+05  3.520000e-03  3.520000e-03  5.071135e+09  4.968319e+09  1.822768e+14  1.822768e+11  2.000000e+06
548  4.000000e+05  3.520000e-03  3.520000e-03  4.968319e+09  4.865220e+09  1.828453e+14  1.828453e+11  2.000000e+06
549  4.000000e+05  3.520000e-03  3.520000e-03  4.865220e+09  4.761841e+09  1.834171e+14  1.834171e+11  2.000000e+06
550  4.000000e+05  3.520000e-03  3.520000e-03  4.761841e+09  4.658191e+09  1.839923e+14  1.839923e+11  2.000000e+06
551  4.000000e+05  3.520000e-03  3.520000e-03  4.658191e+09  4.554274e+09  1.845708e+14  1.845708e+11  2.000000e+06
552  4.000000e+05  3.520000e-03  3.520000e-03  4.554274e+09  4.450097e+09  1.851526e+14  1.851526e+11  2.000000e+06
553  4.000000e+05  3.520000e-03  3.520000e-03  4.450097e+09  4.345665e+09  1.857377e+14  1.857377e+11  2.000000e+06
554  4.000000e+05  3.520000e-03  3.520000e-03  4.345665e+09  4.240985e+09  1.863262e+14  1.863262e+11  2.000000e+06
555  4.000000e+05  3.520000e-03  3.520000e-03  4.240985e+09  4.136062e+09  1.869178e+14  1.869178e+11  2.000000e+06
556  4.000000e+05  3.520000e-03  3.520000e-03  4.136062e+09  4.030902e+09  1.875128e+14  1.875128e+11  2.000000e+06
557  4.000000e+05  3.520000e-03  3.520000e-03  4.030902e+09  3.925512e+09  1.881109e+14  1.881109e+11  2.000000e+06
558  4.000000e+05  3.520000e-03  3.520000e-03  3.925512e+09  3.819898e+09  1.887123e+14  1.887123e+11  2.000000e+06
559  4.000000e+05  3.520000e-03  3.520000e-03  3.819898e+09  3.714065e+09  1.893169e+14  1.893169e+11  2.000000e+06
560  4.000000e+05  3.520000e-03  3.520000e-03  3.714065e+09  3.608020e+09  1.899247e+14  1.899247e+11  2.000000e+06
561  4.000000e+05  3.520000e-03  3.520000e-03  3.608020e+09  3.501768e+09  1.905357e+14  1.905357e+11  2.000000e+06
562  4.000000e+05  3.520000e-03  3.520000e-03  3.501768e+09  3.395317e+09  1.911499e+14  1.911499e+11  2.000000e+06
563  4.000000e+05  3.520000e-03  3.520000e-03  3.395317e+09  3.288671e+09  1.917671e+14  1.917671e+11  2.000000e+06
564  4.000000e+05  3.520000e-03  3.520000e-03  3.288671e+09  3.181837e+09  1.923875e+14  1.923875e+11  2.000000e+06
565  4.000000e+05  3.520000e-03  3.520000e-03  3.181837e+09  3.074820e+09  1.930111e+14  1.930111e+11  2.000000e+06
566  4.000000e+05  3.520000e-03  3.520000e-03  3.074820e+09  2.967629e+09  1.936377e+14  1.936377e+11  2.000000e+06
567  4.000000e+05  3.520000e-03  3.520000e-03  2.967629e+09  2.860267e+09  1.942673e+14  1.942673e+11  2.000000e+06
568  4.000000e+05  3.520000e-03  3.520000e-03  2.860267e+09  2.752742e+09  1.949000e+14  1.949000e+11  2.000000e+06
569  4.000000e+05  3.520000e-03  3.520000e-03  2.752742e+09  2.645059e+09  1.955358e+14  1.955358e+11  2.000000e+06
570  4.000000e+05  3.520000e-03  3.520000e-03  2.645059e+09  2.537225e+09  1.961745e+14  1.961745e+11  2.000000e+06
571  4.000000e+05  3.520000e-03  3.520000e-03  2.537225e+09  2.429247e+09  1.968163e+14  1.968163e+11  2.000000e+06
572  4.000000e+05  3.520000e-03  3.520000e-03  2.429247e+09  2.321129e+09  1.974610e+14  1.974610e+11  2.000000e+06
573  4.000000e+05  3.520000e-03  3.520000e-03  2.321129e+09  2.212878e+09  1.981087e+14  1.981087e+11  2.000000e+06
574  3.846365e+05  3.520000e-03  3.520000e-03  2.212878e+09  2.108666e+09  1.987467e+14  1.987467e+11  2.000000e+06
575  3.628646e+05  3.520000e-03  3.520000e-03  2.108666e+09  2.010250e+09  1.993572e+14  1.993572e+11  2.000000e+06
576  3.423251e+05  3.520000e-03  3.520000e-03  2.010250e+09  1.917318e+09  1.999355e+14  1.999355e+11  2.000000e+06
577  3.229482e+05  3.520000e-03  3.520000e-03  1.917318e+09  1.829573e+09  2.004830e+14  2.004830e+11  2.000000e+06
578  3.046681e+05  3.520000e-03  3.520000e-03  1.829573e+09  1.746732e+09  2.010014e+14  2.010014e+11  2.000000e+06
579  2.874227e+05  3.520000e-03  3.520000e-03  1.746732e+09  1.668527e+09  2.014920e+14  2.014920e+11  2.000000e+06
580  2.711535e+05  3.520000e-03  3.520000e-03  1.668527e+09  1.594703e+09  2.019563e+14  2.019563e+11  2.000000e+06
581  2.558052e+05  3.520000e-03  3.520000e-03  1.594703e+09  1.525020e+09  2.023956e+14  2.023956e+11  2.000000e+06
582  2.413257e+05  3.520000e-03  3.520000e-03  1.525020e+09  1.459248e+09  2.028111e+14  2.028111e+11  2.000000e+06
583  2.276657e+05  3.520000e-03  3.520000e-03  1.459248e+09  1.397171e+09  2.032040e+14  2.032040e+11  2.000000e+06
584  2.147790e+05  3.520000e-03  3.520000e-03  1.397171e+09  1.338584e+09  2.035756e+14  2.035756e+11  2.000000e+06
585  2.026217e+05  3.520000e-03  3.520000e-03  1.338584e+09  1.283294e+09  2.039269e+14  2.039269e+11  2.000000e+06
586  1.911525e+05  3.520000e-03  3.520000e-03  1.283294e+09  1.231115e+09  2.042590e+14  2.042590e+11  2.000000e+06
587  1.803326e+05  3.520000e-03  3.520000e-03  1.231115e+09  1.181876e+09  2.045729e+14  2.045729e+11  2.000000e+06
588  1.701251e+05  3.520000e-03  3.520000e-03  1.181876e+09  1.135411e+09  2.048695e+14  2.048695e+11  2.000000e+06
589  1.604954e+05  3.520000e-03  3.520000e-03  1.135411e+09  1.091565e+09  2.051499e+14  2.051499e+11  2.000000e+06
590  1.514107e+05  3.520000e-03  3.520000e-03  1.091565e+09  1.050192e+09  2.054148e+14  2.054148e+11  2.000000e+06
591  1.428403e+05  3.520000e-03  3.520000e-03  1.050192e+09  1.011153e+09  2.056650e+14  2.056650e+11  2.000000e+06
592  1.347550e+05  3.520000e-03  3.520000e-03  1.011153e+09  9.743164e+08  2.059015e+14  2.059015e+11  2.000000e+06
593  1.271274e+05  3.520000e-03  3.520000e-03  9.743164e+08  9.395596e+08  2.061248e+14  2.061248e+11  2.000000e+06
594  1.199315e+05  3.520000e-03  3.520000e-03  9.395596e+08  9.067651e+08  2.063358e+14  2.063358e+11  2.000000e+06
595  1.131429e+05  3.520000e-03  3.520000e-03  9.067651e+08  8.758226e+08  2.065350e+14  2.065350e+11  2.000000e+06
596  1.067386e+05  3.520000e-03  3.520000e-03  8.758226e+08  8.466279e+08  2.067232e+14  2.067232e+11  2.000000e+06
597  1.006968e+05  3.520000e-03  3.520000e-03  8.466279e+08  8.190826e+08  2.069008e+14  2.069008e+11  2.000000e+06
598  9.499696e+04  3.520000e-03  3.520000e-03  8.190826e+08  7.930937e+08  2.070686e+14  2.070686e+11  2.000000e+06
599  8.961977e+04  3.520000e-03  3.520000e-03  7.930937e+08  7.685736e+08  2.072271e+14  2.072271e+11  2.000000e+06
600  8.454695e+04  3.520000e-03  3.520000e-03  7.685736e+08  7.454394e+08  2.073767e+14  2.073767e+11  2.000000e+06
601  7.976128e+04  3.520000e-03  3.520000e-03  7.454394e+08  7.236129e+08  2.075179e+14  2.075179e+11  2.000000e+06
602  7.524649e+04  3.520000e-03  3.520000e-03  7.236129e+08  7.030203e+08  2.076512e+14  2.076512e+11  2.000000e+06
603  7.098725e+04  3.520000e-03  3.520000e-03  7.030203e+08  6.835921e+08  2.077771e+14  2.077771e+11  2.000000e+06
604  6.696911e+04  3.520000e-03  3.520000e-03  6.835921e+08  6.652624e+08  2.078960e+14  2.078960e+11  2.000000e+06
605  6.317840e+04  3.520000e-03  3.520000e-03  6.652624e+08  6.479693e+08  2.080081e+14  2.080081e+11  2.000000e+06
606  5.960227e+04  3.520000e-03  3.520000e-03  6.479693e+08  6.316542e+08  2.081140e+14  2.081140e+11  2.000000e+06
607  5.622855e+04  3.520000e-03  3.520000e-03  6.316542e+08  6.162619e+08  2.082140e+14  2.082140e+11  2.000000e+06
608  5.304581e+04  3.520000e-03  3.520000e-03  6.162619e+08  6.017402e+08  2.083083e+14  2.083083e+11  2.000000e+06
609  5.004321e+04  3.520000e-03  3.520000e-03  6.017402e+08  5.880399e+08  2.083974e+14  2.083974e+11  2.000000e+06
610  4.721058e+04  3.520000e-03  3.520000e-03  5.880399e+08  5.751146e+08  2.084814e+14  2.084814e+11  2.000000e+06
611  4.453828e+04  3.520000e-03  3.520000e-03  5.751146e+08  5.629205e+08  2.085607e+14  2.085607e+11  2.000000e+06
612  4.201725e+04  3.520000e-03  3.520000e-03  5.629205e+08  5.514163e+08  2.086356e+14  2.086356e+11  2.000000e+06
613  3.963891e+04  3.520000e-03  3.520000e-03  5.514163e+08  5.405629e+08  2.087062e+14  2.087062e+11  2.000000e+06
614  3.739520e+04  3.520000e-03  3.520000e-03  5.405629e+08  5.303237e+08  2.087729e+14  2.087729e+11  2.000000e+06
615  3.527849e+04  3.520000e-03  3.520000e-03  5.303237e+08  5.206637e+08  2.088358e+14  2.088358e+11  2.000000e+06
616  3.328159e+04  3.520000e-03  3.520000e-03  5.206637e+08  5.115503e+08  2.088952e+14  2.088952e+11  2.000000e+06
617  3.139773e+04  3.520000e-03  3.520000e-03  5.115503e+08  5.029526e+08  2.089512e+14  2.089512e+11  2.000000e+06
618  2.962050e+04  3.520000e-03  3.520000e-03  5.029526e+08  4.948414e+08  2.090041e+14  2.090041e+11  2.000000e+06
619  2.794387e+04  3.520000e-03  3.520000e-03  4.948414e+08  4.871892e+08  2.090540e+14  2.090540e+11  2.000000e+06
620  2.636214e+04  3.520000e-03  3.520000e-03  4.871892e+08  4.799700e+08  2.091011e+14  2.091011e+11  2.000000e+06
621  2.486994e+04  3.520000e-03  3.520000e-03  4.799700e+08  4.731593e+08  2.091455e+14  2.091455e+11  2.000000e+06
622  2.346221e+04  3.520000e-03  3.520000e-03  4.731593e+08  4.667341e+08  2.091874e+14  2.091874e+11  2.000000e+06
623  2.213416e+04  3.520000e-03  3.520000e-03  4.667341e+08  4.606724e+08  2.092270e+14  2.092270e+11  2.000000e+06
624  2.088128e+04  3.520000e-03  3.520000e-03  4.606724e+08  4.549538e+08  2.092643e+14  2.092643e+11  2.000000e+06
625  1.969932e+04  3.520000e-03  3.520000e-03  4.549538e+08  4.495588e+08  2.092996e+14  2.092996e+11  2.000000e+06
626  1.858427e+04  3.520000e-03  3.520000e-03  4.495588e+08  4.444691e+08  2.093328e+14  2.093328e+11  2.000000e+06
627  1.753233e+04  3.520000e-03  3.520000e-03  4.444691e+08  4.396675e+08  2.093642e+14  2.093642e+11  2.000000e+06
628  1.653993e+04  3.520000e-03  3.520000e-03  4.396675e+08  4.351376e+08  2.093937e+14  2.093937e+11  2.000000e+06
629  1.560371e+04  3.520000e-03  3.520000e-03  4.351376e+08  4.308641e+08  2.094217e+14  2.094217e+11  2.000000e+06
630  1.472048e+04  3.520000e-03  3.520000e-03  4.308641e+08  4.268325e+08  2.094480e+14  2.094480e+11  2.000000e+06
631  1.388725e+04  3.520000e-03  3.520000e-03  4.268325e+08  4.230290e+08  2.094728e+14  2.094728e+11  2.000000e+06
632  1.310118e+04  3.520000e-03  3.520000e-03  4.230290e+08  4.194408e+08  2.094963e+14  2.094963e+11  2.000000e+06
633  1.235960e+04  3.520000e-03  3.520000e-03  4.194408e+08  4.160557e+08  2.095184e+14  2.095184e+11  2.000000e+06
634  1.166000e+04  3.520000e-03  3.520000e-03  4.160557e+08  4.128621e+08  2.095393e+14  2.095393e+11  2.000000e+06
635  1.100000e+04  3.520000e-03  3.520000e-03  4.128621e+08  4.098494e+08  2.095590e+14  2.095590e+11  2.000000e+06
636  1.100000e+04  3.520000e-03  3.520000e-03  4.098494e+08  4.068366e+08  2.095781e+14  2.095781e+11  2.000000e+06
637  1.100000e+04  3.520000e-03  3.520000e-03  4.068366e+08  4.038237e+08  2.095972e+14  2.095972e+11  2.000000e+06
638  1.100000e+04  3.520000e-03  3.520000e-03  4.038237e+08  4.008109e+08  2.096164e+14  2.096164e+11  2.000000e+06
639  1.100000e+04  3.520000e-03  3.520000e-03  4.008109e+08  3.977980e+08  2.096355e+14  2.096355e+11  2.000000e+06
640  1.100000e+04  3.520000e-03  3.520000e-03  3.977980e+08  3.947852e+08  2.096546e+14  2.096546e+11  2.000000e+06
641  1.100000e+04  3.520000e-03  3.520000e-03  3.947852e+08  3.917723e+08  2.096738e+14  2.096738e+11  2.000000e+06
642  1.100000e+04  3.520000e-03  3.520000e-03  3.917723e+08  3.887594e+08  2.096929e+14  2.096929e+11  2.000000e+06
643  1.100000e+04  3.520000e-03  3.520000e-03  3.887594e+08  3.857464e+08  2.097120e+14  2.097120e+11  2.000000e+06
644  1.100000e+04  3.520000e-03  3.520000e-03  3.857464e+08  3.827335e+08  2.097312e+14  2.097312e+11  2.000000e+06
645  1.100000e+04  3.520000e-03  3.520000e-03  3.827335e+08  3.797205e+08  2.097503e+14  2.097503e+11  2.000000e+06
646  1.100000e+04  3.520000e-03  3.520000e-03  3.797205e+08  3.767076e+08  2.098726e+14  2.098726e+11  1.999017e+06
647  1.100000e+04  3.520000e-03  3.520000e-03  3.767076e+08  3.736946e+08  2.106853e+14  2.106853e+11  1.991487e+06
648  1.100000e+04  3.520000e-03  3.520000e-03  3.736946e+08  3.706816e+08  2.122925e+14  2.122925e+11  1.976592e+06
649  1.100000e+04  3.520000e-03  3.520000e-03  3.706816e+08  3.676686e+08  2.147183e+14  2.147183e+11  1.954442e+06
650  1.100000e+04  3.520000e-03  3.520000e-03  3.676686e+08  3.646555e+08  2.179998e+14  2.179998e+11  1.925202e+06
651  1.100000e+04  3.520000e-03  3.520000e-03  3.646555e+08  3.616425e+08  2.221882e+14  2.221882e+11  1.889089e+06
652  1.100000e+04  3.520000e-03  3.520000e-03  3.616425e+08  3.586294e+08  2.273505e+14  2.273505e+11  1.846374e+06
653  1.100000e+04  3.520000e-03  3.520000e-03  3.586294e+08  3.556163e+08  2.335716e+14  2.335716e+11  1.797373e+06
654  1.100000e+04  3.520000e-03  3.520000e-03  3.556163e+08  3.526032e+08  2.409580e+14  2.409580e+11  1.742453e+06
655  1.100000e+04  3.520000e-03  3.520000e-03  3.526032e+08  3.495901e+08  2.496411e+14  2.496411e+11  1.682023e+06
656  1.100000e+04  3.520000e-03  3.520000e-03  3.495901e+08  3.465770e+08  2.597829e+14  2.597829e+11  1.616533e+06
657  1.100000e+04  3.520000e-03  3.520000e-03  3.465770e+08  3.435638e+08  2.715828e+14  2.715828e+11  1.546471e+06
658  1.100000e+04  3.520000e-03  3.520000e-03  3.435638e+08  3.405507e+08  2.852866e+14  2.852866e+11  1.472360e+06
659  1.100000e+04  3.520000e-03  3.520000e-03  3.405507e+08  3.375375e+08  3.011981e+14  3.011981e+11  1.394752e+06
660  1.100000e+04  3.520000e-03  3.520000e-03  3.375375e+08  3.345243e+08  3.196952e+14  3.196952e+11  1.314225e+06
661  1.100000e+04  3.520000e-03  3.520000e-03  3.345243e+08  3.315111e+08  3.412511e+14  3.412511e+11  1.231381e+06
662  1.100000e+04  3.520000e-03  3.520000e-03  3.315111e+08  3.284979e+08  3.664626e+14  3.664626e+11  1.146835e+06
663  1.100000e+04  3.520000e-03  3.520000e-03  3.284979e+08  3.254846e+08  3.960905e+14  3.960905e+11  1.061220e+06
664  1.100000e+04  3.520000e-03  3.520000e-03  3.254846e+08  3.224714e+08  4.311150e+14  4.311150e+11  9.751725e+05
665  1.100000e+04  3.520000e-03  3.520000e-03  3.224714e+08  3.194581e+08  4.728143e+14  4.728143e+11  8.893347e+05
666  1.100000e+04  3.520000e-03  3.520000e-03  3.194581e+08  3.164449e+08  5.228798e+14  5.228798e+11  8.043464e+05
667  1.100000e+04  3.520000e-03  3.520000e-03  3.164449e+08  3.134316e+08  5.835847e+14  5.835847e+11  7.208413e+05
668  1.100000e+04  3.520000e-03  3.520000e-03  3.134316e+08  3.104183e+08  6.580400e+14  6.580400e+11  6.394420e+05
669  1.100000e+04  3.520000e-03  3.520000e-03  3.104183e+08  3.074049e+08  7.505919e+14  7.505919e+11  5.607556e+05
670  1.100000e+04  3.520000e-03  3.520000e-03  3.074049e+08  3.043916e+08  8.674554e+14  8.674554e+11  4.853686e+05
671  1.100000e+04  3.520000e-03  3.520000e-03  3.043916e+08  3.013783e+08  1.017762e+15  1.017762e+12  4.138432e+05
672  1.100000e+04  3.520000e-03  3.520000e-03  3.013783e+08  2.983649e+08  1.215357e+15  1.215357e+12  3.467128e+05
673  1.100000e+04  3.520000e-03  3.520000e-03  2.983649e+08  2.953516e+08  1.482019e+15  1.482019e+12  2.844779e+05
674  1.100000e+04  3.520000e-03  3.520000e-03  2.953516e+08  2.923382e+08  1.853547e+15  1.853547e+12  2.276027e+05
675  1.100000e+04  3.520000e-03  3.520000e-03  2.923382e+08  2.893248e+08  2.391976e+15  2.391976e+12  1.765113e+05
676  1.100000e+04  3.520000e-03  3.520000e-03  2.893248e+08  2.863114e+08  3.211982e+15  3.211982e+12  1.315847e+05
677  1.100000e+04  3.520000e-03  3.520000e-03  2.863114e+08  2.832980e+08  4.543191e+15  4.543191e+12  9.315793e+04
678  1.100000e+04  3.520000e-03  3.520000e-03  2.832980e+08  2.802845e+08  6.893374e+15  6.893374e+12  6.151768e+04
679  1.100000e+04  3.520000e-03  3.520000e-03  2.802845e+08  2.772711e+08  1.152643e+16  1.152643e+13  3.689993e+04
680  1.100000e+04  3.520000e-03  3.520000e-03  2.772711e+08  2.742576e+08  2.193281e+16  2.193281e+13  1.948832e+04
681  1.100000e+04  3.520000e-03  3.520000e-03  2.742576e+08  2.712442e+08  4.583729e+16  4.583729e+13  9.412775e+03
682  1.100000e+04  3.520000e-03  3.520000e-03  2.712442e+08  2.682307e+08  4.851344e+16  3.480454e+16  6.673747e+03
683  1.100000e+04  3.520000e-03  3.520000e-03  2.682307e+08  2.652172e+08  5.030383e+16  3.716786e+16  6.671956e+03
684  1.100000e+04  3.520000e-03  3.520000e-03  2.652172e+08  2.622037e+08  5.209423e+16  3.953118e+16  6.670166e+03
685  1.100000e+04  3.520000e-03  3.520000e-03  2.622037e+08  2.591902e+08  5.388463e+16  4.189452e+16  6.668375e+03
686  1.100000e+04  3.520000e-03  3.520000e-03  2.591902e+08  2.561767e+08  5.571304e+16  4.451115e+16  6.666657e+03
687  1.100000e+04  3.520000e-03  3.520000e-03  2.561767e+08  2.531631e+08  5.766735e+16  4.796715e+16  6.665176e+03
688  1.100000e+04  3.520000e-03  3.520000e-03  2.531631e+08  2.501496e+08  5.962166e+16  5.142316e+16  6.663696e+03
689  1.100000e+04  3.520000e-03  3.520000e-03  2.501496e+08  2.471360e+08  6.157599e+16  5.487918e+16  6.662215e+03
690  1.100000e+04  3.520000e-03  3.520000e-03  2.471360e+08  2.441225e+08  6.353032e+16  5.833522e+16  6.660735e+03
691  1.100000e+04  3.520000e-03  3.520000e-03  2.441225e+08  2.411089e+08  6.563748e+16  6.292402e+16  6.659401e+03
692  1.100000e+04  3.520000e-03  3.520000e-03  2.411089e+08  2.380953e+08  6.789514e+16  6.862837e+16  6.658212e+03
693  1.100000e+04  3.520000e-03  3.520000e-03  2.380953e+08  2.350817e+08  7.015281e+16  7.433273e+16  6.657023e+03
694  1.100000e+04  3.520000e-03  3.520000e-03  2.350817e+08  2.320681e+08  7.241048e+16  8.003711e+16  6.655834e+03
695  1.100000e+04  3.520000e-03  3.520000e-03  2.320681e+08  2.290545e+08  7.466816e+16  8.574152e+16  6.654645e+03
696  1.100000e+04  3.520000e-03  3.520000e-03  2.290545e+08  2.260408e+08  7.692586e+16  9.144594e+16  6.653456e+03
697  1.100000e+04  3.520000e-03  3.520000e-03  2.260408e+08  2.230272e+08  7.918355e+16  9.715038e+16  6.652267e+03
698  1.100000e+04  3.520000e-03  3.520000e-03  2.230272e+08  2.200135e+08  8.169316e+16  1.065410e+17  6.651216e+03
699  1.100000e+04  3.520000e-03  3.520000e-03  2.200135e+08  2.169999e+08  8.427561e+16  1.169977e+17  6.650206e+03
700  1.100000e+04  3.520000e-03  3.520000e-03  2.169999e+08  2.139862e+08  8.685808e+16  1.274543e+17  6.649196e+03
701  1.100000e+04  3.520000e-03  3.520000e-03  2.139862e+08  2.109725e+08  8.944055e+16  1.379111e+17  6.648186e+03
702  1.100000e+04  3.520000e-03  3.520000e-03  2.109725e+08  2.079589e+08  9.202304e+16  1.483678e+17  6.647176e+03
703  1.100000e+04  3.520000e-03  3.520000e-03  2.079589e+08  2.049452e+08  9.460552e+16  1.588246e+17  6.646166e+03
704  1.100000e+04  3.520000e-03  3.520000e-03  2.049452e+08  2.019315e+08  9.718802e+16  1.692814e+17  6.645156e+03
705  1.100000e+04  3.520000e-03  3.520000e-03  2.019315e+08  1.989178e+08  9.977053e+16  1.797382e+17  6.644146e+03
706  1.100000e+04  3.520000e-03  3.520000e-03  1.989178e+08  1.959040e+08  1.023530e+17  1.901951e+17  6.643136e+03
707  1.100000e+04  3.520000e-03  3.520000e-03  1.959040e+08  1.928903e+08  1.048763e+17  2.106063e+17  6.642093e+03
708  1.100000e+04  3.520000e-03  3.520000e-03  1.928903e+08  1.898766e+08  1.073904e+17  2.325624e+17  6.641046e+03
709  1.100000e+04  3.520000e-03  3.520000e-03  1.898766e+08  1.868628e+08  1.099044e+17  2.545186e+17  6.639998e+03
710  1.100000e+04  3.520000e-03  3.520000e-03  1.868628e+08  1.838491e+08  1.124185e+17  2.764749e+17  6.638951e+03
711  1.100000e+04  3.520000e-03  3.520000e-03  1.838491e+08  1.808353e+08  1.149326e+17  2.984312e+17  6.637903e+03
712  1.100000e+04  3.520000e-03  3.520000e-03  1.808353e+08  1.778215e+08  1.174467e+17  3.203876e+17  6.636856e+03
713  1.100000e+04  3.520000e-03  3.520000e-03  1.778215e+08  1.748078e+08  1.199608e+17  3.423441e+17  6.635808e+03
714  1.100000e+04  3.520000e-03  3.520000e-03  1.748078e+08  1.717940e+08  1.224749e+17  3.643006e+17  6.634760e+03
715  1.100000e+04  3.520000e-03  3.520000e-03  1.717940e+08  1.687802e+08  1.249890e+17  3.862571e+17  6.633713e+03
716  1.100000e+04  3.520000e-03  3.520000e-03  1.687802e+08  1.657664e+08  1.272651e+17  4.154860e+17  6.632638e+03
717  1.100000e+04  3.520000e-03  3.520000e-03  1.657664e+08  1.627526e+08  1.290340e+17  4.602089e+17  6.631504e+03
718  1.100000e+04  3.520000e-03  3.520000e-03  1.627526e+08  1.597388e+08  1.308030e+17  5.049318e+17  6.630370e+03
719  1.100000e+04  3.520000e-03  3.520000e-03  1.597388e+08  1.567249e+08  1.325719e+17  5.496549e+17  6.629236e+03
720  1.100000e+04  3.520000e-03  3.520000e-03  1.567249e+08  1.537111e+08  1.343409e+17  5.943781e+17  6.628102e+03
721  1.100000e+04  3.520000e-03  3.520000e-03  1.537111e+08  1.506973e+08  1.361099e+17  6.391013e+17  6.626968e+03
722  1.100000e+04  3.520000e-03  3.520000e-03  1.506973e+08  1.476834e+08  1.378789e+17  6.838247e+17  6.625834e+03
723  1.100000e+04  3.520000e-03  3.520000e-03  1.476834e+08  1.446696e+08  1.396478e+17  7.285481e+17  6.624700e+03
724  1.100000e+04  3.520000e-03  3.520000e-03  1.446696e+08  1.416557e+08  1.414168e+17  7.732717e+17  6.623566e+03
725  1.100000e+04  3.520000e-03  3.520000e-03  1.416557e+08  1.386419e+08  1.423677e+17  8.445577e+17  6.622413e+03
726  1.100000e+04  3.520000e-03  3.520000e-03  1.386419e+08  1.356280e+08  1.425030e+17  9.423270e+17  6.621241e+03
727  1.100000e+04  3.520000e-03  3.520000e-03  1.356280e+08  1.326141e+08  1.426382e+17  1.040097e+18  6.620069e+03
728  1.100000e+04  3.520000e-03  3.520000e-03  1.326141e+08  1.296003e+08  1.427734e+17  1.137866e+18  6.618897e+03
729  1.100000e+04  3.520000e-03  3.520000e-03  1.296003e+08  1.265864e+08  1.429087e+17  1.235636e+18  6.617725e+03
730  1.100000e+04  3.520000e-03  3.520000e-03  1.265864e+08  1.235725e+08  1.430439e+17  1.333406e+18  6.616553e+03
731  1.100000e+04  3.520000e-03  3.520000e-03  1.235725e+08  1.205586e+08  1.431792e+17  1.431176e+18  6.615381e+03
732  1.100000e+04  3.520000e-03  3.520000e-03  1.205586e+08  1.175447e+08  1.433144e+17  1.528947e+18  6.614208e+03
733  1.100000e+04  3.520000e-03  3.520000e-03  1.175447e+08  1.145308e+08  1.434496e+17  1.626717e+18  6.613036e+03
734  1.100000e+04  3.520000e-03  3.520000e-03  1.145308e+08  1.115169e+08  1.435849e+17  1.724488e+18  6.611864e+03
735  1.100000e+04  3.520000e-03  3.520000e-03  1.115169e+08  1.085030e+08  1.437201e+17  1.822259e+18  6.610692e+03
736  1.100000e+04  3.520000e-03  3.520000e-03  1.085030e+08  1.054891e+08  1.440320e+17  1.960109e+18  6.609454e+03
737  1.100000e+04  3.520000e-03  3.520000e-03  1.054891e+08  1.024751e+08  1.445987e+17  2.155770e+18  6.608121e+03
738  1.100000e+04  3.520000e-03  3.520000e-03  1.024751e+08  9.946122e+07  1.451653e+17  2.351432e+18  6.606788e+03
739  1.100000e+04  3.520000e-03  3.520000e-03  9.946122e+07  9.644729e+07  1.457320e+17  2.547094e+18  6.605454e+03
740  1.100000e+04  3.520000e-03  3.520000e-03  9.644729e+07  9.343335e+07  1.462986e+17  2.742756e+18  6.604121e+03
741  1.100000e+04  3.520000e-03  3.520000e-03  9.343335e+07  9.041941e+07  1.468653e+17  2.938419e+18  6.602788e+03
742  1.100000e+04  3.520000e-03  3.520000e-03  9.041941e+07  8.740547e+07  1.474319e+17  3.134082e+18  6.601454e+03
743  1.100000e+04  3.520000e-03  3.520000e-03  8.740547e+07  8.439152e+07  1.479986e+17  3.329745e+18  6.600121e+03
744  1.100000e+04  3.520000e-03  3.520000e-03  8.439152e+07  8.137757e+07  1.485652e+17  3.525408e+18  6.598788e+03
745  1.100000e+04  3.520000e-03  3.520000e-03  8.137757e+07  7.836362e+07  1.503352e+17  3.782982e+18  6.596835e+03
746  1.100000e+04  3.520000e-03  3.520000e-03  7.836362e+07  7.534966e+07  1.538422e+17  4.129930e+18  6.593988e+03
747  1.100000e+04  3.520000e-03  3.520000e-03  7.534966e+07  7.233570e+07  1.573492e+17  4.476878e+18  6.591141e+03
748  1.100000e+04  3.520000e-03  3.520000e-03  7.233570e+07  6.932174e+07  1.608562e+17  4.823827e+18  6.588294e+03
749  1.100000e+04  3.520000e-03  3.520000e-03  6.932174e+07  6.630777e+07  1.643632e+17  5.170776e+18  6.585447e+03
750  1.100000e+04  3.520000e-03  3.520000e-03  6.630777e+07  6.329380e+07  1.678703e+17  5.517725e+18  6.582600e+03
751  1.100000e+04  3.520000e-03  3.520000e-03  6.329380e+07  6.027983e+07  1.713773e+17  5.864674e+18  6.579753e+03
752  1.100000e+04  3.520000e-03  3.520000e-03  6.027983e+07  5.726585e+07  1.748843e+17  6.211624e+18  6.576906e+03
753  1.100000e+04  3.520000e-03  3.520000e-03  5.726585e+07  5.425187e+07  1.784826e+17  6.720055e+18  6.571246e+03
754  1.100000e+04  3.520000e-03  3.520000e-03  5.425187e+07  5.123789e+07  1.821234e+17  7.303825e+18  6.564274e+03
755  1.100000e+04  3.520000e-03  3.520000e-03  5.123789e+07  4.822391e+07  1.857642e+17  7.887596e+18  6.557303e+03
756  1.100000e+04  3.520000e-03  3.520000e-03  4.822391e+07  4.520993e+07  1.894050e+17  8.471368e+18  6.550331e+03
757  1.100000e+04  3.520000e-03  3.520000e-03  4.520993e+07  4.219594e+07  1.930459e+17  9.055140e+18  6.543359e+03
758  1.100000e+04  3.520000e-03  3.520000e-03  4.219594e+07  3.918195e+07  1.966867e+17  9.638912e+18  6.536387e+03
759  1.100000e+04  3.520000e-03  3.520000e-03  3.918195e+07  3.616796e+07  2.001488e+17  1.028704e+19  6.527607e+03
760  1.100000e+04  3.520000e-03  3.520000e-03  3.616796e+07  3.315397e+07  2.030036e+17  1.115394e+19  6.512678e+03
761  1.100000e+04  3.520000e-03  3.520000e-03  3.315397e+07  3.013998e+07  2.058584e+17  1.202084e+19  6.497750e+03
762  1.100000e+04  3.520000e-03  3.520000e-03  3.013998e+07  2.712598e+07  2.087131e+17  1.288774e+19  6.482821e+03
763  1.100000e+04  3.520000e-03  3.520000e-03  2.712598e+07  2.411199e+07  2.102375e+17  1.387751e+19  6.464750e+03
764  1.100000e+04  3.520000e-03  3.520000e-03  2.411199e+07  2.109799e+07  2.098403e+17  1.504473e+19  6.442139e+03
765  1.100000e+04  3.520000e-03  3.520000e-03  2.109799e+07  1.808400e+07  2.094431e+17  1.621195e+19  6.419528e+03
766  1.100000e+04  3.520000e-03  3.520000e-03  1.808400e+07  1.507000e+07  2.087818e+17  1.742773e+19  6.396136e+03
767  1.100000e+04  3.520000e-03  3.520000e-03  1.507000e+07  1.205600e+07  2.064485e+17  1.895106e+19  6.367803e+03
768  1.100000e+04  3.520000e-03  3.520000e-03  1.205600e+07  9.041999e+06  2.041152e+17  2.047439e+19  6.339470e+03
769  1.100000e+04  3.520000e-03  3.520000e-03  9.041999e+06  6.028000e+06  2.014897e+17  2.205586e+19  6.310345e+03
770  1.100000e+04  3.520000e-03  3.520000e-03  6.028000e+06  3.014000e+06  1.970138e+17  2.400552e+19  6.276207e+03
771  1.100000e+04  3.520000e-03  3.520000e-03  3.014000e+06  1.774882e-06  1.925379e+17  2.595517e+19  6.242069e+03

[GHOSTS]
# tag      B_T          phi_g_Jpkg   ne_im3       nn_im3       T_K          T_e_factor
outer_0  3.520000e-03  1.774882e-06  1.925379e+17  2.595517e+19  6.242069e+03  1.000
outer_1  3.520000e-03  1.774882e-06  1.925379e+17  2.595517e+19  6.242069e+03  1.000
inner_0  3.520000e-03  0.000000e+00  1.925379e+17  2.595517e+19  6.242069e+03  1.000
inner_1  3.520000e-03  0.000000e+00  1.925379e+17  2.595517e+19  6.242069e+03  1.000
