# full-loop .dat — generated by util/make_loop_dat.py
# topology=full, half-length=94.6 Mm, apex_T=2.00 MK, footpoint |B|=541.4 G (uniform)
# chromosphere: Model C7 (two-fluid); TR+corona: hydrostatic, fully ionized (single-fluid via F_SLAVE)
# Units: SI (m, T, K, m^-3, J/kg)

[META]
ns=830
g_si=274.0
B_outer_T=5.414000e-02
phi_g_offset_Jpkg=0.0
topology=full
loop_half_length_m=9.457200e+07

[CELLS]
# i  ds_m         B_imh_T      B_iph_T      phi_g_imh    phi_g_iph    ne_im3       nn_im3       T_K
0  1.100000e+04  5.414000e-02  5.414000e-02  0.000000e+00  3.014000e+06  1.925379e+17  2.595517e+19  6.242069e+03
1  1.100000e+04  5.414000e-02  5.414000e-02  3.014000e+06  6.028000e+06  1.970138e+17  2.400552e+19  6.276207e+03
2  1.100000e+04  5.414000e-02  5.414000e-02  6.028000e+06  9.042000e+06  2.014897e+17  2.205586e+19  6.310345e+03
3  1.100000e+04  5.414000e-02  5.414000e-02  9.042000e+06  1.205600e+07  2.041152e+17  2.047439e+19  6.339470e+03
4  1.100000e+04  5.414000e-02  5.414000e-02  1.205600e+07  1.507000e+07  2.064485e+17  1.895106e+19  6.367803e+03
5  1.100000e+04  5.414000e-02  5.414000e-02  1.507000e+07  1.808400e+07  2.087818e+17  1.742773e+19  6.396136e+03
6  1.100000e+04  5.414000e-02  5.414000e-02  1.808400e+07  2.109799e+07  2.094431e+17  1.621195e+19  6.419528e+03
7  1.100000e+04  5.414000e-02  5.414000e-02  2.109799e+07  2.411199e+07  2.098403e+17  1.504472e+19  6.442139e+03
8  1.100000e+04  5.414000e-02  5.414000e-02  2.411199e+07  2.712599e+07  2.102375e+17  1.387750e+19  6.464750e+03
9  1.100000e+04  5.414000e-02  5.414000e-02  2.712599e+07  3.013998e+07  2.087131e+17  1.288774e+19  6.482821e+03
10  1.100000e+04  5.414000e-02  5.414000e-02  3.013998e+07  3.315398e+07  2.058584e+17  1.202084e+19  6.497750e+03
11  1.100000e+04  5.414000e-02  5.414000e-02  3.315398e+07  3.616797e+07  2.030036e+17  1.115394e+19  6.512678e+03
12  1.100000e+04  5.414000e-02  5.414000e-02  3.616797e+07  3.918196e+07  2.001488e+17  1.028703e+19  6.527607e+03
13  1.100000e+04  5.414000e-02  5.414000e-02  3.918196e+07  4.219595e+07  1.966867e+17  9.638909e+18  6.536387e+03
14  1.100000e+04  5.414000e-02  5.414000e-02  4.219595e+07  4.520994e+07  1.930458e+17  9.055137e+18  6.543359e+03
15  1.100000e+04  5.414000e-02  5.414000e-02  4.520994e+07  4.822393e+07  1.894050e+17  8.471364e+18  6.550331e+03
16  1.100000e+04  5.414000e-02  5.414000e-02  4.822393e+07  5.123792e+07  1.857642e+17  7.887592e+18  6.557303e+03
17  1.100000e+04  5.414000e-02  5.414000e-02  5.123792e+07  5.425190e+07  1.821233e+17  7.303820e+18  6.564274e+03
18  1.100000e+04  5.414000e-02  5.414000e-02  5.425190e+07  5.726588e+07  1.784825e+17  6.720049e+18  6.571246e+03
19  1.100000e+04  5.414000e-02  5.414000e-02  5.726588e+07  6.027987e+07  1.748843e+17  6.211620e+18  6.576906e+03
20  1.100000e+04  5.414000e-02  5.414000e-02  6.027987e+07  6.329384e+07  1.713772e+17  5.864670e+18  6.579753e+03
21  1.100000e+04  5.414000e-02  5.414000e-02  6.329384e+07  6.630782e+07  1.678702e+17  5.517719e+18  6.582600e+03
22  1.100000e+04  5.414000e-02  5.414000e-02  6.630782e+07  6.932180e+07  1.643632e+17  5.170769e+18  6.585447e+03
23  1.100000e+04  5.414000e-02  5.414000e-02  6.932180e+07  7.233577e+07  1.608561e+17  4.823819e+18  6.588294e+03
24  1.100000e+04  5.414000e-02  5.414000e-02  7.233577e+07  7.534974e+07  1.573491e+17  4.476870e+18  6.591141e+03
25  1.100000e+04  5.414000e-02  5.414000e-02  7.534974e+07  7.836371e+07  1.538421e+17  4.129920e+18  6.593988e+03
26  1.100000e+04  5.414000e-02  5.414000e-02  7.836371e+07  8.137767e+07  1.503351e+17  3.782971e+18  6.596835e+03
27  1.100000e+04  5.414000e-02  5.414000e-02  8.137767e+07  8.439163e+07  1.485652e+17  3.525401e+18  6.598788e+03
28  1.100000e+04  5.414000e-02  5.414000e-02  8.439163e+07  8.740559e+07  1.479986e+17  3.329737e+18  6.600121e+03
29  1.100000e+04  5.414000e-02  5.414000e-02  8.740559e+07  9.041955e+07  1.474319e+17  3.134073e+18  6.601454e+03
30  1.100000e+04  5.414000e-02  5.414000e-02  9.041955e+07  9.343350e+07  1.468652e+17  2.938410e+18  6.602788e+03
31  1.100000e+04  5.414000e-02  5.414000e-02  9.343350e+07  9.644745e+07  1.462986e+17  2.742746e+18  6.604121e+03
32  1.100000e+04  5.414000e-02  5.414000e-02  9.644745e+07  9.946140e+07  1.457319e+17  2.547083e+18  6.605454e+03
33  1.100000e+04  5.414000e-02  5.414000e-02  9.946140e+07  1.024753e+08  1.451653e+17  2.351420e+18  6.606788e+03
34  1.100000e+04  5.414000e-02  5.414000e-02  1.024753e+08  1.054893e+08  1.445986e+17  2.155757e+18  6.608121e+03
35  1.100000e+04  5.414000e-02  5.414000e-02  1.054893e+08  1.085032e+08  1.440320e+17  1.960094e+18  6.609454e+03
36  1.100000e+04  5.414000e-02  5.414000e-02  1.085032e+08  1.115172e+08  1.437201e+17  1.822251e+18  6.610692e+03
37  1.100000e+04  5.414000e-02  5.414000e-02  1.115172e+08  1.145311e+08  1.435849e+17  1.724480e+18  6.611864e+03
38  1.100000e+04  5.414000e-02  5.414000e-02  1.145311e+08  1.175450e+08  1.434496e+17  1.626708e+18  6.613037e+03
39  1.100000e+04  5.414000e-02  5.414000e-02  1.175450e+08  1.205589e+08  1.433144e+17  1.528937e+18  6.614209e+03
40  1.100000e+04  5.414000e-02  5.414000e-02  1.205589e+08  1.235728e+08  1.431791e+17  1.431166e+18  6.615381e+03
41  1.100000e+04  5.414000e-02  5.414000e-02  1.235728e+08  1.265868e+08  1.430439e+17  1.333395e+18  6.616553e+03
42  1.100000e+04  5.414000e-02  5.414000e-02  1.265868e+08  1.296007e+08  1.429087e+17  1.235624e+18  6.617725e+03
43  1.100000e+04  5.414000e-02  5.414000e-02  1.296007e+08  1.326146e+08  1.427734e+17  1.137853e+18  6.618897e+03
44  1.100000e+04  5.414000e-02  5.414000e-02  1.326146e+08  1.356285e+08  1.426382e+17  1.040082e+18  6.620069e+03
45  1.100000e+04  5.414000e-02  5.414000e-02  1.356285e+08  1.386424e+08  1.425029e+17  9.423119e+17  6.621241e+03
46  1.100000e+04  5.414000e-02  5.414000e-02  1.386424e+08  1.416563e+08  1.423677e+17  8.445416e+17  6.622413e+03
47  1.100000e+04  5.414000e-02  5.414000e-02  1.416563e+08  1.446701e+08  1.414165e+17  7.732638e+17  6.623566e+03
48  1.100000e+04  5.414000e-02  5.414000e-02  1.446701e+08  1.476840e+08  1.396475e+17  7.285397e+17  6.624700e+03
49  1.100000e+04  5.414000e-02  5.414000e-02  1.476840e+08  1.506979e+08  1.378785e+17  6.838157e+17  6.625834e+03
50  1.100000e+04  5.414000e-02  5.414000e-02  1.506979e+08  1.537118e+08  1.361095e+17  6.390918e+17  6.626968e+03
51  1.100000e+04  5.414000e-02  5.414000e-02  1.537118e+08  1.567256e+08  1.343405e+17  5.943680e+17  6.628102e+03
52  1.100000e+04  5.414000e-02  5.414000e-02  1.567256e+08  1.597395e+08  1.325715e+17  5.496443e+17  6.629236e+03
53  1.100000e+04  5.414000e-02  5.414000e-02  1.597395e+08  1.627534e+08  1.308025e+17  5.049206e+17  6.630370e+03
54  1.100000e+04  5.414000e-02  5.414000e-02  1.627534e+08  1.657672e+08  1.290336e+17  4.601970e+17  6.631504e+03
55  1.100000e+04  5.414000e-02  5.414000e-02  1.657672e+08  1.687811e+08  1.272646e+17  4.154735e+17  6.632638e+03
56  1.100000e+04  5.414000e-02  5.414000e-02  1.687811e+08  1.717949e+08  1.249882e+17  3.862506e+17  6.633713e+03
57  1.100000e+04  5.414000e-02  5.414000e-02  1.717949e+08  1.748087e+08  1.224741e+17  3.642937e+17  6.634761e+03
58  1.100000e+04  5.414000e-02  5.414000e-02  1.748087e+08  1.778226e+08  1.199599e+17  3.423368e+17  6.635808e+03
59  1.100000e+04  5.414000e-02  5.414000e-02  1.778226e+08  1.808364e+08  1.174458e+17  3.203800e+17  6.636856e+03
60  1.100000e+04  5.414000e-02  5.414000e-02  1.808364e+08  1.838502e+08  1.149317e+17  2.984232e+17  6.637903e+03
61  1.100000e+04  5.414000e-02  5.414000e-02  1.838502e+08  1.868640e+08  1.124175e+17  2.764665e+17  6.638951e+03
62  1.100000e+04  5.414000e-02  5.414000e-02  1.868640e+08  1.898778e+08  1.099034e+17  2.545098e+17  6.639999e+03
63  1.100000e+04  5.414000e-02  5.414000e-02  1.898778e+08  1.928916e+08  1.073893e+17  2.325532e+17  6.641046e+03
64  1.100000e+04  5.414000e-02  5.414000e-02  1.928916e+08  1.959054e+08  1.048752e+17  2.105966e+17  6.642094e+03
65  1.100000e+04  5.414000e-02  5.414000e-02  1.959054e+08  1.989192e+08  1.023518e+17  1.901903e+17  6.643136e+03
66  1.100000e+04  5.414000e-02  5.414000e-02  1.989192e+08  2.019330e+08  9.976928e+16  1.797332e+17  6.644146e+03
67  1.100000e+04  5.414000e-02  5.414000e-02  2.019330e+08  2.049467e+08  9.718672e+16  1.692761e+17  6.645156e+03
68  1.100000e+04  5.414000e-02  5.414000e-02  2.049467e+08  2.079605e+08  9.460416e+16  1.588191e+17  6.646167e+03
69  1.100000e+04  5.414000e-02  5.414000e-02  2.079605e+08  2.109742e+08  9.202161e+16  1.483620e+17  6.647177e+03
70  1.100000e+04  5.414000e-02  5.414000e-02  2.109742e+08  2.139880e+08  8.943907e+16  1.379050e+17  6.648187e+03
71  1.100000e+04  5.414000e-02  5.414000e-02  2.139880e+08  2.170017e+08  8.685653e+16  1.274481e+17  6.649197e+03
72  1.100000e+04  5.414000e-02  5.414000e-02  2.170017e+08  2.200155e+08  8.427400e+16  1.169911e+17  6.650207e+03
73  1.100000e+04  5.414000e-02  5.414000e-02  2.200155e+08  2.230292e+08  8.169147e+16  1.065342e+17  6.651217e+03
74  1.100000e+04  5.414000e-02  5.414000e-02  2.230292e+08  2.260429e+08  7.918202e+16  9.714650e+16  6.652268e+03
75  1.100000e+04  5.414000e-02  5.414000e-02  2.260429e+08  2.290566e+08  7.692426e+16  9.144190e+16  6.653457e+03
76  1.100000e+04  5.414000e-02  5.414000e-02  2.290566e+08  2.320703e+08  7.466650e+16  8.573732e+16  6.654646e+03
77  1.100000e+04  5.414000e-02  5.414000e-02  2.320703e+08  2.350840e+08  7.240875e+16  8.003275e+16  6.655835e+03
78  1.100000e+04  5.414000e-02  5.414000e-02  2.350840e+08  2.380977e+08  7.015101e+16  7.432819e+16  6.657024e+03
79  1.100000e+04  5.414000e-02  5.414000e-02  2.380977e+08  2.411114e+08  6.789327e+16  6.862365e+16  6.658213e+03
80  1.100000e+04  5.414000e-02  5.414000e-02  2.411114e+08  2.441251e+08  6.563554e+16  6.291913e+16  6.659402e+03
81  1.100000e+04  5.414000e-02  5.414000e-02  2.441251e+08  2.471388e+08  6.352858e+16  5.833214e+16  6.660736e+03
82  1.100000e+04  5.414000e-02  5.414000e-02  2.471388e+08  2.501524e+08  6.157418e+16  5.487599e+16  6.662217e+03
83  1.100000e+04  5.414000e-02  5.414000e-02  2.501524e+08  2.531661e+08  5.961979e+16  5.141985e+16  6.663697e+03
84  1.100000e+04  5.414000e-02  5.414000e-02  2.531661e+08  2.561797e+08  5.766541e+16  4.796372e+16  6.665178e+03
85  1.100000e+04  5.414000e-02  5.414000e-02  2.561797e+08  2.591933e+08  5.571103e+16  4.450760e+16  6.666658e+03
86  1.100000e+04  5.414000e-02  5.414000e-02  2.591933e+08  2.622070e+08  5.388273e+16  4.189200e+16  6.668377e+03
87  1.100000e+04  5.414000e-02  5.414000e-02  2.622070e+08  2.652206e+08  5.209226e+16  3.952858e+16  6.670168e+03
88  1.100000e+04  5.414000e-02  5.414000e-02  2.652206e+08  2.682342e+08  5.030179e+16  3.716516e+16  6.671958e+03
89  1.100000e+04  5.414000e-02  5.414000e-02  2.682342e+08  2.712478e+08  4.851133e+16  3.480175e+16  6.673749e+03
90  1.100000e+04  5.414000e-02  5.414000e-02  2.712478e+08  2.742614e+08  4.579771e+16  4.579771e+13  9.420556e+03
91  1.100000e+04  5.414000e-02  5.414000e-02  2.742614e+08  2.772749e+08  2.191266e+16  2.191266e+13  1.950567e+04
92  1.100000e+04  5.414000e-02  5.414000e-02  2.772749e+08  2.802885e+08  1.151758e+16  1.151758e+13  3.692733e+04
93  1.100000e+04  5.414000e-02  5.414000e-02  2.802885e+08  2.833021e+08  6.888964e+15  6.888964e+12  6.155555e+04
94  1.100000e+04  5.414000e-02  5.414000e-02  2.833021e+08  2.863156e+08  4.540711e+15  4.540711e+12  9.320663e+04
95  1.100000e+04  5.414000e-02  5.414000e-02  2.863156e+08  2.893292e+08  3.210450e+15  3.210450e+12  1.316445e+05
96  1.100000e+04  5.414000e-02  5.414000e-02  2.893292e+08  2.923427e+08  2.390959e+15  2.390959e+12  1.765823e+05
97  1.100000e+04  5.414000e-02  5.414000e-02  2.923427e+08  2.953562e+08  1.852835e+15  1.852835e+12  2.276851e+05
98  1.100000e+04  5.414000e-02  5.414000e-02  2.953562e+08  2.983697e+08  1.481498e+15  1.481498e+12  2.845717e+05
99  1.100000e+04  5.414000e-02  5.414000e-02  2.983697e+08  3.013832e+08  1.214962e+15  1.214962e+12  3.468177e+05
100  1.100000e+04  5.414000e-02  5.414000e-02  3.013832e+08  3.043967e+08  1.017455e+15  1.017455e+12  4.139591e+05
101  1.100000e+04  5.414000e-02  5.414000e-02  3.043967e+08  3.074102e+08  8.672104e+14  8.672104e+11  4.854951e+05
102  1.100000e+04  5.414000e-02  5.414000e-02  3.074102e+08  3.104237e+08  7.503927e+14  7.503927e+11  5.608922e+05
103  1.100000e+04  5.414000e-02  5.414000e-02  3.104237e+08  3.134371e+08  6.578753e+14  6.578753e+11  6.395882e+05
104  1.100000e+04  5.414000e-02  5.414000e-02  3.134371e+08  3.164506e+08  5.834466e+14  5.834466e+11  7.209962e+05
105  1.100000e+04  5.414000e-02  5.414000e-02  3.164506e+08  3.194640e+08  5.227626e+14  5.227626e+11  8.045093e+05
106  1.100000e+04  5.414000e-02  5.414000e-02  3.194640e+08  3.224775e+08  4.727138e+14  4.727138e+11  8.895046e+05
107  1.100000e+04  5.414000e-02  5.414000e-02  3.224775e+08  3.254909e+08  4.310279e+14  4.310279e+11  9.753484e+05
108  1.100000e+04  5.414000e-02  5.414000e-02  3.254909e+08  3.285043e+08  3.960146e+14  3.960146e+11  1.061401e+06
109  1.100000e+04  5.414000e-02  5.414000e-02  3.285043e+08  3.315177e+08  3.663959e+14  3.663959e+11  1.147019e+06
110  1.100000e+04  5.414000e-02  5.414000e-02  3.315177e+08  3.345311e+08  3.411922e+14  3.411922e+11  1.231567e+06
111  1.100000e+04  5.414000e-02  5.414000e-02  3.345311e+08  3.375444e+08  3.196430e+14  3.196430e+11  1.314412e+06
112  1.100000e+04  5.414000e-02  5.414000e-02  3.375444e+08  3.405578e+08  3.011516e+14  3.011516e+11  1.394937e+06
113  1.100000e+04  5.414000e-02  5.414000e-02  3.405578e+08  3.435712e+08  2.852450e+14  2.852450e+11  1.472543e+06
114  1.100000e+04  5.414000e-02  5.414000e-02  3.435712e+08  3.465845e+08  2.715456e+14  2.715456e+11  1.546650e+06
115  1.100000e+04  5.414000e-02  5.414000e-02  3.465845e+08  3.495978e+08  2.597496e+14  2.597496e+11  1.616705e+06
116  1.100000e+04  5.414000e-02  5.414000e-02  3.495978e+08  3.526111e+08  2.496113e+14  2.496113e+11  1.682187e+06
117  1.100000e+04  5.414000e-02  5.414000e-02  3.526111e+08  3.556244e+08  2.409315e+14  2.409315e+11  1.742607e+06
118  1.100000e+04  5.414000e-02  5.414000e-02  3.556244e+08  3.586377e+08  2.335481e+14  2.335481e+11  1.797516e+06
119  1.100000e+04  5.414000e-02  5.414000e-02  3.586377e+08  3.616510e+08  2.273297e+14  2.273297e+11  1.846502e+06
120  1.100000e+04  5.414000e-02  5.414000e-02  3.616510e+08  3.646643e+08  2.221701e+14  2.221701e+11  1.889203e+06
121  1.100000e+04  5.414000e-02  5.414000e-02  3.646643e+08  3.676776e+08  2.179842e+14  2.179842e+11  1.925298e+06
122  1.100000e+04  5.414000e-02  5.414000e-02  3.676776e+08  3.706908e+08  2.147051e+14  2.147051e+11  1.954520e+06
123  1.100000e+04  5.414000e-02  5.414000e-02  3.706908e+08  3.737040e+08  2.122817e+14  2.122817e+11  1.976650e+06
124  1.100000e+04  5.414000e-02  5.414000e-02  3.737040e+08  3.767173e+08  2.106770e+14  2.106770e+11  1.991523e+06
125  1.100000e+04  5.414000e-02  5.414000e-02  3.767173e+08  3.797305e+08  2.098668e+14  2.098668e+11  1.999029e+06
126  1.100000e+04  5.414000e-02  5.414000e-02  3.797305e+08  3.827437e+08  2.097458e+14  2.097458e+11  2.000000e+06
127  1.100000e+04  5.414000e-02  5.414000e-02  3.827437e+08  3.857568e+08  2.097266e+14  2.097266e+11  2.000000e+06
128  1.100000e+04  5.414000e-02  5.414000e-02  3.857568e+08  3.887700e+08  2.097075e+14  2.097075e+11  2.000000e+06
129  1.100000e+04  5.414000e-02  5.414000e-02  3.887700e+08  3.917832e+08  2.096884e+14  2.096884e+11  2.000000e+06
130  1.100000e+04  5.414000e-02  5.414000e-02  3.917832e+08  3.947963e+08  2.096692e+14  2.096692e+11  2.000000e+06
131  1.100000e+04  5.414000e-02  5.414000e-02  3.947963e+08  3.978094e+08  2.096501e+14  2.096501e+11  2.000000e+06
132  1.100000e+04  5.414000e-02  5.414000e-02  3.978094e+08  4.008226e+08  2.096310e+14  2.096310e+11  2.000000e+06
133  1.100000e+04  5.414000e-02  5.414000e-02  4.008226e+08  4.038357e+08  2.096118e+14  2.096118e+11  2.000000e+06
134  1.100000e+04  5.414000e-02  5.414000e-02  4.038357e+08  4.068487e+08  2.095927e+14  2.095927e+11  2.000000e+06
135  1.100000e+04  5.414000e-02  5.414000e-02  4.068487e+08  4.098618e+08  2.095736e+14  2.095736e+11  2.000000e+06
136  1.100000e+04  5.414000e-02  5.414000e-02  4.098618e+08  4.128749e+08  2.095544e+14  2.095544e+11  2.000000e+06
137  1.166000e+04  5.414000e-02  5.414000e-02  4.128749e+08  4.160687e+08  2.095348e+14  2.095348e+11  2.000000e+06
138  1.235960e+04  5.414000e-02  5.414000e-02  4.160687e+08  4.194542e+08  2.095139e+14  2.095139e+11  2.000000e+06
139  1.310118e+04  5.414000e-02  5.414000e-02  4.194542e+08  4.230427e+08  2.094917e+14  2.094917e+11  2.000000e+06
140  1.388725e+04  5.414000e-02  5.414000e-02  4.230427e+08  4.268466e+08  2.094683e+14  2.094683e+11  2.000000e+06
141  1.472048e+04  5.414000e-02  5.414000e-02  4.268466e+08  4.308786e+08  2.094434e+14  2.094434e+11  2.000000e+06
142  1.560371e+04  5.414000e-02  5.414000e-02  4.308786e+08  4.351525e+08  2.094171e+14  2.094171e+11  2.000000e+06
143  1.653993e+04  5.414000e-02  5.414000e-02  4.351525e+08  4.396829e+08  2.093892e+14  2.093892e+11  2.000000e+06
144  1.753233e+04  5.414000e-02  5.414000e-02  4.396829e+08  4.444850e+08  2.093596e+14  2.093596e+11  2.000000e+06
145  1.858427e+04  5.414000e-02  5.414000e-02  4.444850e+08  4.495752e+08  2.093282e+14  2.093282e+11  2.000000e+06
146  1.969932e+04  5.414000e-02  5.414000e-02  4.495752e+08  4.549708e+08  2.092950e+14  2.092950e+11  2.000000e+06
147  2.088128e+04  5.414000e-02  5.414000e-02  4.549708e+08  4.606901e+08  2.092598e+14  2.092598e+11  2.000000e+06
148  2.213416e+04  5.414000e-02  5.414000e-02  4.606901e+08  4.667525e+08  2.092224e+14  2.092224e+11  2.000000e+06
149  2.346221e+04  5.414000e-02  5.414000e-02  4.667525e+08  4.731785e+08  2.091829e+14  2.091829e+11  2.000000e+06
150  2.486994e+04  5.414000e-02  5.414000e-02  4.731785e+08  4.799900e+08  2.091409e+14  2.091409e+11  2.000000e+06
151  2.636214e+04  5.414000e-02  5.414000e-02  4.799900e+08  4.872101e+08  2.090965e+14  2.090965e+11  2.000000e+06
152  2.794387e+04  5.414000e-02  5.414000e-02  4.872101e+08  4.948634e+08  2.090494e+14  2.090494e+11  2.000000e+06
153  2.962050e+04  5.414000e-02  5.414000e-02  4.948634e+08  5.029757e+08  2.089995e+14  2.089995e+11  2.000000e+06
154  3.139773e+04  5.414000e-02  5.414000e-02  5.029757e+08  5.115746e+08  2.089466e+14  2.089466e+11  2.000000e+06
155  3.328159e+04  5.414000e-02  5.414000e-02  5.115746e+08  5.206893e+08  2.088906e+14  2.088906e+11  2.000000e+06
156  3.527849e+04  5.414000e-02  5.414000e-02  5.206893e+08  5.303507e+08  2.088312e+14  2.088312e+11  2.000000e+06
157  3.739520e+04  5.414000e-02  5.414000e-02  5.303507e+08  5.405916e+08  2.087683e+14  2.087683e+11  2.000000e+06
158  3.963891e+04  5.414000e-02  5.414000e-02  5.405916e+08  5.514467e+08  2.087016e+14  2.087016e+11  2.000000e+06
159  4.201725e+04  5.414000e-02  5.414000e-02  5.514467e+08  5.629528e+08  2.086309e+14  2.086309e+11  2.000000e+06
160  4.453828e+04  5.414000e-02  5.414000e-02  5.629528e+08  5.751491e+08  2.085561e+14  2.085561e+11  2.000000e+06
161  4.721058e+04  5.414000e-02  5.414000e-02  5.751491e+08  5.880767e+08  2.084767e+14  2.084767e+11  2.000000e+06
162  5.004321e+04  5.414000e-02  5.414000e-02  5.880767e+08  6.017796e+08  2.083927e+14  2.083927e+11  2.000000e+06
163  5.304581e+04  5.414000e-02  5.414000e-02  6.017796e+08  6.163043e+08  2.083036e+14  2.083036e+11  2.000000e+06
164  5.622855e+04  5.414000e-02  5.414000e-02  6.163043e+08  6.316999e+08  2.082093e+14  2.082093e+11  2.000000e+06
165  5.960227e+04  5.414000e-02  5.414000e-02  6.316999e+08  6.480186e+08  2.081093e+14  2.081093e+11  2.000000e+06
166  6.317840e+04  5.414000e-02  5.414000e-02  6.480186e+08  6.653158e+08  2.080034e+14  2.080034e+11  2.000000e+06
167  6.696911e+04  5.414000e-02  5.414000e-02  6.653158e+08  6.836500e+08  2.078912e+14  2.078912e+11  2.000000e+06
168  7.098725e+04  5.414000e-02  5.414000e-02  6.836500e+08  7.030833e+08  2.077723e+14  2.077723e+11  2.000000e+06
169  7.524649e+04  5.414000e-02  5.414000e-02  7.030833e+08  7.236815e+08  2.076464e+14  2.076464e+11  2.000000e+06
170  7.976128e+04  5.414000e-02  5.414000e-02  7.236815e+08  7.455144e+08  2.075130e+14  2.075130e+11  2.000000e+06
171  8.454695e+04  5.414000e-02  5.414000e-02  7.455144e+08  7.686559e+08  2.073717e+14  2.073717e+11  2.000000e+06
172  8.961977e+04  5.414000e-02  5.414000e-02  7.686559e+08  7.931842e+08  2.072221e+14  2.072221e+11  2.000000e+06
173  9.499696e+04  5.414000e-02  5.414000e-02  7.931842e+08  8.191822e+08  2.070636e+14  2.070636e+11  2.000000e+06
174  1.006968e+05  5.414000e-02  5.414000e-02  8.191822e+08  8.467380e+08  2.068958e+14  2.068958e+11  2.000000e+06
175  1.067386e+05  5.414000e-02  5.414000e-02  8.467380e+08  8.759444e+08  2.067180e+14  2.067180e+11  2.000000e+06
176  1.131429e+05  5.414000e-02  5.414000e-02  8.759444e+08  9.069003e+08  2.065298e+14  2.065298e+11  2.000000e+06
177  1.199315e+05  5.414000e-02  5.414000e-02  9.069003e+08  9.397100e+08  2.063304e+14  2.063304e+11  2.000000e+06
178  1.271274e+05  5.414000e-02  5.414000e-02  9.397100e+08  9.744842e+08  2.061194e+14  2.061194e+11  2.000000e+06
179  1.347550e+05  5.414000e-02  5.414000e-02  9.744842e+08  1.011340e+09  2.058959e+14  2.058959e+11  2.000000e+06
180  1.428403e+05  5.414000e-02  5.414000e-02  1.011340e+09  1.050402e+09  2.056594e+14  2.056594e+11  2.000000e+06
181  1.514107e+05  5.414000e-02  5.414000e-02  1.050402e+09  1.091801e+09  2.054090e+14  2.054090e+11  2.000000e+06
182  1.604954e+05  5.414000e-02  5.414000e-02  1.091801e+09  1.135676e+09  2.051439e+14  2.051439e+11  2.000000e+06
183  1.701251e+05  5.414000e-02  5.414000e-02  1.135676e+09  1.182175e+09  2.048634e+14  2.048634e+11  2.000000e+06
184  1.803326e+05  5.414000e-02  5.414000e-02  1.182175e+09  1.231454e+09  2.045665e+14  2.045665e+11  2.000000e+06
185  1.911525e+05  5.414000e-02  5.414000e-02  1.231454e+09  1.283677e+09  2.042523e+14  2.042523e+11  2.000000e+06
186  2.026217e+05  5.414000e-02  5.414000e-02  1.283677e+09  1.339020e+09  2.039199e+14  2.039199e+11  2.000000e+06
187  2.147790e+05  5.414000e-02  5.414000e-02  1.339020e+09  1.397667e+09  2.035683e+14  2.035683e+11  2.000000e+06
188  2.276657e+05  5.414000e-02  5.414000e-02  1.397667e+09  1.459813e+09  2.031963e+14  2.031963e+11  2.000000e+06
189  2.413257e+05  5.414000e-02  5.414000e-02  1.459813e+09  1.525665e+09  2.028029e+14  2.028029e+11  2.000000e+06
190  2.558052e+05  5.414000e-02  5.414000e-02  1.525665e+09  1.595441e+09  2.023869e+14  2.023869e+11  2.000000e+06
191  2.711535e+05  5.414000e-02  5.414000e-02  1.595441e+09  1.669372e+09  2.019470e+14  2.019470e+11  2.000000e+06
192  2.874227e+05  5.414000e-02  5.414000e-02  1.669372e+09  1.747702e+09  2.014820e+14  2.014820e+11  2.000000e+06
193  3.046681e+05  5.414000e-02  5.414000e-02  1.747702e+09  1.830689e+09  2.009905e+14  2.009905e+11  2.000000e+06
194  3.229482e+05  5.414000e-02  5.414000e-02  1.830689e+09  1.918603e+09  2.004712e+14  2.004712e+11  2.000000e+06
195  3.423251e+05  5.414000e-02  5.414000e-02  1.918603e+09  2.011732e+09  1.999225e+14  1.999225e+11  2.000000e+06
196  3.628646e+05  5.414000e-02  5.414000e-02  2.011732e+09  2.110378e+09  1.993429e+14  1.993429e+11  2.000000e+06
197  3.846365e+05  5.414000e-02  5.414000e-02  2.110378e+09  2.214859e+09  1.987309e+14  1.987309e+11  2.000000e+06
198  4.000000e+05  5.414000e-02  5.414000e-02  2.214859e+09  2.323417e+09  1.980911e+14  1.980911e+11  2.000000e+06
199  4.000000e+05  5.414000e-02  5.414000e-02  2.323417e+09  2.431872e+09  1.974415e+14  1.974415e+11  2.000000e+06
200  4.000000e+05  5.414000e-02  5.414000e-02  2.431872e+09  2.540220e+09  1.967946e+14  1.967946e+11  2.000000e+06
201  4.000000e+05  5.414000e-02  5.414000e-02  2.540220e+09  2.648456e+09  1.961506e+14  1.961506e+11  2.000000e+06
202  4.000000e+05  5.414000e-02  5.414000e-02  2.648456e+09  2.756575e+09  1.955093e+14  1.955093e+11  2.000000e+06
203  4.000000e+05  5.414000e-02  5.414000e-02  2.756575e+09  2.864573e+09  1.948708e+14  1.948708e+11  2.000000e+06
204  4.000000e+05  5.414000e-02  5.414000e-02  2.864573e+09  2.972444e+09  1.942352e+14  1.942352e+11  2.000000e+06
205  4.000000e+05  5.414000e-02  5.414000e-02  2.972444e+09  3.080183e+09  1.936024e+14  1.936024e+11  2.000000e+06
206  4.000000e+05  5.414000e-02  5.414000e-02  3.080183e+09  3.187787e+09  1.929725e+14  1.929725e+11  2.000000e+06
207  4.000000e+05  5.414000e-02  5.414000e-02  3.187787e+09  3.295250e+09  1.923455e+14  1.923455e+11  2.000000e+06
208  4.000000e+05  5.414000e-02  5.414000e-02  3.295250e+09  3.402568e+09  1.917213e+14  1.917213e+11  2.000000e+06
209  4.000000e+05  5.414000e-02  5.414000e-02  3.402568e+09  3.509735e+09  1.911000e+14  1.911000e+11  2.000000e+06
210  4.000000e+05  5.414000e-02  5.414000e-02  3.509735e+09  3.616748e+09  1.904817e+14  1.904817e+11  2.000000e+06
211  4.000000e+05  5.414000e-02  5.414000e-02  3.616748e+09  3.723601e+09  1.898662e+14  1.898662e+11  2.000000e+06
212  4.000000e+05  5.414000e-02  5.414000e-02  3.723601e+09  3.830289e+09  1.892537e+14  1.892537e+11  2.000000e+06
213  4.000000e+05  5.414000e-02  5.414000e-02  3.830289e+09  3.936809e+09  1.886441e+14  1.886441e+11  2.000000e+06
214  4.000000e+05  5.414000e-02  5.414000e-02  3.936809e+09  4.043154e+09  1.880375e+14  1.880375e+11  2.000000e+06
215  4.000000e+05  5.414000e-02  5.414000e-02  4.043154e+09  4.149321e+09  1.874338e+14  1.874338e+11  2.000000e+06
216  4.000000e+05  5.414000e-02  5.414000e-02  4.149321e+09  4.255306e+09  1.868332e+14  1.868332e+11  2.000000e+06
217  4.000000e+05  5.414000e-02  5.414000e-02  4.255306e+09  4.361102e+09  1.862355e+14  1.862355e+11  2.000000e+06
218  4.000000e+05  5.414000e-02  5.414000e-02  4.361102e+09  4.466705e+09  1.856407e+14  1.856407e+11  2.000000e+06
219  4.000000e+05  5.414000e-02  5.414000e-02  4.466705e+09  4.572112e+09  1.850490e+14  1.850490e+11  2.000000e+06
220  4.000000e+05  5.414000e-02  5.414000e-02  4.572112e+09  4.677317e+09  1.844604e+14  1.844604e+11  2.000000e+06
221  4.000000e+05  5.414000e-02  5.414000e-02  4.677317e+09  4.782315e+09  1.838747e+14  1.838747e+11  2.000000e+06
222  4.000000e+05  5.414000e-02  5.414000e-02  4.782315e+09  4.887102e+09  1.832921e+14  1.832921e+11  2.000000e+06
223  4.000000e+05  5.414000e-02  5.414000e-02  4.887102e+09  4.991674e+09  1.827125e+14  1.827125e+11  2.000000e+06
224  4.000000e+05  5.414000e-02  5.414000e-02  4.991674e+09  5.096025e+09  1.821359e+14  1.821359e+11  2.000000e+06
225  4.000000e+05  5.414000e-02  5.414000e-02  5.096025e+09  5.200151e+09  1.815624e+14  1.815624e+11  2.000000e+06
226  4.000000e+05  5.414000e-02  5.414000e-02  5.200151e+09  5.304048e+09  1.809920e+14  1.809920e+11  2.000000e+06
227  4.000000e+05  5.414000e-02  5.414000e-02  5.304048e+09  5.407710e+09  1.804246e+14  1.804246e+11  2.000000e+06
228  4.000000e+05  5.414000e-02  5.414000e-02  5.407710e+09  5.511134e+09  1.798604e+14  1.798604e+11  2.000000e+06
229  4.000000e+05  5.414000e-02  5.414000e-02  5.511134e+09  5.614315e+09  1.792992e+14  1.792992e+11  2.000000e+06
230  4.000000e+05  5.414000e-02  5.414000e-02  5.614315e+09  5.717248e+09  1.787411e+14  1.787411e+11  2.000000e+06
231  4.000000e+05  5.414000e-02  5.414000e-02  5.717248e+09  5.819928e+09  1.781861e+14  1.781861e+11  2.000000e+06
232  4.000000e+05  5.414000e-02  5.414000e-02  5.819928e+09  5.922351e+09  1.776342e+14  1.776342e+11  2.000000e+06
233  4.000000e+05  5.414000e-02  5.414000e-02  5.922351e+09  6.024514e+09  1.770854e+14  1.770854e+11  2.000000e+06
234  4.000000e+05  5.414000e-02  5.414000e-02  6.024514e+09  6.126410e+09  1.765397e+14  1.765397e+11  2.000000e+06
235  4.000000e+05  5.414000e-02  5.414000e-02  6.126410e+09  6.228036e+09  1.759972e+14  1.759972e+11  2.000000e+06
236  4.000000e+05  5.414000e-02  5.414000e-02  6.228036e+09  6.329386e+09  1.754578e+14  1.754578e+11  2.000000e+06
237  4.000000e+05  5.414000e-02  5.414000e-02  6.329386e+09  6.430458e+09  1.749215e+14  1.749215e+11  2.000000e+06
238  4.000000e+05  5.414000e-02  5.414000e-02  6.430458e+09  6.531246e+09  1.743884e+14  1.743884e+11  2.000000e+06
239  4.000000e+05  5.414000e-02  5.414000e-02  6.531246e+09  6.631745e+09  1.738584e+14  1.738584e+11  2.000000e+06
240  4.000000e+05  5.414000e-02  5.414000e-02  6.631745e+09  6.731952e+09  1.733315e+14  1.733315e+11  2.000000e+06
241  4.000000e+05  5.414000e-02  5.414000e-02  6.731952e+09  6.831861e+09  1.728078e+14  1.728078e+11  2.000000e+06
242  4.000000e+05  5.414000e-02  5.414000e-02  6.831861e+09  6.931469e+09  1.722873e+14  1.722873e+11  2.000000e+06
243  4.000000e+05  5.414000e-02  5.414000e-02  6.931469e+09  7.030771e+09  1.717699e+14  1.717699e+11  2.000000e+06
244  4.000000e+05  5.414000e-02  5.414000e-02  7.030771e+09  7.129762e+09  1.712557e+14  1.712557e+11  2.000000e+06
245  4.000000e+05  5.414000e-02  5.414000e-02  7.129762e+09  7.228439e+09  1.707446e+14  1.707446e+11  2.000000e+06
246  4.000000e+05  5.414000e-02  5.414000e-02  7.228439e+09  7.326797e+09  1.702367e+14  1.702367e+11  2.000000e+06
247  4.000000e+05  5.414000e-02  5.414000e-02  7.326797e+09  7.424832e+09  1.697320e+14  1.697320e+11  2.000000e+06
248  4.000000e+05  5.414000e-02  5.414000e-02  7.424832e+09  7.522538e+09  1.692305e+14  1.692305e+11  2.000000e+06
249  4.000000e+05  5.414000e-02  5.414000e-02  7.522538e+09  7.619913e+09  1.687321e+14  1.687321e+11  2.000000e+06
250  4.000000e+05  5.414000e-02  5.414000e-02  7.619913e+09  7.716951e+09  1.682369e+14  1.682369e+11  2.000000e+06
251  4.000000e+05  5.414000e-02  5.414000e-02  7.716951e+09  7.813649e+09  1.677449e+14  1.677449e+11  2.000000e+06
252  4.000000e+05  5.414000e-02  5.414000e-02  7.813649e+09  7.910002e+09  1.672561e+14  1.672561e+11  2.000000e+06
253  4.000000e+05  5.414000e-02  5.414000e-02  7.910002e+09  8.006006e+09  1.667705e+14  1.667705e+11  2.000000e+06
254  4.000000e+05  5.414000e-02  5.414000e-02  8.006006e+09  8.101656e+09  1.662881e+14  1.662881e+11  2.000000e+06
255  4.000000e+05  5.414000e-02  5.414000e-02  8.101656e+09  8.196949e+09  1.658089e+14  1.658089e+11  2.000000e+06
256  4.000000e+05  5.414000e-02  5.414000e-02  8.196949e+09  8.291879e+09  1.653328e+14  1.653328e+11  2.000000e+06
257  4.000000e+05  5.414000e-02  5.414000e-02  8.291879e+09  8.386444e+09  1.648600e+14  1.648600e+11  2.000000e+06
258  4.000000e+05  5.414000e-02  5.414000e-02  8.386444e+09  8.480639e+09  1.643903e+14  1.643903e+11  2.000000e+06
259  4.000000e+05  5.414000e-02  5.414000e-02  8.480639e+09  8.574459e+09  1.639239e+14  1.639239e+11  2.000000e+06
260  4.000000e+05  5.414000e-02  5.414000e-02  8.574459e+09  8.667901e+09  1.634606e+14  1.634606e+11  2.000000e+06
261  4.000000e+05  5.414000e-02  5.414000e-02  8.667901e+09  8.760960e+09  1.630005e+14  1.630005e+11  2.000000e+06
262  4.000000e+05  5.414000e-02  5.414000e-02  8.760960e+09  8.853633e+09  1.625437e+14  1.625437e+11  2.000000e+06
263  4.000000e+05  5.414000e-02  5.414000e-02  8.853633e+09  8.945915e+09  1.620900e+14  1.620900e+11  2.000000e+06
264  4.000000e+05  5.414000e-02  5.414000e-02  8.945915e+09  9.037801e+09  1.616395e+14  1.616395e+11  2.000000e+06
265  4.000000e+05  5.414000e-02  5.414000e-02  9.037801e+09  9.129289e+09  1.611923e+14  1.611923e+11  2.000000e+06
266  4.000000e+05  5.414000e-02  5.414000e-02  9.129289e+09  9.220374e+09  1.607482e+14  1.607482e+11  2.000000e+06
267  4.000000e+05  5.414000e-02  5.414000e-02  9.220374e+09  9.311052e+09  1.603073e+14  1.603073e+11  2.000000e+06
268  4.000000e+05  5.414000e-02  5.414000e-02  9.311052e+09  9.401319e+09  1.598697e+14  1.598697e+11  2.000000e+06
269  4.000000e+05  5.414000e-02  5.414000e-02  9.401319e+09  9.491171e+09  1.594352e+14  1.594352e+11  2.000000e+06
270  4.000000e+05  5.414000e-02  5.414000e-02  9.491171e+09  9.580604e+09  1.590039e+14  1.590039e+11  2.000000e+06
271  4.000000e+05  5.414000e-02  5.414000e-02  9.580604e+09  9.669615e+09  1.585759e+14  1.585759e+11  2.000000e+06
272  4.000000e+05  5.414000e-02  5.414000e-02  9.669615e+09  9.758198e+09  1.581510e+14  1.581510e+11  2.000000e+06
273  4.000000e+05  5.414000e-02  5.414000e-02  9.758198e+09  9.846351e+09  1.577293e+14  1.577293e+11  2.000000e+06
274  4.000000e+05  5.414000e-02  5.414000e-02  9.846351e+09  9.934069e+09  1.573108e+14  1.573108e+11  2.000000e+06
275  4.000000e+05  5.414000e-02  5.414000e-02  9.934069e+09  1.002135e+10  1.568955e+14  1.568955e+11  2.000000e+06
276  4.000000e+05  5.414000e-02  5.414000e-02  1.002135e+10  1.010819e+10  1.564834e+14  1.564834e+11  2.000000e+06
277  4.000000e+05  5.414000e-02  5.414000e-02  1.010819e+10  1.019458e+10  1.560745e+14  1.560745e+11  2.000000e+06
278  4.000000e+05  5.414000e-02  5.414000e-02  1.019458e+10  1.028052e+10  1.556688e+14  1.556688e+11  2.000000e+06
279  4.000000e+05  5.414000e-02  5.414000e-02  1.028052e+10  1.036600e+10  1.552663e+14  1.552663e+11  2.000000e+06
280  4.000000e+05  5.414000e-02  5.414000e-02  1.036600e+10  1.045103e+10  1.548669e+14  1.548669e+11  2.000000e+06
281  4.000000e+05  5.414000e-02  5.414000e-02  1.045103e+10  1.053560e+10  1.544708e+14  1.544708e+11  2.000000e+06
282  4.000000e+05  5.414000e-02  5.414000e-02  1.053560e+10  1.061971e+10  1.540778e+14  1.540778e+11  2.000000e+06
283  4.000000e+05  5.414000e-02  5.414000e-02  1.061971e+10  1.070334e+10  1.536880e+14  1.536880e+11  2.000000e+06
284  4.000000e+05  5.414000e-02  5.414000e-02  1.070334e+10  1.078650e+10  1.533014e+14  1.533014e+11  2.000000e+06
285  4.000000e+05  5.414000e-02  5.414000e-02  1.078650e+10  1.086919e+10  1.529180e+14  1.529180e+11  2.000000e+06
286  4.000000e+05  5.414000e-02  5.414000e-02  1.086919e+10  1.095140e+10  1.525377e+14  1.525377e+11  2.000000e+06
287  4.000000e+05  5.414000e-02  5.414000e-02  1.095140e+10  1.103312e+10  1.521606e+14  1.521606e+11  2.000000e+06
288  4.000000e+05  5.414000e-02  5.414000e-02  1.103312e+10  1.111435e+10  1.517867e+14  1.517867e+11  2.000000e+06
289  4.000000e+05  5.414000e-02  5.414000e-02  1.111435e+10  1.119510e+10  1.514160e+14  1.514160e+11  2.000000e+06
290  4.000000e+05  5.414000e-02  5.414000e-02  1.119510e+10  1.127535e+10  1.510484e+14  1.510484e+11  2.000000e+06
291  4.000000e+05  5.414000e-02  5.414000e-02  1.127535e+10  1.135510e+10  1.506840e+14  1.506840e+11  2.000000e+06
292  4.000000e+05  5.414000e-02  5.414000e-02  1.135510e+10  1.143436e+10  1.503227e+14  1.503227e+11  2.000000e+06
293  4.000000e+05  5.414000e-02  5.414000e-02  1.143436e+10  1.151310e+10  1.499646e+14  1.499646e+11  2.000000e+06
294  4.000000e+05  5.414000e-02  5.414000e-02  1.151310e+10  1.159134e+10  1.496097e+14  1.496097e+11  2.000000e+06
295  4.000000e+05  5.414000e-02  5.414000e-02  1.159134e+10  1.166907e+10  1.492579e+14  1.492579e+11  2.000000e+06
296  4.000000e+05  5.414000e-02  5.414000e-02  1.166907e+10  1.174628e+10  1.489093e+14  1.489093e+11  2.000000e+06
297  4.000000e+05  5.414000e-02  5.414000e-02  1.174628e+10  1.182298e+10  1.485638e+14  1.485638e+11  2.000000e+06
298  4.000000e+05  5.414000e-02  5.414000e-02  1.182298e+10  1.189915e+10  1.482214e+14  1.482214e+11  2.000000e+06
299  4.000000e+05  5.414000e-02  5.414000e-02  1.189915e+10  1.197480e+10  1.478822e+14  1.478822e+11  2.000000e+06
300  4.000000e+05  5.414000e-02  5.414000e-02  1.197480e+10  1.204991e+10  1.475462e+14  1.475462e+11  2.000000e+06
301  4.000000e+05  5.414000e-02  5.414000e-02  1.204991e+10  1.212450e+10  1.472132e+14  1.472132e+11  2.000000e+06
302  4.000000e+05  5.414000e-02  5.414000e-02  1.212450e+10  1.219855e+10  1.468834e+14  1.468834e+11  2.000000e+06
303  4.000000e+05  5.414000e-02  5.414000e-02  1.219855e+10  1.227207e+10  1.465568e+14  1.465568e+11  2.000000e+06
304  4.000000e+05  5.414000e-02  5.414000e-02  1.227207e+10  1.234504e+10  1.462332e+14  1.462332e+11  2.000000e+06
305  4.000000e+05  5.414000e-02  5.414000e-02  1.234504e+10  1.241746e+10  1.459128e+14  1.459128e+11  2.000000e+06
306  4.000000e+05  5.414000e-02  5.414000e-02  1.241746e+10  1.248934e+10  1.455955e+14  1.455955e+11  2.000000e+06
307  4.000000e+05  5.414000e-02  5.414000e-02  1.248934e+10  1.256067e+10  1.452813e+14  1.452813e+11  2.000000e+06
308  4.000000e+05  5.414000e-02  5.414000e-02  1.256067e+10  1.263144e+10  1.449702e+14  1.449702e+11  2.000000e+06
309  4.000000e+05  5.414000e-02  5.414000e-02  1.263144e+10  1.270166e+10  1.446623e+14  1.446623e+11  2.000000e+06
310  4.000000e+05  5.414000e-02  5.414000e-02  1.270166e+10  1.277131e+10  1.443574e+14  1.443574e+11  2.000000e+06
311  4.000000e+05  5.414000e-02  5.414000e-02  1.277131e+10  1.284040e+10  1.440557e+14  1.440557e+11  2.000000e+06
312  4.000000e+05  5.414000e-02  5.414000e-02  1.284040e+10  1.290892e+10  1.437570e+14  1.437570e+11  2.000000e+06
313  4.000000e+05  5.414000e-02  5.414000e-02  1.290892e+10  1.297688e+10  1.434614e+14  1.434614e+11  2.000000e+06
314  4.000000e+05  5.414000e-02  5.414000e-02  1.297688e+10  1.304426e+10  1.431690e+14  1.431690e+11  2.000000e+06
315  4.000000e+05  5.414000e-02  5.414000e-02  1.304426e+10  1.311107e+10  1.428796e+14  1.428796e+11  2.000000e+06
316  4.000000e+05  5.414000e-02  5.414000e-02  1.311107e+10  1.317729e+10  1.425933e+14  1.425933e+11  2.000000e+06
317  4.000000e+05  5.414000e-02  5.414000e-02  1.317729e+10  1.324294e+10  1.423101e+14  1.423101e+11  2.000000e+06
318  4.000000e+05  5.414000e-02  5.414000e-02  1.324294e+10  1.330800e+10  1.420299e+14  1.420299e+11  2.000000e+06
319  4.000000e+05  5.414000e-02  5.414000e-02  1.330800e+10  1.337247e+10  1.417528e+14  1.417528e+11  2.000000e+06
320  4.000000e+05  5.414000e-02  5.414000e-02  1.337247e+10  1.343635e+10  1.414788e+14  1.414788e+11  2.000000e+06
321  4.000000e+05  5.414000e-02  5.414000e-02  1.343635e+10  1.349964e+10  1.412079e+14  1.412079e+11  2.000000e+06
322  4.000000e+05  5.414000e-02  5.414000e-02  1.349964e+10  1.356234e+10  1.409400e+14  1.409400e+11  2.000000e+06
323  4.000000e+05  5.414000e-02  5.414000e-02  1.356234e+10  1.362443e+10  1.406752e+14  1.406752e+11  2.000000e+06
324  4.000000e+05  5.414000e-02  5.414000e-02  1.362443e+10  1.368593e+10  1.404135e+14  1.404135e+11  2.000000e+06
325  4.000000e+05  5.414000e-02  5.414000e-02  1.368593e+10  1.374682e+10  1.401548e+14  1.401548e+11  2.000000e+06
326  4.000000e+05  5.414000e-02  5.414000e-02  1.374682e+10  1.380710e+10  1.398991e+14  1.398991e+11  2.000000e+06
327  4.000000e+05  5.414000e-02  5.414000e-02  1.380710e+10  1.386677e+10  1.396465e+14  1.396465e+11  2.000000e+06
328  4.000000e+05  5.414000e-02  5.414000e-02  1.386677e+10  1.392583e+10  1.393969e+14  1.393969e+11  2.000000e+06
329  4.000000e+05  5.414000e-02  5.414000e-02  1.392583e+10  1.398428e+10  1.391504e+14  1.391504e+11  2.000000e+06
330  4.000000e+05  5.414000e-02  5.414000e-02  1.398428e+10  1.404211e+10  1.389069e+14  1.389069e+11  2.000000e+06
331  4.000000e+05  5.414000e-02  5.414000e-02  1.404211e+10  1.409932e+10  1.386664e+14  1.386664e+11  2.000000e+06
332  4.000000e+05  5.414000e-02  5.414000e-02  1.409932e+10  1.415591e+10  1.384289e+14  1.384289e+11  2.000000e+06
333  4.000000e+05  5.414000e-02  5.414000e-02  1.415591e+10  1.421187e+10  1.381945e+14  1.381945e+11  2.000000e+06
334  4.000000e+05  5.414000e-02  5.414000e-02  1.421187e+10  1.426720e+10  1.379631e+14  1.379631e+11  2.000000e+06
335  4.000000e+05  5.414000e-02  5.414000e-02  1.426720e+10  1.432191e+10  1.377347e+14  1.377347e+11  2.000000e+06
336  4.000000e+05  5.414000e-02  5.414000e-02  1.432191e+10  1.437598e+10  1.375093e+14  1.375093e+11  2.000000e+06
337  4.000000e+05  5.414000e-02  5.414000e-02  1.437598e+10  1.442942e+10  1.372869e+14  1.372869e+11  2.000000e+06
338  4.000000e+05  5.414000e-02  5.414000e-02  1.442942e+10  1.448222e+10  1.370676e+14  1.370676e+11  2.000000e+06
339  4.000000e+05  5.414000e-02  5.414000e-02  1.448222e+10  1.453439e+10  1.368512e+14  1.368512e+11  2.000000e+06
340  4.000000e+05  5.414000e-02  5.414000e-02  1.453439e+10  1.458591e+10  1.366378e+14  1.366378e+11  2.000000e+06
341  4.000000e+05  5.414000e-02  5.414000e-02  1.458591e+10  1.463678e+10  1.364274e+14  1.364274e+11  2.000000e+06
342  4.000000e+05  5.414000e-02  5.414000e-02  1.463678e+10  1.468702e+10  1.362200e+14  1.362200e+11  2.000000e+06
343  4.000000e+05  5.414000e-02  5.414000e-02  1.468702e+10  1.473660e+10  1.360156e+14  1.360156e+11  2.000000e+06
344  4.000000e+05  5.414000e-02  5.414000e-02  1.473660e+10  1.478553e+10  1.358142e+14  1.358142e+11  2.000000e+06
345  4.000000e+05  5.414000e-02  5.414000e-02  1.478553e+10  1.483381e+10  1.356157e+14  1.356157e+11  2.000000e+06
346  4.000000e+05  5.414000e-02  5.414000e-02  1.483381e+10  1.488144e+10  1.354203e+14  1.354203e+11  2.000000e+06
347  4.000000e+05  5.414000e-02  5.414000e-02  1.488144e+10  1.492840e+10  1.352278e+14  1.352278e+11  2.000000e+06
348  4.000000e+05  5.414000e-02  5.414000e-02  1.492840e+10  1.497471e+10  1.350382e+14  1.350382e+11  2.000000e+06
349  4.000000e+05  5.414000e-02  5.414000e-02  1.497471e+10  1.502036e+10  1.348517e+14  1.348517e+11  2.000000e+06
350  4.000000e+05  5.414000e-02  5.414000e-02  1.502036e+10  1.506535e+10  1.346681e+14  1.346681e+11  2.000000e+06
351  4.000000e+05  5.414000e-02  5.414000e-02  1.506535e+10  1.510967e+10  1.344874e+14  1.344874e+11  2.000000e+06
352  4.000000e+05  5.414000e-02  5.414000e-02  1.510967e+10  1.515332e+10  1.343097e+14  1.343097e+11  2.000000e+06
353  4.000000e+05  5.414000e-02  5.414000e-02  1.515332e+10  1.519630e+10  1.341350e+14  1.341350e+11  2.000000e+06
354  4.000000e+05  5.414000e-02  5.414000e-02  1.519630e+10  1.523862e+10  1.339632e+14  1.339632e+11  2.000000e+06
355  4.000000e+05  5.414000e-02  5.414000e-02  1.523862e+10  1.528026e+10  1.337944e+14  1.337944e+11  2.000000e+06
356  4.000000e+05  5.414000e-02  5.414000e-02  1.528026e+10  1.532122e+10  1.336285e+14  1.336285e+11  2.000000e+06
357  4.000000e+05  5.414000e-02  5.414000e-02  1.532122e+10  1.536151e+10  1.334655e+14  1.334655e+11  2.000000e+06
358  4.000000e+05  5.414000e-02  5.414000e-02  1.536151e+10  1.540113e+10  1.333055e+14  1.333055e+11  2.000000e+06
359  4.000000e+05  5.414000e-02  5.414000e-02  1.540113e+10  1.544006e+10  1.331484e+14  1.331484e+11  2.000000e+06
360  4.000000e+05  5.414000e-02  5.414000e-02  1.544006e+10  1.547831e+10  1.329942e+14  1.329942e+11  2.000000e+06
361  4.000000e+05  5.414000e-02  5.414000e-02  1.547831e+10  1.551588e+10  1.328430e+14  1.328430e+11  2.000000e+06
362  4.000000e+05  5.414000e-02  5.414000e-02  1.551588e+10  1.555276e+10  1.326947e+14  1.326947e+11  2.000000e+06
363  4.000000e+05  5.414000e-02  5.414000e-02  1.555276e+10  1.558896e+10  1.325493e+14  1.325493e+11  2.000000e+06
364  4.000000e+05  5.414000e-02  5.414000e-02  1.558896e+10  1.562446e+10  1.324068e+14  1.324068e+11  2.000000e+06
365  4.000000e+05  5.414000e-02  5.414000e-02  1.562446e+10  1.565928e+10  1.322672e+14  1.322672e+11  2.000000e+06
366  4.000000e+05  5.414000e-02  5.414000e-02  1.565928e+10  1.569341e+10  1.321306e+14  1.321306e+11  2.000000e+06
367  4.000000e+05  5.414000e-02  5.414000e-02  1.569341e+10  1.572685e+10  1.319969e+14  1.319969e+11  2.000000e+06
368  4.000000e+05  5.414000e-02  5.414000e-02  1.572685e+10  1.575959e+10  1.318660e+14  1.318660e+11  2.000000e+06
369  4.000000e+05  5.414000e-02  5.414000e-02  1.575959e+10  1.579163e+10  1.317381e+14  1.317381e+11  2.000000e+06
370  4.000000e+05  5.414000e-02  5.414000e-02  1.579163e+10  1.582298e+10  1.316131e+14  1.316131e+11  2.000000e+06
371  4.000000e+05  5.414000e-02  5.414000e-02  1.582298e+10  1.585363e+10  1.314910e+14  1.314910e+11  2.000000e+06
372  4.000000e+05  5.414000e-02  5.414000e-02  1.585363e+10  1.588358e+10  1.313718e+14  1.313718e+11  2.000000e+06
373  4.000000e+05  5.414000e-02  5.414000e-02  1.588358e+10  1.591282e+10  1.312555e+14  1.312555e+11  2.000000e+06
374  4.000000e+05  5.414000e-02  5.414000e-02  1.591282e+10  1.594137e+10  1.311420e+14  1.311420e+11  2.000000e+06
375  4.000000e+05  5.414000e-02  5.414000e-02  1.594137e+10  1.596921e+10  1.310315e+14  1.310315e+11  2.000000e+06
376  4.000000e+05  5.414000e-02  5.414000e-02  1.596921e+10  1.599635e+10  1.309238e+14  1.309238e+11  2.000000e+06
377  4.000000e+05  5.414000e-02  5.414000e-02  1.599635e+10  1.602278e+10  1.308191e+14  1.308191e+11  2.000000e+06
378  4.000000e+05  5.414000e-02  5.414000e-02  1.602278e+10  1.604851e+10  1.307172e+14  1.307172e+11  2.000000e+06
379  4.000000e+05  5.414000e-02  5.414000e-02  1.604851e+10  1.607352e+10  1.306182e+14  1.306182e+11  2.000000e+06
380  4.000000e+05  5.414000e-02  5.414000e-02  1.607352e+10  1.609783e+10  1.305221e+14  1.305221e+11  2.000000e+06
381  4.000000e+05  5.414000e-02  5.414000e-02  1.609783e+10  1.612142e+10  1.304288e+14  1.304288e+11  2.000000e+06
382  4.000000e+05  5.414000e-02  5.414000e-02  1.612142e+10  1.614431e+10  1.303385e+14  1.303385e+11  2.000000e+06
383  4.000000e+05  5.414000e-02  5.414000e-02  1.614431e+10  1.616648e+10  1.302510e+14  1.302510e+11  2.000000e+06
384  4.000000e+05  5.414000e-02  5.414000e-02  1.616648e+10  1.618794e+10  1.301663e+14  1.301663e+11  2.000000e+06
385  4.000000e+05  5.414000e-02  5.414000e-02  1.618794e+10  1.620868e+10  1.300846e+14  1.300846e+11  2.000000e+06
386  4.000000e+05  5.414000e-02  5.414000e-02  1.620868e+10  1.622871e+10  1.300057e+14  1.300057e+11  2.000000e+06
387  4.000000e+05  5.414000e-02  5.414000e-02  1.622871e+10  1.624802e+10  1.299297e+14  1.299297e+11  2.000000e+06
388  4.000000e+05  5.414000e-02  5.414000e-02  1.624802e+10  1.626661e+10  1.298565e+14  1.298565e+11  2.000000e+06
389  4.000000e+05  5.414000e-02  5.414000e-02  1.626661e+10  1.628449e+10  1.297862e+14  1.297862e+11  2.000000e+06
390  4.000000e+05  5.414000e-02  5.414000e-02  1.628449e+10  1.630165e+10  1.297188e+14  1.297188e+11  2.000000e+06
391  4.000000e+05  5.414000e-02  5.414000e-02  1.630165e+10  1.631809e+10  1.296543e+14  1.296543e+11  2.000000e+06
392  4.000000e+05  5.414000e-02  5.414000e-02  1.631809e+10  1.633380e+10  1.295925e+14  1.295925e+11  2.000000e+06
393  4.000000e+05  5.414000e-02  5.414000e-02  1.633380e+10  1.634880e+10  1.295337e+14  1.295337e+11  2.000000e+06
394  4.000000e+05  5.414000e-02  5.414000e-02  1.634880e+10  1.636308e+10  1.294777e+14  1.294777e+11  2.000000e+06
395  4.000000e+05  5.414000e-02  5.414000e-02  1.636308e+10  1.637663e+10  1.294246e+14  1.294246e+11  2.000000e+06
396  4.000000e+05  5.414000e-02  5.414000e-02  1.637663e+10  1.638946e+10  1.293743e+14  1.293743e+11  2.000000e+06
397  4.000000e+05  5.414000e-02  5.414000e-02  1.638946e+10  1.640157e+10  1.293269e+14  1.293269e+11  2.000000e+06
398  4.000000e+05  5.414000e-02  5.414000e-02  1.640157e+10  1.641295e+10  1.292823e+14  1.292823e+11  2.000000e+06
399  4.000000e+05  5.414000e-02  5.414000e-02  1.641295e+10  1.642361e+10  1.292406e+14  1.292406e+11  2.000000e+06
400  4.000000e+05  5.414000e-02  5.414000e-02  1.642361e+10  1.643354e+10  1.292017e+14  1.292017e+11  2.000000e+06
401  4.000000e+05  5.414000e-02  5.414000e-02  1.643354e+10  1.644275e+10  1.291657e+14  1.291657e+11  2.000000e+06
402  4.000000e+05  5.414000e-02  5.414000e-02  1.644275e+10  1.645123e+10  1.291325e+14  1.291325e+11  2.000000e+06
403  4.000000e+05  5.414000e-02  5.414000e-02  1.645123e+10  1.645899e+10  1.291021e+14  1.291021e+11  2.000000e+06
404  4.000000e+05  5.414000e-02  5.414000e-02  1.645899e+10  1.646601e+10  1.290747e+14  1.290747e+11  2.000000e+06
405  4.000000e+05  5.414000e-02  5.414000e-02  1.646601e+10  1.647232e+10  1.290500e+14  1.290500e+11  2.000000e+06
406  4.000000e+05  5.414000e-02  5.414000e-02  1.647232e+10  1.647789e+10  1.290282e+14  1.290282e+11  2.000000e+06
407  4.000000e+05  5.414000e-02  5.414000e-02  1.647789e+10  1.648274e+10  1.290093e+14  1.290093e+11  2.000000e+06
408  4.000000e+05  5.414000e-02  5.414000e-02  1.648274e+10  1.648686e+10  1.289932e+14  1.289932e+11  2.000000e+06
409  4.000000e+05  5.414000e-02  5.414000e-02  1.648686e+10  1.649025e+10  1.289799e+14  1.289799e+11  2.000000e+06
410  4.000000e+05  5.414000e-02  5.414000e-02  1.649025e+10  1.649292e+10  1.289695e+14  1.289695e+11  2.000000e+06
411  4.000000e+05  5.414000e-02  5.414000e-02  1.649292e+10  1.649486e+10  1.289620e+14  1.289620e+11  2.000000e+06
412  4.000000e+05  5.414000e-02  5.414000e-02  1.649486e+10  1.649606e+10  1.289572e+14  1.289572e+11  2.000000e+06
413  4.000000e+05  5.414000e-02  5.414000e-02  1.649606e+10  1.649655e+10  1.289554e+14  1.289554e+11  2.000000e+06
414  6.408894e+04  5.414000e-02  5.414000e-02  1.649655e+10  1.649656e+10  1.289552e+14  1.289552e+11  2.000000e+06
415  6.408894e+04  5.414000e-02  5.414000e-02  1.649656e+10  1.649655e+10  1.289552e+14  1.289552e+11  2.000000e+06
416  4.000000e+05  5.414000e-02  5.414000e-02  1.649655e+10  1.649606e+10  1.289554e+14  1.289554e+11  2.000000e+06
417  4.000000e+05  5.414000e-02  5.414000e-02  1.649606e+10  1.649486e+10  1.289572e+14  1.289572e+11  2.000000e+06
418  4.000000e+05  5.414000e-02  5.414000e-02  1.649486e+10  1.649292e+10  1.289620e+14  1.289620e+11  2.000000e+06
419  4.000000e+05  5.414000e-02  5.414000e-02  1.649292e+10  1.649025e+10  1.289695e+14  1.289695e+11  2.000000e+06
420  4.000000e+05  5.414000e-02  5.414000e-02  1.649025e+10  1.648686e+10  1.289799e+14  1.289799e+11  2.000000e+06
421  4.000000e+05  5.414000e-02  5.414000e-02  1.648686e+10  1.648274e+10  1.289932e+14  1.289932e+11  2.000000e+06
422  4.000000e+05  5.414000e-02  5.414000e-02  1.648274e+10  1.647789e+10  1.290093e+14  1.290093e+11  2.000000e+06
423  4.000000e+05  5.414000e-02  5.414000e-02  1.647789e+10  1.647232e+10  1.290282e+14  1.290282e+11  2.000000e+06
424  4.000000e+05  5.414000e-02  5.414000e-02  1.647232e+10  1.646601e+10  1.290500e+14  1.290500e+11  2.000000e+06
425  4.000000e+05  5.414000e-02  5.414000e-02  1.646601e+10  1.645899e+10  1.290747e+14  1.290747e+11  2.000000e+06
426  4.000000e+05  5.414000e-02  5.414000e-02  1.645899e+10  1.645123e+10  1.291021e+14  1.291021e+11  2.000000e+06
427  4.000000e+05  5.414000e-02  5.414000e-02  1.645123e+10  1.644275e+10  1.291325e+14  1.291325e+11  2.000000e+06
428  4.000000e+05  5.414000e-02  5.414000e-02  1.644275e+10  1.643354e+10  1.291657e+14  1.291657e+11  2.000000e+06
429  4.000000e+05  5.414000e-02  5.414000e-02  1.643354e+10  1.642361e+10  1.292017e+14  1.292017e+11  2.000000e+06
430  4.000000e+05  5.414000e-02  5.414000e-02  1.642361e+10  1.641295e+10  1.292406e+14  1.292406e+11  2.000000e+06
431  4.000000e+05  5.414000e-02  5.414000e-02  1.641295e+10  1.640157e+10  1.292823e+14  1.292823e+11  2.000000e+06
432  4.000000e+05  5.414000e-02  5.414000e-02  1.640157e+10  1.638946e+10  1.293269e+14  1.293269e+11  2.000000e+06
433  4.000000e+05  5.414000e-02  5.414000e-02  1.638946e+10  1.637663e+10  1.293743e+14  1.293743e+11  2.000000e+06
434  4.000000e+05  5.414000e-02  5.414000e-02  1.637663e+10  1.636308e+10  1.294246e+14  1.294246e+11  2.000000e+06
435  4.000000e+05  5.414000e-02  5.414000e-02  1.636308e+10  1.634880e+10  1.294777e+14  1.294777e+11  2.000000e+06
436  4.000000e+05  5.414000e-02  5.414000e-02  1.634880e+10  1.633380e+10  1.295337e+14  1.295337e+11  2.000000e+06
437  4.000000e+05  5.414000e-02  5.414000e-02  1.633380e+10  1.631809e+10  1.295925e+14  1.295925e+11  2.000000e+06
438  4.000000e+05  5.414000e-02  5.414000e-02  1.631809e+10  1.630165e+10  1.296543e+14  1.296543e+11  2.000000e+06
439  4.000000e+05  5.414000e-02  5.414000e-02  1.630165e+10  1.628449e+10  1.297188e+14  1.297188e+11  2.000000e+06
440  4.000000e+05  5.414000e-02  5.414000e-02  1.628449e+10  1.626661e+10  1.297862e+14  1.297862e+11  2.000000e+06
441  4.000000e+05  5.414000e-02  5.414000e-02  1.626661e+10  1.624802e+10  1.298565e+14  1.298565e+11  2.000000e+06
442  4.000000e+05  5.414000e-02  5.414000e-02  1.624802e+10  1.622871e+10  1.299297e+14  1.299297e+11  2.000000e+06
443  4.000000e+05  5.414000e-02  5.414000e-02  1.622871e+10  1.620868e+10  1.300057e+14  1.300057e+11  2.000000e+06
444  4.000000e+05  5.414000e-02  5.414000e-02  1.620868e+10  1.618794e+10  1.300846e+14  1.300846e+11  2.000000e+06
445  4.000000e+05  5.414000e-02  5.414000e-02  1.618794e+10  1.616648e+10  1.301663e+14  1.301663e+11  2.000000e+06
446  4.000000e+05  5.414000e-02  5.414000e-02  1.616648e+10  1.614431e+10  1.302510e+14  1.302510e+11  2.000000e+06
447  4.000000e+05  5.414000e-02  5.414000e-02  1.614431e+10  1.612142e+10  1.303385e+14  1.303385e+11  2.000000e+06
448  4.000000e+05  5.414000e-02  5.414000e-02  1.612142e+10  1.609783e+10  1.304288e+14  1.304288e+11  2.000000e+06
449  4.000000e+05  5.414000e-02  5.414000e-02  1.609783e+10  1.607352e+10  1.305221e+14  1.305221e+11  2.000000e+06
450  4.000000e+05  5.414000e-02  5.414000e-02  1.607352e+10  1.604851e+10  1.306182e+14  1.306182e+11  2.000000e+06
451  4.000000e+05  5.414000e-02  5.414000e-02  1.604851e+10  1.602278e+10  1.307172e+14  1.307172e+11  2.000000e+06
452  4.000000e+05  5.414000e-02  5.414000e-02  1.602278e+10  1.599635e+10  1.308191e+14  1.308191e+11  2.000000e+06
453  4.000000e+05  5.414000e-02  5.414000e-02  1.599635e+10  1.596921e+10  1.309238e+14  1.309238e+11  2.000000e+06
454  4.000000e+05  5.414000e-02  5.414000e-02  1.596921e+10  1.594137e+10  1.310315e+14  1.310315e+11  2.000000e+06
455  4.000000e+05  5.414000e-02  5.414000e-02  1.594137e+10  1.591282e+10  1.311420e+14  1.311420e+11  2.000000e+06
456  4.000000e+05  5.414000e-02  5.414000e-02  1.591282e+10  1.588358e+10  1.312555e+14  1.312555e+11  2.000000e+06
457  4.000000e+05  5.414000e-02  5.414000e-02  1.588358e+10  1.585363e+10  1.313718e+14  1.313718e+11  2.000000e+06
458  4.000000e+05  5.414000e-02  5.414000e-02  1.585363e+10  1.582298e+10  1.314910e+14  1.314910e+11  2.000000e+06
459  4.000000e+05  5.414000e-02  5.414000e-02  1.582298e+10  1.579163e+10  1.316131e+14  1.316131e+11  2.000000e+06
460  4.000000e+05  5.414000e-02  5.414000e-02  1.579163e+10  1.575959e+10  1.317381e+14  1.317381e+11  2.000000e+06
461  4.000000e+05  5.414000e-02  5.414000e-02  1.575959e+10  1.572685e+10  1.318660e+14  1.318660e+11  2.000000e+06
462  4.000000e+05  5.414000e-02  5.414000e-02  1.572685e+10  1.569341e+10  1.319969e+14  1.319969e+11  2.000000e+06
463  4.000000e+05  5.414000e-02  5.414000e-02  1.569341e+10  1.565928e+10  1.321306e+14  1.321306e+11  2.000000e+06
464  4.000000e+05  5.414000e-02  5.414000e-02  1.565928e+10  1.562446e+10  1.322672e+14  1.322672e+11  2.000000e+06
465  4.000000e+05  5.414000e-02  5.414000e-02  1.562446e+10  1.558896e+10  1.324068e+14  1.324068e+11  2.000000e+06
466  4.000000e+05  5.414000e-02  5.414000e-02  1.558896e+10  1.555276e+10  1.325493e+14  1.325493e+11  2.000000e+06
467  4.000000e+05  5.414000e-02  5.414000e-02  1.555276e+10  1.551588e+10  1.326947e+14  1.326947e+11  2.000000e+06
468  4.000000e+05  5.414000e-02  5.414000e-02  1.551588e+10  1.547831e+10  1.328430e+14  1.328430e+11  2.000000e+06
469  4.000000e+05  5.414000e-02  5.414000e-02  1.547831e+10  1.544006e+10  1.329942e+14  1.329942e+11  2.000000e+06
470  4.000000e+05  5.414000e-02  5.414000e-02  1.544006e+10  1.540113e+10  1.331484e+14  1.331484e+11  2.000000e+06
471  4.000000e+05  5.414000e-02  5.414000e-02  1.540113e+10  1.536151e+10  1.333055e+14  1.333055e+11  2.000000e+06
472  4.000000e+05  5.414000e-02  5.414000e-02  1.536151e+10  1.532122e+10  1.334655e+14  1.334655e+11  2.000000e+06
473  4.000000e+05  5.414000e-02  5.414000e-02  1.532122e+10  1.528026e+10  1.336285e+14  1.336285e+11  2.000000e+06
474  4.000000e+05  5.414000e-02  5.414000e-02  1.528026e+10  1.523862e+10  1.337944e+14  1.337944e+11  2.000000e+06
475  4.000000e+05  5.414000e-02  5.414000e-02  1.523862e+10  1.519630e+10  1.339632e+14  1.339632e+11  2.000000e+06
476  4.000000e+05  5.414000e-02  5.414000e-02  1.519630e+10  1.515332e+10  1.341350e+14  1.341350e+11  2.000000e+06
477  4.000000e+05  5.414000e-02  5.414000e-02  1.515332e+10  1.510967e+10  1.343097e+14  1.343097e+11  2.000000e+06
478  4.000000e+05  5.414000e-02  5.414000e-02  1.510967e+10  1.506535e+10  1.344874e+14  1.344874e+11  2.000000e+06
479  4.000000e+05  5.414000e-02  5.414000e-02  1.506535e+10  1.502036e+10  1.346681e+14  1.346681e+11  2.000000e+06
480  4.000000e+05  5.414000e-02  5.414000e-02  1.502036e+10  1.497471e+10  1.348517e+14  1.348517e+11  2.000000e+06
481  4.000000e+05  5.414000e-02  5.414000e-02  1.497471e+10  1.492840e+10  1.350382e+14  1.350382e+11  2.000000e+06
482  4.000000e+05  5.414000e-02  5.414000e-02  1.492840e+10  1.488144e+10  1.352278e+14  1.352278e+11  2.000000e+06
483  4.000000e+05  5.414000e-02  5.414000e-02  1.488144e+10  1.483381e+10  1.354203e+14  1.354203e+11  2.000000e+06
484  4.000000e+05  5.414000e-02  5.414000e-02  1.483381e+10  1.478553e+10  1.356157e+14  1.356157e+11  2.000000e+06
485  4.000000e+05  5.414000e-02  5.414000e-02  1.478553e+10  1.473660e+10  1.358142e+14  1.358142e+11  2.000000e+06
486  4.000000e+05  5.414000e-02  5.414000e-02  1.473660e+10  1.468702e+10  1.360156e+14  1.360156e+11  2.000000e+06
487  4.000000e+05  5.414000e-02  5.414000e-02  1.468702e+10  1.463678e+10  1.362200e+14  1.362200e+11  2.000000e+06
488  4.000000e+05  5.414000e-02  5.414000e-02  1.463678e+10  1.458591e+10  1.364274e+14  1.364274e+11  2.000000e+06
489  4.000000e+05  5.414000e-02  5.414000e-02  1.458591e+10  1.453439e+10  1.366378e+14  1.366378e+11  2.000000e+06
490  4.000000e+05  5.414000e-02  5.414000e-02  1.453439e+10  1.448222e+10  1.368512e+14  1.368512e+11  2.000000e+06
491  4.000000e+05  5.414000e-02  5.414000e-02  1.448222e+10  1.442942e+10  1.370676e+14  1.370676e+11  2.000000e+06
492  4.000000e+05  5.414000e-02  5.414000e-02  1.442942e+10  1.437598e+10  1.372869e+14  1.372869e+11  2.000000e+06
493  4.000000e+05  5.414000e-02  5.414000e-02  1.437598e+10  1.432191e+10  1.375093e+14  1.375093e+11  2.000000e+06
494  4.000000e+05  5.414000e-02  5.414000e-02  1.432191e+10  1.426720e+10  1.377347e+14  1.377347e+11  2.000000e+06
495  4.000000e+05  5.414000e-02  5.414000e-02  1.426720e+10  1.421187e+10  1.379631e+14  1.379631e+11  2.000000e+06
496  4.000000e+05  5.414000e-02  5.414000e-02  1.421187e+10  1.415591e+10  1.381945e+14  1.381945e+11  2.000000e+06
497  4.000000e+05  5.414000e-02  5.414000e-02  1.415591e+10  1.409932e+10  1.384289e+14  1.384289e+11  2.000000e+06
498  4.000000e+05  5.414000e-02  5.414000e-02  1.409932e+10  1.404211e+10  1.386664e+14  1.386664e+11  2.000000e+06
499  4.000000e+05  5.414000e-02  5.414000e-02  1.404211e+10  1.398428e+10  1.389069e+14  1.389069e+11  2.000000e+06
500  4.000000e+05  5.414000e-02  5.414000e-02  1.398428e+10  1.392583e+10  1.391504e+14  1.391504e+11  2.000000e+06
501  4.000000e+05  5.414000e-02  5.414000e-02  1.392583e+10  1.386677e+10  1.393969e+14  1.393969e+11  2.000000e+06
502  4.000000e+05  5.414000e-02  5.414000e-02  1.386677e+10  1.380710e+10  1.396465e+14  1.396465e+11  2.000000e+06
503  4.000000e+05  5.414000e-02  5.414000e-02  1.380710e+10  1.374682e+10  1.398991e+14  1.398991e+11  2.000000e+06
504  4.000000e+05  5.414000e-02  5.414000e-02  1.374682e+10  1.368593e+10  1.401548e+14  1.401548e+11  2.000000e+06
505  4.000000e+05  5.414000e-02  5.414000e-02  1.368593e+10  1.362443e+10  1.404135e+14  1.404135e+11  2.000000e+06
506  4.000000e+05  5.414000e-02  5.414000e-02  1.362443e+10  1.356234e+10  1.406752e+14  1.406752e+11  2.000000e+06
507  4.000000e+05  5.414000e-02  5.414000e-02  1.356234e+10  1.349964e+10  1.409400e+14  1.409400e+11  2.000000e+06
508  4.000000e+05  5.414000e-02  5.414000e-02  1.349964e+10  1.343635e+10  1.412079e+14  1.412079e+11  2.000000e+06
509  4.000000e+05  5.414000e-02  5.414000e-02  1.343635e+10  1.337247e+10  1.414788e+14  1.414788e+11  2.000000e+06
510  4.000000e+05  5.414000e-02  5.414000e-02  1.337247e+10  1.330800e+10  1.417528e+14  1.417528e+11  2.000000e+06
511  4.000000e+05  5.414000e-02  5.414000e-02  1.330800e+10  1.324294e+10  1.420299e+14  1.420299e+11  2.000000e+06
512  4.000000e+05  5.414000e-02  5.414000e-02  1.324294e+10  1.317729e+10  1.423101e+14  1.423101e+11  2.000000e+06
513  4.000000e+05  5.414000e-02  5.414000e-02  1.317729e+10  1.311107e+10  1.425933e+14  1.425933e+11  2.000000e+06
514  4.000000e+05  5.414000e-02  5.414000e-02  1.311107e+10  1.304426e+10  1.428796e+14  1.428796e+11  2.000000e+06
515  4.000000e+05  5.414000e-02  5.414000e-02  1.304426e+10  1.297688e+10  1.431690e+14  1.431690e+11  2.000000e+06
516  4.000000e+05  5.414000e-02  5.414000e-02  1.297688e+10  1.290892e+10  1.434614e+14  1.434614e+11  2.000000e+06
517  4.000000e+05  5.414000e-02  5.414000e-02  1.290892e+10  1.284040e+10  1.437570e+14  1.437570e+11  2.000000e+06
518  4.000000e+05  5.414000e-02  5.414000e-02  1.284040e+10  1.277131e+10  1.440557e+14  1.440557e+11  2.000000e+06
519  4.000000e+05  5.414000e-02  5.414000e-02  1.277131e+10  1.270166e+10  1.443574e+14  1.443574e+11  2.000000e+06
520  4.000000e+05  5.414000e-02  5.414000e-02  1.270166e+10  1.263144e+10  1.446623e+14  1.446623e+11  2.000000e+06
521  4.000000e+05  5.414000e-02  5.414000e-02  1.263144e+10  1.256067e+10  1.449702e+14  1.449702e+11  2.000000e+06
522  4.000000e+05  5.414000e-02  5.414000e-02  1.256067e+10  1.248934e+10  1.452813e+14  1.452813e+11  2.000000e+06
523  4.000000e+05  5.414000e-02  5.414000e-02  1.248934e+10  1.241746e+10  1.455955e+14  1.455955e+11  2.000000e+06
524  4.000000e+05  5.414000e-02  5.414000e-02  1.241746e+10  1.234504e+10  1.459128e+14  1.459128e+11  2.000000e+06
525  4.000000e+05  5.414000e-02  5.414000e-02  1.234504e+10  1.227207e+10  1.462332e+14  1.462332e+11  2.000000e+06
526  4.000000e+05  5.414000e-02  5.414000e-02  1.227207e+10  1.219855e+10  1.465568e+14  1.465568e+11  2.000000e+06
527  4.000000e+05  5.414000e-02  5.414000e-02  1.219855e+10  1.212450e+10  1.468834e+14  1.468834e+11  2.000000e+06
528  4.000000e+05  5.414000e-02  5.414000e-02  1.212450e+10  1.204991e+10  1.472132e+14  1.472132e+11  2.000000e+06
529  4.000000e+05  5.414000e-02  5.414000e-02  1.204991e+10  1.197480e+10  1.475462e+14  1.475462e+11  2.000000e+06
530  4.000000e+05  5.414000e-02  5.414000e-02  1.197480e+10  1.189915e+10  1.478822e+14  1.478822e+11  2.000000e+06
531  4.000000e+05  5.414000e-02  5.414000e-02  1.189915e+10  1.182298e+10  1.482214e+14  1.482214e+11  2.000000e+06
532  4.000000e+05  5.414000e-02  5.414000e-02  1.182298e+10  1.174628e+10  1.485638e+14  1.485638e+11  2.000000e+06
533  4.000000e+05  5.414000e-02  5.414000e-02  1.174628e+10  1.166907e+10  1.489093e+14  1.489093e+11  2.000000e+06
534  4.000000e+05  5.414000e-02  5.414000e-02  1.166907e+10  1.159134e+10  1.492579e+14  1.492579e+11  2.000000e+06
535  4.000000e+05  5.414000e-02  5.414000e-02  1.159134e+10  1.151310e+10  1.496097e+14  1.496097e+11  2.000000e+06
536  4.000000e+05  5.414000e-02  5.414000e-02  1.151310e+10  1.143436e+10  1.499646e+14  1.499646e+11  2.000000e+06
537  4.000000e+05  5.414000e-02  5.414000e-02  1.143436e+10  1.135510e+10  1.503227e+14  1.503227e+11  2.000000e+06
538  4.000000e+05  5.414000e-02  5.414000e-02  1.135510e+10  1.127535e+10  1.506840e+14  1.506840e+11  2.000000e+06
539  4.000000e+05  5.414000e-02  5.414000e-02  1.127535e+10  1.119510e+10  1.510484e+14  1.510484e+11  2.000000e+06
540  4.000000e+05  5.414000e-02  5.414000e-02  1.119510e+10  1.111435e+10  1.514160e+14  1.514160e+11  2.000000e+06
541  4.000000e+05  5.414000e-02  5.414000e-02  1.111435e+10  1.103312e+10  1.517867e+14  1.517867e+11  2.000000e+06
542  4.000000e+05  5.414000e-02  5.414000e-02  1.103312e+10  1.095140e+10  1.521606e+14  1.521606e+11  2.000000e+06
543  4.000000e+05  5.414000e-02  5.414000e-02  1.095140e+10  1.086919e+10  1.525377e+14  1.525377e+11  2.000000e+06
544  4.000000e+05  5.414000e-02  5.414000e-02  1.086919e+10  1.078650e+10  1.529180e+14  1.529180e+11  2.000000e+06
545  4.000000e+05  5.414000e-02  5.414000e-02  1.078650e+10  1.070334e+10  1.533014e+14  1.533014e+11  2.000000e+06
546  4.000000e+05  5.414000e-02  5.414000e-02  1.070334e+10  1.061971e+10  1.536880e+14  1.536880e+11  2.000000e+06
547  4.000000e+05  5.414000e-02  5.414000e-02  1.061971e+10  1.053560e+10  1.540778e+14  1.540778e+11  2.000000e+06
548  4.000000e+05  5.414000e-02  5.414000e-02  1.053560e+10  1.045103e+10  1.544708e+14  1.544708e+11  2.000000e+06
549  4.000000e+05  5.414000e-02  5.414000e-02  1.045103e+10  1.036600e+10  1.548669e+14  1.548669e+11  2.000000e+06
550  4.000000e+05  5.414000e-02  5.414000e-02  1.036600e+10  1.028052e+10  1.552663e+14  1.552663e+11  2.000000e+06
551  4.000000e+05  5.414000e-02  5.414000e-02  1.028052e+10  1.019458e+10  1.556688e+14  1.556688e+11  2.000000e+06
552  4.000000e+05  5.414000e-02  5.414000e-02  1.019458e+10  1.010819e+10  1.560745e+14  1.560745e+11  2.000000e+06
553  4.000000e+05  5.414000e-02  5.414000e-02  1.010819e+10  1.002135e+10  1.564834e+14  1.564834e+11  2.000000e+06
554  4.000000e+05  5.414000e-02  5.414000e-02  1.002135e+10  9.934069e+09  1.568955e+14  1.568955e+11  2.000000e+06
555  4.000000e+05  5.414000e-02  5.414000e-02  9.934069e+09  9.846351e+09  1.573108e+14  1.573108e+11  2.000000e+06
556  4.000000e+05  5.414000e-02  5.414000e-02  9.846351e+09  9.758198e+09  1.577293e+14  1.577293e+11  2.000000e+06
557  4.000000e+05  5.414000e-02  5.414000e-02  9.758198e+09  9.669615e+09  1.581510e+14  1.581510e+11  2.000000e+06
558  4.000000e+05  5.414000e-02  5.414000e-02  9.669615e+09  9.580604e+09  1.585759e+14  1.585759e+11  2.000000e+06
559  4.000000e+05  5.414000e-02  5.414000e-02  9.580604e+09  9.491171e+09  1.590039e+14  1.590039e+11  2.000000e+06
560  4.000000e+05  5.414000e-02  5.414000e-02  9.491171e+09  9.401319e+09  1.594352e+14  1.594352e+11  2.000000e+06
561  4.000000e+05  5.414000e-02  5.414000e-02  9.401319e+09  9.311052e+09  1.598697e+14  1.598697e+11  2.000000e+06
562  4.000000e+05  5.414000e-02  5.414000e-02  9.311052e+09  9.220374e+09  1.603073e+14  1.603073e+11  2.000000e+06
563  4.000000e+05  5.414000e-02  5.414000e-02  9.220374e+09  9.129289e+09  1.607482e+14  1.607482e+11  2.000000e+06
564  4.000000e+05  5.414000e-02  5.414000e-02  9.129289e+09  9.037801e+09  1.611923e+14  1.611923e+11  2.000000e+06
565  4.000000e+05  5.414000e-02  5.414000e-02  9.037801e+09  8.945915e+09  1.616395e+14  1.616395e+11  2.000000e+06
566  4.000000e+05  5.414000e-02  5.414000e-02  8.945915e+09  8.853633e+09  1.620900e+14  1.620900e+11  2.000000e+06
567  4.000000e+05  5.414000e-02  5.414000e-02  8.853633e+09  8.760960e+09  1.625437e+14  1.625437e+11  2.000000e+06
568  4.000000e+05  5.414000e-02  5.414000e-02  8.760960e+09  8.667901e+09  1.630005e+14  1.630005e+11  2.000000e+06
569  4.000000e+05  5.414000e-02  5.414000e-02  8.667901e+09  8.574459e+09  1.634606e+14  1.634606e+11  2.000000e+06
570  4.000000e+05  5.414000e-02  5.414000e-02  8.574459e+09  8.480639e+09  1.639239e+14  1.639239e+11  2.000000e+06
571  4.000000e+05  5.414000e-02  5.414000e-02  8.480639e+09  8.386444e+09  1.643903e+14  1.643903e+11  2.000000e+06
572  4.000000e+05  5.414000e-02  5.414000e-02  8.386444e+09  8.291879e+09  1.648600e+14  1.648600e+11  2.000000e+06
573  4.000000e+05  5.414000e-02  5.414000e-02  8.291879e+09  8.196949e+09  1.653328e+14  1.653328e+11  2.000000e+06
574  4.000000e+05  5.414000e-02  5.414000e-02  8.196949e+09  8.101656e+09  1.658089e+14  1.658089e+11  2.000000e+06
575  4.000000e+05  5.414000e-02  5.414000e-02  8.101656e+09  8.006006e+09  1.662881e+14  1.662881e+11  2.000000e+06
576  4.000000e+05  5.414000e-02  5.414000e-02  8.006006e+09  7.910002e+09  1.667705e+14  1.667705e+11  2.000000e+06
577  4.000000e+05  5.414000e-02  5.414000e-02  7.910002e+09  7.813649e+09  1.672561e+14  1.672561e+11  2.000000e+06
578  4.000000e+05  5.414000e-02  5.414000e-02  7.813649e+09  7.716951e+09  1.677449e+14  1.677449e+11  2.000000e+06
579  4.000000e+05  5.414000e-02  5.414000e-02  7.716951e+09  7.619913e+09  1.682369e+14  1.682369e+11  2.000000e+06
580  4.000000e+05  5.414000e-02  5.414000e-02  7.619913e+09  7.522538e+09  1.687321e+14  1.687321e+11  2.000000e+06
581  4.000000e+05  5.414000e-02  5.414000e-02  7.522538e+09  7.424832e+09  1.692305e+14  1.692305e+11  2.000000e+06
582  4.000000e+05  5.414000e-02  5.414000e-02  7.424832e+09  7.326797e+09  1.697320e+14  1.697320e+11  2.000000e+06
583  4.000000e+05  5.414000e-02  5.414000e-02  7.326797e+09  7.228439e+09  1.702367e+14  1.702367e+11  2.000000e+06
584  4.000000e+05  5.414000e-02  5.414000e-02  7.228439e+09  7.129762e+09  1.707446e+14  1.707446e+11  2.000000e+06
585  4.000000e+05  5.414000e-02  5.414000e-02  7.129762e+09  7.030771e+09  1.712557e+14  1.712557e+11  2.000000e+06
586  4.000000e+05  5.414000e-02  5.414000e-02  7.030771e+09  6.931469e+09  1.717699e+14  1.717699e+11  2.000000e+06
587  4.000000e+05  5.414000e-02  5.414000e-02  6.931469e+09  6.831861e+09  1.722873e+14  1.722873e+11  2.000000e+06
588  4.000000e+05  5.414000e-02  5.414000e-02  6.831861e+09  6.731952e+09  1.728078e+14  1.728078e+11  2.000000e+06
589  4.000000e+05  5.414000e-02  5.414000e-02  6.731952e+09  6.631745e+09  1.733315e+14  1.733315e+11  2.000000e+06
590  4.000000e+05  5.414000e-02  5.414000e-02  6.631745e+09  6.531246e+09  1.738584e+14  1.738584e+11  2.000000e+06
591  4.000000e+05  5.414000e-02  5.414000e-02  6.531246e+09  6.430458e+09  1.743884e+14  1.743884e+11  2.000000e+06
592  4.000000e+05  5.414000e-02  5.414000e-02  6.430458e+09  6.329386e+09  1.749215e+14  1.749215e+11  2.000000e+06
593  4.000000e+05  5.414000e-02  5.414000e-02  6.329386e+09  6.228036e+09  1.754578e+14  1.754578e+11  2.000000e+06
594  4.000000e+05  5.414000e-02  5.414000e-02  6.228036e+09  6.126410e+09  1.759972e+14  1.759972e+11  2.000000e+06
595  4.000000e+05  5.414000e-02  5.414000e-02  6.126410e+09  6.024514e+09  1.765397e+14  1.765397e+11  2.000000e+06
596  4.000000e+05  5.414000e-02  5.414000e-02  6.024514e+09  5.922351e+09  1.770854e+14  1.770854e+11  2.000000e+06
597  4.000000e+05  5.414000e-02  5.414000e-02  5.922351e+09  5.819928e+09  1.776342e+14  1.776342e+11  2.000000e+06
598  4.000000e+05  5.414000e-02  5.414000e-02  5.819928e+09  5.717248e+09  1.781861e+14  1.781861e+11  2.000000e+06
599  4.000000e+05  5.414000e-02  5.414000e-02  5.717248e+09  5.614315e+09  1.787411e+14  1.787411e+11  2.000000e+06
600  4.000000e+05  5.414000e-02  5.414000e-02  5.614315e+09  5.511134e+09  1.792992e+14  1.792992e+11  2.000000e+06
601  4.000000e+05  5.414000e-02  5.414000e-02  5.511134e+09  5.407710e+09  1.798604e+14  1.798604e+11  2.000000e+06
602  4.000000e+05  5.414000e-02  5.414000e-02  5.407710e+09  5.304048e+09  1.804246e+14  1.804246e+11  2.000000e+06
603  4.000000e+05  5.414000e-02  5.414000e-02  5.304048e+09  5.200151e+09  1.809920e+14  1.809920e+11  2.000000e+06
604  4.000000e+05  5.414000e-02  5.414000e-02  5.200151e+09  5.096025e+09  1.815624e+14  1.815624e+11  2.000000e+06
605  4.000000e+05  5.414000e-02  5.414000e-02  5.096025e+09  4.991674e+09  1.821359e+14  1.821359e+11  2.000000e+06
606  4.000000e+05  5.414000e-02  5.414000e-02  4.991674e+09  4.887102e+09  1.827125e+14  1.827125e+11  2.000000e+06
607  4.000000e+05  5.414000e-02  5.414000e-02  4.887102e+09  4.782315e+09  1.832921e+14  1.832921e+11  2.000000e+06
608  4.000000e+05  5.414000e-02  5.414000e-02  4.782315e+09  4.677317e+09  1.838747e+14  1.838747e+11  2.000000e+06
609  4.000000e+05  5.414000e-02  5.414000e-02  4.677317e+09  4.572112e+09  1.844604e+14  1.844604e+11  2.000000e+06
610  4.000000e+05  5.414000e-02  5.414000e-02  4.572112e+09  4.466705e+09  1.850490e+14  1.850490e+11  2.000000e+06
611  4.000000e+05  5.414000e-02  5.414000e-02  4.466705e+09  4.361102e+09  1.856407e+14  1.856407e+11  2.000000e+06
612  4.000000e+05  5.414000e-02  5.414000e-02  4.361102e+09  4.255306e+09  1.862355e+14  1.862355e+11  2.000000e+06
613  4.000000e+05  5.414000e-02  5.414000e-02  4.255306e+09  4.149321e+09  1.868332e+14  1.868332e+11  2.000000e+06
614  4.000000e+05  5.414000e-02  5.414000e-02  4.149321e+09  4.043154e+09  1.874338e+14  1.874338e+11  2.000000e+06
615  4.000000e+05  5.414000e-02  5.414000e-02  4.043154e+09  3.936809e+09  1.880375e+14  1.880375e+11  2.000000e+06
616  4.000000e+05  5.414000e-02  5.414000e-02  3.936809e+09  3.830289e+09  1.886441e+14  1.886441e+11  2.000000e+06
617  4.000000e+05  5.414000e-02  5.414000e-02  3.830289e+09  3.723601e+09  1.892537e+14  1.892537e+11  2.000000e+06
618  4.000000e+05  5.414000e-02  5.414000e-02  3.723601e+09  3.616748e+09  1.898662e+14  1.898662e+11  2.000000e+06
619  4.000000e+05  5.414000e-02  5.414000e-02  3.616748e+09  3.509735e+09  1.904817e+14  1.904817e+11  2.000000e+06
620  4.000000e+05  5.414000e-02  5.414000e-02  3.509735e+09  3.402568e+09  1.911000e+14  1.911000e+11  2.000000e+06
621  4.000000e+05  5.414000e-02  5.414000e-02  3.402568e+09  3.295250e+09  1.917213e+14  1.917213e+11  2.000000e+06
622  4.000000e+05  5.414000e-02  5.414000e-02  3.295250e+09  3.187787e+09  1.923455e+14  1.923455e+11  2.000000e+06
623  4.000000e+05  5.414000e-02  5.414000e-02  3.187787e+09  3.080183e+09  1.929725e+14  1.929725e+11  2.000000e+06
624  4.000000e+05  5.414000e-02  5.414000e-02  3.080183e+09  2.972444e+09  1.936024e+14  1.936024e+11  2.000000e+06
625  4.000000e+05  5.414000e-02  5.414000e-02  2.972444e+09  2.864573e+09  1.942352e+14  1.942352e+11  2.000000e+06
626  4.000000e+05  5.414000e-02  5.414000e-02  2.864573e+09  2.756575e+09  1.948708e+14  1.948708e+11  2.000000e+06
627  4.000000e+05  5.414000e-02  5.414000e-02  2.756575e+09  2.648456e+09  1.955093e+14  1.955093e+11  2.000000e+06
628  4.000000e+05  5.414000e-02  5.414000e-02  2.648456e+09  2.540220e+09  1.961506e+14  1.961506e+11  2.000000e+06
629  4.000000e+05  5.414000e-02  5.414000e-02  2.540220e+09  2.431872e+09  1.967946e+14  1.967946e+11  2.000000e+06
630  4.000000e+05  5.414000e-02  5.414000e-02  2.431872e+09  2.323417e+09  1.974415e+14  1.974415e+11  2.000000e+06
631  4.000000e+05  5.414000e-02  5.414000e-02  2.323417e+09  2.214859e+09  1.980911e+14  1.980911e+11  2.000000e+06
632  3.846365e+05  5.414000e-02  5.414000e-02  2.214859e+09  2.110378e+09  1.987309e+14  1.987309e+11  2.000000e+06
633  3.628646e+05  5.414000e-02  5.414000e-02  2.110378e+09  2.011732e+09  1.993429e+14  1.993429e+11  2.000000e+06
634  3.423251e+05  5.414000e-02  5.414000e-02  2.011732e+09  1.918603e+09  1.999225e+14  1.999225e+11  2.000000e+06
635  3.229482e+05  5.414000e-02  5.414000e-02  1.918603e+09  1.830689e+09  2.004712e+14  2.004712e+11  2.000000e+06
636  3.046681e+05  5.414000e-02  5.414000e-02  1.830689e+09  1.747702e+09  2.009905e+14  2.009905e+11  2.000000e+06
637  2.874227e+05  5.414000e-02  5.414000e-02  1.747702e+09  1.669372e+09  2.014820e+14  2.014820e+11  2.000000e+06
638  2.711535e+05  5.414000e-02  5.414000e-02  1.669372e+09  1.595441e+09  2.019470e+14  2.019470e+11  2.000000e+06
639  2.558052e+05  5.414000e-02  5.414000e-02  1.595441e+09  1.525665e+09  2.023869e+14  2.023869e+11  2.000000e+06
640  2.413257e+05  5.414000e-02  5.414000e-02  1.525665e+09  1.459813e+09  2.028029e+14  2.028029e+11  2.000000e+06
641  2.276657e+05  5.414000e-02  5.414000e-02  1.459813e+09  1.397667e+09  2.031963e+14  2.031963e+11  2.000000e+06
642  2.147790e+05  5.414000e-02  5.414000e-02  1.397667e+09  1.339020e+09  2.035683e+14  2.035683e+11  2.000000e+06
643  2.026217e+05  5.414000e-02  5.414000e-02  1.339020e+09  1.283677e+09  2.039199e+14  2.039199e+11  2.000000e+06
644  1.911525e+05  5.414000e-02  5.414000e-02  1.283677e+09  1.231454e+09  2.042523e+14  2.042523e+11  2.000000e+06
645  1.803326e+05  5.414000e-02  5.414000e-02  1.231454e+09  1.182175e+09  2.045665e+14  2.045665e+11  2.000000e+06
646  1.701251e+05  5.414000e-02  5.414000e-02  1.182175e+09  1.135676e+09  2.048634e+14  2.048634e+11  2.000000e+06
647  1.604954e+05  5.414000e-02  5.414000e-02  1.135676e+09  1.091801e+09  2.051439e+14  2.051439e+11  2.000000e+06
648  1.514107e+05  5.414000e-02  5.414000e-02  1.091801e+09  1.050402e+09  2.054090e+14  2.054090e+11  2.000000e+06
649  1.428403e+05  5.414000e-02  5.414000e-02  1.050402e+09  1.011340e+09  2.056594e+14  2.056594e+11  2.000000e+06
650  1.347550e+05  5.414000e-02  5.414000e-02  1.011340e+09  9.744842e+08  2.058959e+14  2.058959e+11  2.000000e+06
651  1.271274e+05  5.414000e-02  5.414000e-02  9.744842e+08  9.397100e+08  2.061194e+14  2.061194e+11  2.000000e+06
652  1.199315e+05  5.414000e-02  5.414000e-02  9.397100e+08  9.069003e+08  2.063304e+14  2.063304e+11  2.000000e+06
653  1.131429e+05  5.414000e-02  5.414000e-02  9.069003e+08  8.759444e+08  2.065298e+14  2.065298e+11  2.000000e+06
654  1.067386e+05  5.414000e-02  5.414000e-02  8.759444e+08  8.467380e+08  2.067180e+14  2.067180e+11  2.000000e+06
655  1.006968e+05  5.414000e-02  5.414000e-02  8.467380e+08  8.191822e+08  2.068958e+14  2.068958e+11  2.000000e+06
656  9.499696e+04  5.414000e-02  5.414000e-02  8.191822e+08  7.931842e+08  2.070636e+14  2.070636e+11  2.000000e+06
657  8.961977e+04  5.414000e-02  5.414000e-02  7.931842e+08  7.686559e+08  2.072221e+14  2.072221e+11  2.000000e+06
658  8.454695e+04  5.414000e-02  5.414000e-02  7.686559e+08  7.455144e+08  2.073717e+14  2.073717e+11  2.000000e+06
659  7.976128e+04  5.414000e-02  5.414000e-02  7.455144e+08  7.236815e+08  2.075130e+14  2.075130e+11  2.000000e+06
660  7.524649e+04  5.414000e-02  5.414000e-02  7.236815e+08  7.030833e+08  2.076464e+14  2.076464e+11  2.000000e+06
661  7.098725e+04  5.414000e-02  5.414000e-02  7.030833e+08  6.836500e+08  2.077723e+14  2.077723e+11  2.000000e+06
662  6.696911e+04  5.414000e-02  5.414000e-02  6.836500e+08  6.653158e+08  2.078912e+14  2.078912e+11  2.000000e+06
663  6.317840e+04  5.414000e-02  5.414000e-02  6.653158e+08  6.480186e+08  2.080034e+14  2.080034e+11  2.000000e+06
664  5.960227e+04  5.414000e-02  5.414000e-02  6.480186e+08  6.316999e+08  2.081093e+14  2.081093e+11  2.000000e+06
665  5.622855e+04  5.414000e-02  5.414000e-02  6.316999e+08  6.163043e+08  2.082093e+14  2.082093e+11  2.000000e+06
666  5.304581e+04  5.414000e-02  5.414000e-02  6.163043e+08  6.017796e+08  2.083036e+14  2.083036e+11  2.000000e+06
667  5.004321e+04  5.414000e-02  5.414000e-02  6.017796e+08  5.880767e+08  2.083927e+14  2.083927e+11  2.000000e+06
668  4.721058e+04  5.414000e-02  5.414000e-02  5.880767e+08  5.751491e+08  2.084767e+14  2.084767e+11  2.000000e+06
669  4.453828e+04  5.414000e-02  5.414000e-02  5.751491e+08  5.629528e+08  2.085561e+14  2.085561e+11  2.000000e+06
670  4.201725e+04  5.414000e-02  5.414000e-02  5.629528e+08  5.514467e+08  2.086309e+14  2.086309e+11  2.000000e+06
671  3.963891e+04  5.414000e-02  5.414000e-02  5.514467e+08  5.405916e+08  2.087016e+14  2.087016e+11  2.000000e+06
672  3.739520e+04  5.414000e-02  5.414000e-02  5.405916e+08  5.303507e+08  2.087683e+14  2.087683e+11  2.000000e+06
673  3.527849e+04  5.414000e-02  5.414000e-02  5.303507e+08  5.206893e+08  2.088312e+14  2.088312e+11  2.000000e+06
674  3.328159e+04  5.414000e-02  5.414000e-02  5.206893e+08  5.115746e+08  2.088906e+14  2.088906e+11  2.000000e+06
675  3.139773e+04  5.414000e-02  5.414000e-02  5.115746e+08  5.029757e+08  2.089466e+14  2.089466e+11  2.000000e+06
676  2.962050e+04  5.414000e-02  5.414000e-02  5.029757e+08  4.948634e+08  2.089995e+14  2.089995e+11  2.000000e+06
677  2.794387e+04  5.414000e-02  5.414000e-02  4.948634e+08  4.872101e+08  2.090494e+14  2.090494e+11  2.000000e+06
678  2.636214e+04  5.414000e-02  5.414000e-02  4.872101e+08  4.799900e+08  2.090965e+14  2.090965e+11  2.000000e+06
679  2.486994e+04  5.414000e-02  5.414000e-02  4.799900e+08  4.731785e+08  2.091409e+14  2.091409e+11  2.000000e+06
680  2.346221e+04  5.414000e-02  5.414000e-02  4.731785e+08  4.667525e+08  2.091829e+14  2.091829e+11  2.000000e+06
681  2.213416e+04  5.414000e-02  5.414000e-02  4.667525e+08  4.606901e+08  2.092224e+14  2.092224e+11  2.000000e+06
682  2.088128e+04  5.414000e-02  5.414000e-02  4.606901e+08  4.549708e+08  2.092598e+14  2.092598e+11  2.000000e+06
683  1.969932e+04  5.414000e-02  5.414000e-02  4.549708e+08  4.495752e+08  2.092950e+14  2.092950e+11  2.000000e+06
684  1.858427e+04  5.414000e-02  5.414000e-02  4.495752e+08  4.444850e+08  2.093282e+14  2.093282e+11  2.000000e+06
685  1.753233e+04  5.414000e-02  5.414000e-02  4.444850e+08  4.396829e+08  2.093596e+14  2.093596e+11  2.000000e+06
686  1.653993e+04  5.414000e-02  5.414000e-02  4.396829e+08  4.351525e+08  2.093892e+14  2.093892e+11  2.000000e+06
687  1.560371e+04  5.414000e-02  5.414000e-02  4.351525e+08  4.308786e+08  2.094171e+14  2.094171e+11  2.000000e+06
688  1.472048e+04  5.414000e-02  5.414000e-02  4.308786e+08  4.268466e+08  2.094434e+14  2.094434e+11  2.000000e+06
689  1.388725e+04  5.414000e-02  5.414000e-02  4.268466e+08  4.230427e+08  2.094683e+14  2.094683e+11  2.000000e+06
690  1.310118e+04  5.414000e-02  5.414000e-02  4.230427e+08  4.194542e+08  2.094917e+14  2.094917e+11  2.000000e+06
691  1.235960e+04  5.414000e-02  5.414000e-02  4.194542e+08  4.160687e+08  2.095139e+14  2.095139e+11  2.000000e+06
692  1.166000e+04  5.414000e-02  5.414000e-02  4.160687e+08  4.128749e+08  2.095348e+14  2.095348e+11  2.000000e+06
693  1.100000e+04  5.414000e-02  5.414000e-02  4.128749e+08  4.098618e+08  2.095544e+14  2.095544e+11  2.000000e+06
694  1.100000e+04  5.414000e-02  5.414000e-02  4.098618e+08  4.068487e+08  2.095736e+14  2.095736e+11  2.000000e+06
695  1.100000e+04  5.414000e-02  5.414000e-02  4.068487e+08  4.038357e+08  2.095927e+14  2.095927e+11  2.000000e+06
696  1.100000e+04  5.414000e-02  5.414000e-02  4.038357e+08  4.008226e+08  2.096118e+14  2.096118e+11  2.000000e+06
697  1.100000e+04  5.414000e-02  5.414000e-02  4.008226e+08  3.978094e+08  2.096310e+14  2.096310e+11  2.000000e+06
698  1.100000e+04  5.414000e-02  5.414000e-02  3.978094e+08  3.947963e+08  2.096501e+14  2.096501e+11  2.000000e+06
699  1.100000e+04  5.414000e-02  5.414000e-02  3.947963e+08  3.917832e+08  2.096692e+14  2.096692e+11  2.000000e+06
700  1.100000e+04  5.414000e-02  5.414000e-02  3.917832e+08  3.887700e+08  2.096884e+14  2.096884e+11  2.000000e+06
701  1.100000e+04  5.414000e-02  5.414000e-02  3.887700e+08  3.857568e+08  2.097075e+14  2.097075e+11  2.000000e+06
702  1.100000e+04  5.414000e-02  5.414000e-02  3.857568e+08  3.827437e+08  2.097266e+14  2.097266e+11  2.000000e+06
703  1.100000e+04  5.414000e-02  5.414000e-02  3.827437e+08  3.797305e+08  2.097458e+14  2.097458e+11  2.000000e+06
704  1.100000e+04  5.414000e-02  5.414000e-02  3.797305e+08  3.767173e+08  2.098668e+14  2.098668e+11  1.999029e+06
705  1.100000e+04  5.414000e-02  5.414000e-02  3.767173e+08  3.737040e+08  2.106770e+14  2.106770e+11  1.991523e+06
706  1.100000e+04  5.414000e-02  5.414000e-02  3.737040e+08  3.706908e+08  2.122817e+14  2.122817e+11  1.976650e+06
707  1.100000e+04  5.414000e-02  5.414000e-02  3.706908e+08  3.676776e+08  2.147051e+14  2.147051e+11  1.954520e+06
708  1.100000e+04  5.414000e-02  5.414000e-02  3.676776e+08  3.646643e+08  2.179842e+14  2.179842e+11  1.925298e+06
709  1.100000e+04  5.414000e-02  5.414000e-02  3.646643e+08  3.616510e+08  2.221701e+14  2.221701e+11  1.889203e+06
710  1.100000e+04  5.414000e-02  5.414000e-02  3.616510e+08  3.586377e+08  2.273297e+14  2.273297e+11  1.846502e+06
711  1.100000e+04  5.414000e-02  5.414000e-02  3.586377e+08  3.556244e+08  2.335481e+14  2.335481e+11  1.797516e+06
712  1.100000e+04  5.414000e-02  5.414000e-02  3.556244e+08  3.526111e+08  2.409315e+14  2.409315e+11  1.742607e+06
713  1.100000e+04  5.414000e-02  5.414000e-02  3.526111e+08  3.495978e+08  2.496113e+14  2.496113e+11  1.682187e+06
714  1.100000e+04  5.414000e-02  5.414000e-02  3.495978e+08  3.465845e+08  2.597496e+14  2.597496e+11  1.616705e+06
715  1.100000e+04  5.414000e-02  5.414000e-02  3.465845e+08  3.435712e+08  2.715456e+14  2.715456e+11  1.546650e+06
716  1.100000e+04  5.414000e-02  5.414000e-02  3.435712e+08  3.405578e+08  2.852450e+14  2.852450e+11  1.472543e+06
717  1.100000e+04  5.414000e-02  5.414000e-02  3.405578e+08  3.375444e+08  3.011516e+14  3.011516e+11  1.394937e+06
718  1.100000e+04  5.414000e-02  5.414000e-02  3.375444e+08  3.345311e+08  3.196430e+14  3.196430e+11  1.314412e+06
719  1.100000e+04  5.414000e-02  5.414000e-02  3.345311e+08  3.315177e+08  3.411922e+14  3.411922e+11  1.231567e+06
720  1.100000e+04  5.414000e-02  5.414000e-02  3.315177e+08  3.285043e+08  3.663959e+14  3.663959e+11  1.147019e+06
721  1.100000e+04  5.414000e-02  5.414000e-02  3.285043e+08  3.254909e+08  3.960146e+14  3.960146e+11  1.061401e+06
722  1.100000e+04  5.414000e-02  5.414000e-02  3.254909e+08  3.224775e+08  4.310279e+14  4.310279e+11  9.753484e+05
723  1.100000e+04  5.414000e-02  5.414000e-02  3.224775e+08  3.194640e+08  4.727138e+14  4.727138e+11  8.895046e+05
724  1.100000e+04  5.414000e-02  5.414000e-02  3.194640e+08  3.164506e+08  5.227626e+14  5.227626e+11  8.045093e+05
725  1.100000e+04  5.414000e-02  5.414000e-02  3.164506e+08  3.134371e+08  5.834466e+14  5.834466e+11  7.209962e+05
726  1.100000e+04  5.414000e-02  5.414000e-02  3.134371e+08  3.104237e+08  6.578753e+14  6.578753e+11  6.395882e+05
727  1.100000e+04  5.414000e-02  5.414000e-02  3.104237e+08  3.074102e+08  7.503927e+14  7.503927e+11  5.608922e+05
728  1.100000e+04  5.414000e-02  5.414000e-02  3.074102e+08  3.043967e+08  8.672104e+14  8.672104e+11  4.854951e+05
729  1.100000e+04  5.414000e-02  5.414000e-02  3.043967e+08  3.013832e+08  1.017455e+15  1.017455e+12  4.139591e+05
730  1.100000e+04  5.414000e-02  5.414000e-02  3.013832e+08  2.983697e+08  1.214962e+15  1.214962e+12  3.468177e+05
731  1.100000e+04  5.414000e-02  5.414000e-02  2.983697e+08  2.953562e+08  1.481498e+15  1.481498e+12  2.845717e+05
732  1.100000e+04  5.414000e-02  5.414000e-02  2.953562e+08  2.923427e+08  1.852835e+15  1.852835e+12  2.276851e+05
733  1.100000e+04  5.414000e-02  5.414000e-02  2.923427e+08  2.893292e+08  2.390959e+15  2.390959e+12  1.765823e+05
734  1.100000e+04  5.414000e-02  5.414000e-02  2.893292e+08  2.863156e+08  3.210450e+15  3.210450e+12  1.316445e+05
735  1.100000e+04  5.414000e-02  5.414000e-02  2.863156e+08  2.833021e+08  4.540711e+15  4.540711e+12  9.320663e+04
736  1.100000e+04  5.414000e-02  5.414000e-02  2.833021e+08  2.802885e+08  6.888964e+15  6.888964e+12  6.155555e+04
737  1.100000e+04  5.414000e-02  5.414000e-02  2.802885e+08  2.772749e+08  1.151758e+16  1.151758e+13  3.692733e+04
738  1.100000e+04  5.414000e-02  5.414000e-02  2.772749e+08  2.742614e+08  2.191266e+16  2.191266e+13  1.950567e+04
739  1.100000e+04  5.414000e-02  5.414000e-02  2.742614e+08  2.712478e+08  4.579771e+16  4.579771e+13  9.420556e+03
740  1.100000e+04  5.414000e-02  5.414000e-02  2.712478e+08  2.682342e+08  4.851133e+16  3.480175e+16  6.673749e+03
741  1.100000e+04  5.414000e-02  5.414000e-02  2.682342e+08  2.652206e+08  5.030179e+16  3.716516e+16  6.671958e+03
742  1.100000e+04  5.414000e-02  5.414000e-02  2.652206e+08  2.622070e+08  5.209226e+16  3.952858e+16  6.670168e+03
743  1.100000e+04  5.414000e-02  5.414000e-02  2.622070e+08  2.591933e+08  5.388273e+16  4.189200e+16  6.668377e+03
744  1.100000e+04  5.414000e-02  5.414000e-02  2.591933e+08  2.561797e+08  5.571103e+16  4.450760e+16  6.666658e+03
745  1.100000e+04  5.414000e-02  5.414000e-02  2.561797e+08  2.531661e+08  5.766541e+16  4.796372e+16  6.665178e+03
746  1.100000e+04  5.414000e-02  5.414000e-02  2.531661e+08  2.501524e+08  5.961979e+16  5.141985e+16  6.663697e+03
747  1.100000e+04  5.414000e-02  5.414000e-02  2.501524e+08  2.471388e+08  6.157418e+16  5.487599e+16  6.662217e+03
748  1.100000e+04  5.414000e-02  5.414000e-02  2.471388e+08  2.441251e+08  6.352858e+16  5.833214e+16  6.660736e+03
749  1.100000e+04  5.414000e-02  5.414000e-02  2.441251e+08  2.411114e+08  6.563554e+16  6.291913e+16  6.659402e+03
750  1.100000e+04  5.414000e-02  5.414000e-02  2.411114e+08  2.380977e+08  6.789327e+16  6.862365e+16  6.658213e+03
751  1.100000e+04  5.414000e-02  5.414000e-02  2.380977e+08  2.350840e+08  7.015101e+16  7.432819e+16  6.657024e+03
752  1.100000e+04  5.414000e-02  5.414000e-02  2.350840e+08  2.320703e+08  7.240875e+16  8.003275e+16  6.655835e+03
753  1.100000e+04  5.414000e-02  5.414000e-02  2.320703e+08  2.290566e+08  7.466650e+16  8.573732e+16  6.654646e+03
754  1.100000e+04  5.414000e-02  5.414000e-02  2.290566e+08  2.260429e+08  7.692426e+16  9.144190e+16  6.653457e+03
755  1.100000e+04  5.414000e-02  5.414000e-02  2.260429e+08  2.230292e+08  7.918202e+16  9.714650e+16  6.652268e+03
756  1.100000e+04  5.414000e-02  5.414000e-02  2.230292e+08  2.200155e+08  8.169147e+16  1.065342e+17  6.651217e+03
757  1.100000e+04  5.414000e-02  5.414000e-02  2.200155e+08  2.170017e+08  8.427400e+16  1.169911e+17  6.650207e+03
758  1.100000e+04  5.414000e-02  5.414000e-02  2.170017e+08  2.139880e+08  8.685653e+16  1.274481e+17  6.649197e+03
759  1.100000e+04  5.414000e-02  5.414000e-02  2.139880e+08  2.109742e+08  8.943907e+16  1.379050e+17  6.648187e+03
760  1.100000e+04  5.414000e-02  5.414000e-02  2.109742e+08  2.079605e+08  9.202161e+16  1.483620e+17  6.647177e+03
761  1.100000e+04  5.414000e-02  5.414000e-02  2.079605e+08  2.049467e+08  9.460416e+16  1.588191e+17  6.646167e+03
762  1.100000e+04  5.414000e-02  5.414000e-02  2.049467e+08  2.019330e+08  9.718672e+16  1.692761e+17  6.645156e+03
763  1.100000e+04  5.414000e-02  5.414000e-02  2.019330e+08  1.989192e+08  9.976928e+16  1.797332e+17  6.644146e+03
764  1.100000e+04  5.414000e-02  5.414000e-02  1.989192e+08  1.959054e+08  1.023518e+17  1.901903e+17  6.643136e+03
765  1.100000e+04  5.414000e-02  5.414000e-02  1.959054e+08  1.928916e+08  1.048752e+17  2.105966e+17  6.642094e+03
766  1.100000e+04  5.414000e-02  5.414000e-02  1.928916e+08  1.898778e+08  1.073893e+17  2.325532e+17  6.641046e+03
767  1.100000e+04  5.414000e-02  5.414000e-02  1.898778e+08  1.868640e+08  1.099034e+17  2.545098e+17  6.639999e+03
768  1.100000e+04  5.414000e-02  5.414000e-02  1.868640e+08  1.838502e+08  1.124175e+17  2.764665e+17  6.638951e+03
769  1.100000e+04  5.414000e-02  5.414000e-02  1.838502e+08  1.808364e+08  1.149317e+17  2.984232e+17  6.637903e+03
770  1.100000e+04  5.414000e-02  5.414000e-02  1.808364e+08  1.778226e+08  1.174458e+17  3.203800e+17  6.636856e+03
771  1.100000e+04  5.414000e-02  5.414000e-02  1.778226e+08  1.748087e+08  1.199599e+17  3.423368e+17  6.635808e+03
772  1.100000e+04  5.414000e-02  5.414000e-02  1.748087e+08  1.717949e+08  1.224741e+17  3.642937e+17  6.634761e+03
773  1.100000e+04  5.414000e-02  5.414000e-02  1.717949e+08  1.687811e+08  1.249882e+17  3.862506e+17  6.633713e+03
774  1.100000e+04  5.414000e-02  5.414000e-02  1.687811e+08  1.657672e+08  1.272646e+17  4.154735e+17  6.632638e+03
775  1.100000e+04  5.414000e-02  5.414000e-02  1.657672e+08  1.627534e+08  1.290336e+17  4.601970e+17  6.631504e+03
776  1.100000e+04  5.414000e-02  5.414000e-02  1.627534e+08  1.597395e+08  1.308025e+17  5.049206e+17  6.630370e+03
777  1.100000e+04  5.414000e-02  5.414000e-02  1.597395e+08  1.567256e+08  1.325715e+17  5.496443e+17  6.629236e+03
778  1.100000e+04  5.414000e-02  5.414000e-02  1.567256e+08  1.537118e+08  1.343405e+17  5.943680e+17  6.628102e+03
779  1.100000e+04  5.414000e-02  5.414000e-02  1.537118e+08  1.506979e+08  1.361095e+17  6.390918e+17  6.626968e+03
780  1.100000e+04  5.414000e-02  5.414000e-02  1.506979e+08  1.476840e+08  1.378785e+17  6.838157e+17  6.625834e+03
781  1.100000e+04  5.414000e-02  5.414000e-02  1.476840e+08  1.446701e+08  1.396475e+17  7.285397e+17  6.624700e+03
782  1.100000e+04  5.414000e-02  5.414000e-02  1.446701e+08  1.416563e+08  1.414165e+17  7.732638e+17  6.623566e+03
783  1.100000e+04  5.414000e-02  5.414000e-02  1.416563e+08  1.386424e+08  1.423677e+17  8.445416e+17  6.622413e+03
784  1.100000e+04  5.414000e-02  5.414000e-02  1.386424e+08  1.356285e+08  1.425029e+17  9.423119e+17  6.621241e+03
785  1.100000e+04  5.414000e-02  5.414000e-02  1.356285e+08  1.326146e+08  1.426382e+17  1.040082e+18  6.620069e+03
786  1.100000e+04  5.414000e-02  5.414000e-02  1.326146e+08  1.296007e+08  1.427734e+17  1.137853e+18  6.618897e+03
787  1.100000e+04  5.414000e-02  5.414000e-02  1.296007e+08  1.265868e+08  1.429087e+17  1.235624e+18  6.617725e+03
788  1.100000e+04  5.414000e-02  5.414000e-02  1.265868e+08  1.235728e+08  1.430439e+17  1.333395e+18  6.616553e+03
789  1.100000e+04  5.414000e-02  5.414000e-02  1.235728e+08  1.205589e+08  1.431791e+17  1.431166e+18  6.615381e+03
790  1.100000e+04  5.414000e-02  5.414000e-02  1.205589e+08  1.175450e+08  1.433144e+17  1.528937e+18  6.614209e+03
791  1.100000e+04  5.414000e-02  5.414000e-02  1.175450e+08  1.145311e+08  1.434496e+17  1.626708e+18  6.613037e+03
792  1.100000e+04  5.414000e-02  5.414000e-02  1.145311e+08  1.115172e+08  1.435849e+17  1.724480e+18  6.611864e+03
793  1.100000e+04  5.414000e-02  5.414000e-02  1.115172e+08  1.085032e+08  1.437201e+17  1.822251e+18  6.610692e+03
794  1.100000e+04  5.414000e-02  5.414000e-02  1.085032e+08  1.054893e+08  1.440320e+17  1.960094e+18  6.609454e+03
795  1.100000e+04  5.414000e-02  5.414000e-02  1.054893e+08  1.024753e+08  1.445986e+17  2.155757e+18  6.608121e+03
796  1.100000e+04  5.414000e-02  5.414000e-02  1.024753e+08  9.946140e+07  1.451653e+17  2.351420e+18  6.606788e+03
797  1.100000e+04  5.414000e-02  5.414000e-02  9.946140e+07  9.644745e+07  1.457319e+17  2.547083e+18  6.605454e+03
798  1.100000e+04  5.414000e-02  5.414000e-02  9.644745e+07  9.343350e+07  1.462986e+17  2.742746e+18  6.604121e+03
799  1.100000e+04  5.414000e-02  5.414000e-02  9.343350e+07  9.041955e+07  1.468652e+17  2.938410e+18  6.602788e+03
800  1.100000e+04  5.414000e-02  5.414000e-02  9.041955e+07  8.740559e+07  1.474319e+17  3.134073e+18  6.601454e+03
801  1.100000e+04  5.414000e-02  5.414000e-02  8.740559e+07  8.439163e+07  1.479986e+17  3.329737e+18  6.600121e+03
802  1.100000e+04  5.414000e-02  5.414000e-02  8.439163e+07  8.137767e+07  1.485652e+17  3.525401e+18  6.598788e+03
803  1.100000e+04  5.414000e-02  5.414000e-02  8.137767e+07  7.836371e+07  1.503351e+17  3.782971e+18  6.596835e+03
804  1.100000e+04  5.414000e-02  5.414000e-02  7.836371e+07  7.534974e+07  1.538421e+17  4.129920e+18  6.593988e+03
805  1.100000e+04  5.414000e-02  5.414000e-02  7.534974e+07  7.233577e+07  1.573491e+17  4.476870e+18  6.591141e+03
806  1.100000e+04  5.414000e-02  5.414000e-02  7.233577e+07  6.932180e+07  1.608561e+17  4.823819e+18  6.588294e+03
807  1.100000e+04  5.414000e-02  5.414000e-02  6.932180e+07  6.630782e+07  1.643632e+17  5.170769e+18  6.585447e+03
808  1.100000e+04  5.414000e-02  5.414000e-02  6.630782e+07  6.329384e+07  1.678702e+17  5.517719e+18  6.582600e+03
809  1.100000e+04  5.414000e-02  5.414000e-02  6.329384e+07  6.027987e+07  1.713772e+17  5.864670e+18  6.579753e+03
810  1.100000e+04  5.414000e-02  5.414000e-02  6.027987e+07  5.726588e+07  1.748843e+17  6.211620e+18  6.576906e+03
811  1.100000e+04  5.414000e-02  5.414000e-02  5.726588e+07  5.425190e+07  1.784825e+17  6.720049e+18  6.571246e+03
812  1.100000e+04  5.414000e-02  5.414000e-02  5.425190e+07  5.123792e+07  1.821233e+17  7.303820e+18  6.564274e+03
813  1.100000e+04  5.414000e-02  5.414000e-02  5.123792e+07  4.822393e+07  1.857642e+17  7.887592e+18  6.557303e+03
814  1.100000e+04  5.414000e-02  5.414000e-02  4.822393e+07  4.520994e+07  1.894050e+17  8.471364e+18  6.550331e+03
815  1.100000e+04  5.414000e-02  5.414000e-02  4.520994e+07  4.219595e+07  1.930458e+17  9.055137e+18  6.543359e+03
816  1.100000e+04  5.414000e-02  5.414000e-02  4.219595e+07  3.918196e+07  1.966867e+17  9.638909e+18  6.536387e+03
817  1.100000e+04  5.414000e-02  5.414000e-02  3.918196e+07  3.616797e+07  2.001488e+17  1.028703e+19  6.527607e+03
818  1.100000e+04  5.414000e-02  5.414000e-02  3.616797e+07  3.315398e+07  2.030036e+17  1.115394e+19  6.512678e+03
819  1.100000e+04  5.414000e-02  5.414000e-02  3.315398e+07  3.013998e+07  2.058584e+17  1.202084e+19  6.497750e+03
820  1.100000e+04  5.414000e-02  5.414000e-02  3.013998e+07  2.712599e+07  2.087131e+17  1.288774e+19  6.482821e+03
821  1.100000e+04  5.414000e-02  5.414000e-02  2.712599e+07  2.411199e+07  2.102375e+17  1.387750e+19  6.464750e+03
822  1.100000e+04  5.414000e-02  5.414000e-02  2.411199e+07  2.109799e+07  2.098403e+17  1.504472e+19  6.442139e+03
823  1.100000e+04  5.414000e-02  5.414000e-02  2.109799e+07  1.808400e+07  2.094431e+17  1.621195e+19  6.419528e+03
824  1.100000e+04  5.414000e-02  5.414000e-02  1.808400e+07  1.507000e+07  2.087818e+17  1.742773e+19  6.396136e+03
825  1.100000e+04  5.414000e-02  5.414000e-02  1.507000e+07  1.205600e+07  2.064485e+17  1.895106e+19  6.367803e+03
826  1.100000e+04  5.414000e-02  5.414000e-02  1.205600e+07  9.042000e+06  2.041152e+17  2.047439e+19  6.339470e+03
827  1.100000e+04  5.414000e-02  5.414000e-02  9.042000e+06  6.028000e+06  2.014897e+17  2.205586e+19  6.310345e+03
828  1.100000e+04  5.414000e-02  5.414000e-02  6.028000e+06  3.014000e+06  1.970138e+17  2.400552e+19  6.276207e+03
829  1.100000e+04  5.414000e-02  5.414000e-02  3.014000e+06  2.020245e-06  1.925379e+17  2.595517e+19  6.242069e+03

[GHOSTS]
# tag      B_T          phi_g_Jpkg   ne_im3       nn_im3       T_K          T_e_factor
outer_0  5.414000e-02  2.020245e-06  1.925379e+17  2.595517e+19  6.242069e+03  1.000
outer_1  5.414000e-02  2.020245e-06  1.925379e+17  2.595517e+19  6.242069e+03  1.000
inner_0  5.414000e-02  0.000000e+00  1.925379e+17  2.595517e+19  6.242069e+03  1.000
inner_1  5.414000e-02  0.000000e+00  1.925379e+17  2.595517e+19  6.242069e+03  1.000
