# full-loop .dat — generated by util/make_loop_dat.py
# topology=open, half-length=80.0 Mm, apex_T=2.00 MK, footpoint |B|=351.9 G (uniform)
# chromosphere: Model C7 (two-fluid); TR+corona: hydrostatic, fully ionized (single-fluid via F_SLAVE)
# Units: SI (m, T, K, m^-3, J/kg)

[META]
ns=378
g_si=274.0
B_outer_T=3.519000e-02
phi_g_offset_Jpkg=0.0
topology=open
loop_half_length_m=8.000000e+07

[CELLS]
# i  ds_m         B_imh_T      B_iph_T      phi_g_imh    phi_g_iph    ne_im3       nn_im3       T_K
0  1.100000e+04  3.519000e-02  3.519000e-02  0.000000e+00  3.014000e+06  1.925379e+17  2.595517e+19  6.242069e+03
1  1.100000e+04  3.519000e-02  3.519000e-02  3.014000e+06  6.028000e+06  1.970138e+17  2.400552e+19  6.276207e+03
2  1.100000e+04  3.519000e-02  3.519000e-02  6.028000e+06  9.042000e+06  2.014897e+17  2.205586e+19  6.310345e+03
3  1.100000e+04  3.519000e-02  3.519000e-02  9.042000e+06  1.205600e+07  2.041152e+17  2.047439e+19  6.339470e+03
4  1.100000e+04  3.519000e-02  3.519000e-02  1.205600e+07  1.507000e+07  2.064485e+17  1.895106e+19  6.367803e+03
5  1.100000e+04  3.519000e-02  3.519000e-02  1.507000e+07  1.808400e+07  2.087818e+17  1.742773e+19  6.396136e+03
6  1.100000e+04  3.519000e-02  3.519000e-02  1.808400e+07  2.109800e+07  2.094431e+17  1.621194e+19  6.419528e+03
7  1.100000e+04  3.519000e-02  3.519000e-02  2.109800e+07  2.411200e+07  2.098403e+17  1.504472e+19  6.442139e+03
8  1.100000e+04  3.519000e-02  3.519000e-02  2.411200e+07  2.712600e+07  2.102375e+17  1.387750e+19  6.464750e+03
9  1.100000e+04  3.519000e-02  3.519000e-02  2.712600e+07  3.014000e+07  2.087131e+17  1.288774e+19  6.482821e+03
10  1.100000e+04  3.519000e-02  3.519000e-02  3.014000e+07  3.315400e+07  2.058583e+17  1.202083e+19  6.497750e+03
11  1.100000e+04  3.519000e-02  3.519000e-02  3.315400e+07  3.616800e+07  2.030036e+17  1.115393e+19  6.512679e+03
12  1.100000e+04  3.519000e-02  3.519000e-02  3.616800e+07  3.918200e+07  2.001488e+17  1.028702e+19  6.527607e+03
13  1.100000e+04  3.519000e-02  3.519000e-02  3.918200e+07  4.219600e+07  1.966866e+17  9.638901e+18  6.536387e+03
14  1.100000e+04  3.519000e-02  3.519000e-02  4.219600e+07  4.521000e+07  1.930458e+17  9.055127e+18  6.543359e+03
15  1.100000e+04  3.519000e-02  3.519000e-02  4.521000e+07  4.822400e+07  1.894049e+17  8.471352e+18  6.550331e+03
16  1.100000e+04  3.519000e-02  3.519000e-02  4.822400e+07  5.123800e+07  1.857641e+17  7.887577e+18  6.557303e+03
17  1.100000e+04  3.519000e-02  3.519000e-02  5.123800e+07  5.425200e+07  1.821232e+17  7.303803e+18  6.564275e+03
18  1.100000e+04  3.519000e-02  3.519000e-02  5.425200e+07  5.726600e+07  1.784824e+17  6.720028e+18  6.571246e+03
19  1.100000e+04  3.519000e-02  3.519000e-02  5.726600e+07  6.028000e+07  1.748841e+17  6.211606e+18  6.576906e+03
20  1.100000e+04  3.519000e-02  3.519000e-02  6.028000e+07  6.329400e+07  1.713771e+17  5.864653e+18  6.579753e+03
21  1.100000e+04  3.519000e-02  3.519000e-02  6.329400e+07  6.630800e+07  1.678700e+17  5.517700e+18  6.582600e+03
22  1.100000e+04  3.519000e-02  3.519000e-02  6.630800e+07  6.932200e+07  1.643629e+17  5.170747e+18  6.585447e+03
23  1.100000e+04  3.519000e-02  3.519000e-02  6.932200e+07  7.233600e+07  1.608559e+17  4.823794e+18  6.588294e+03
24  1.100000e+04  3.519000e-02  3.519000e-02  7.233600e+07  7.535000e+07  1.573488e+17  4.476841e+18  6.591141e+03
25  1.100000e+04  3.519000e-02  3.519000e-02  7.535000e+07  7.836400e+07  1.538418e+17  4.129888e+18  6.593988e+03
26  1.100000e+04  3.519000e-02  3.519000e-02  7.836400e+07  8.137800e+07  1.503347e+17  3.782935e+18  6.596835e+03
27  1.100000e+04  3.519000e-02  3.519000e-02  8.137800e+07  8.439200e+07  1.485652e+17  3.525379e+18  6.598788e+03
28  1.100000e+04  3.519000e-02  3.519000e-02  8.439200e+07  8.740600e+07  1.479985e+17  3.329712e+18  6.600121e+03
29  1.100000e+04  3.519000e-02  3.519000e-02  8.740600e+07  9.042000e+07  1.474318e+17  3.134045e+18  6.601455e+03
30  1.100000e+04  3.519000e-02  3.519000e-02  9.042000e+07  9.343400e+07  1.468652e+17  2.938379e+18  6.602788e+03
31  1.100000e+04  3.519000e-02  3.519000e-02  9.343400e+07  9.644800e+07  1.462985e+17  2.742712e+18  6.604121e+03
32  1.100000e+04  3.519000e-02  3.519000e-02  9.644800e+07  9.946200e+07  1.457318e+17  2.547045e+18  6.605455e+03
33  1.100000e+04  3.519000e-02  3.519000e-02  9.946200e+07  1.024760e+08  1.451652e+17  2.351379e+18  6.606788e+03
34  1.100000e+04  3.519000e-02  3.519000e-02  1.024760e+08  1.054900e+08  1.445985e+17  2.155712e+18  6.608121e+03
35  1.100000e+04  3.519000e-02  3.519000e-02  1.054900e+08  1.085040e+08  1.440318e+17  1.960045e+18  6.609455e+03
36  1.100000e+04  3.519000e-02  3.519000e-02  1.085040e+08  1.115180e+08  1.437201e+17  1.822225e+18  6.610693e+03
37  1.100000e+04  3.519000e-02  3.519000e-02  1.115180e+08  1.145320e+08  1.435848e+17  1.724451e+18  6.611865e+03
38  1.100000e+04  3.519000e-02  3.519000e-02  1.145320e+08  1.175460e+08  1.434496e+17  1.626677e+18  6.613037e+03
39  1.100000e+04  3.519000e-02  3.519000e-02  1.175460e+08  1.205600e+08  1.433143e+17  1.528903e+18  6.614209e+03
40  1.100000e+04  3.519000e-02  3.519000e-02  1.205600e+08  1.235740e+08  1.431791e+17  1.431130e+18  6.615381e+03
41  1.100000e+04  3.519000e-02  3.519000e-02  1.235740e+08  1.265880e+08  1.430439e+17  1.333356e+18  6.616553e+03
42  1.100000e+04  3.519000e-02  3.519000e-02  1.265880e+08  1.296020e+08  1.429086e+17  1.235582e+18  6.617725e+03
43  1.100000e+04  3.519000e-02  3.519000e-02  1.296020e+08  1.326160e+08  1.427734e+17  1.137808e+18  6.618898e+03
44  1.100000e+04  3.519000e-02  3.519000e-02  1.326160e+08  1.356300e+08  1.426381e+17  1.040034e+18  6.620070e+03
45  1.100000e+04  3.519000e-02  3.519000e-02  1.356300e+08  1.386440e+08  1.425029e+17  9.422607e+17  6.621242e+03
46  1.100000e+04  3.519000e-02  3.519000e-02  1.386440e+08  1.416580e+08  1.423676e+17  8.444869e+17  6.622414e+03
47  1.100000e+04  3.519000e-02  3.519000e-02  1.416580e+08  1.446720e+08  1.414155e+17  7.732371e+17  6.623567e+03
48  1.100000e+04  3.519000e-02  3.519000e-02  1.446720e+08  1.476860e+08  1.396464e+17  7.285113e+17  6.624701e+03
49  1.100000e+04  3.519000e-02  3.519000e-02  1.476860e+08  1.507000e+08  1.378773e+17  6.837856e+17  6.625835e+03
50  1.100000e+04  3.519000e-02  3.519000e-02  1.507000e+08  1.537140e+08  1.361082e+17  6.390598e+17  6.626969e+03
51  1.100000e+04  3.519000e-02  3.519000e-02  1.537140e+08  1.567280e+08  1.343392e+17  5.943340e+17  6.628103e+03
52  1.100000e+04  3.519000e-02  3.519000e-02  1.567280e+08  1.597420e+08  1.325701e+17  5.496082e+17  6.629237e+03
53  1.100000e+04  3.519000e-02  3.519000e-02  1.597420e+08  1.627560e+08  1.308010e+17  5.048825e+17  6.630371e+03
54  1.100000e+04  3.519000e-02  3.519000e-02  1.627560e+08  1.657700e+08  1.290320e+17  4.601567e+17  6.631505e+03
55  1.100000e+04  3.519000e-02  3.519000e-02  1.657700e+08  1.687840e+08  1.272629e+17  4.154309e+17  6.632639e+03
56  1.100000e+04  3.519000e-02  3.519000e-02  1.687840e+08  1.717980e+08  1.249857e+17  3.862286e+17  6.633714e+03
57  1.100000e+04  3.519000e-02  3.519000e-02  1.717980e+08  1.748120e+08  1.224714e+17  3.642705e+17  6.634762e+03
58  1.100000e+04  3.519000e-02  3.519000e-02  1.748120e+08  1.778260e+08  1.199571e+17  3.423124e+17  6.635810e+03
59  1.100000e+04  3.519000e-02  3.519000e-02  1.778260e+08  1.808400e+08  1.174429e+17  3.203543e+17  6.636857e+03
60  1.100000e+04  3.519000e-02  3.519000e-02  1.808400e+08  1.838540e+08  1.149286e+17  2.983962e+17  6.637905e+03
61  1.100000e+04  3.519000e-02  3.519000e-02  1.838540e+08  1.868680e+08  1.124143e+17  2.764381e+17  6.638952e+03
62  1.100000e+04  3.519000e-02  3.519000e-02  1.868680e+08  1.898820e+08  1.099000e+17  2.544800e+17  6.640000e+03
63  1.100000e+04  3.519000e-02  3.519000e-02  1.898820e+08  1.928960e+08  1.073857e+17  2.325219e+17  6.641048e+03
64  1.100000e+04  3.519000e-02  3.519000e-02  1.928960e+08  1.959100e+08  1.048714e+17  2.105638e+17  6.642095e+03
65  1.100000e+04  3.519000e-02  3.519000e-02  1.959100e+08  1.989240e+08  1.023478e+17  1.901739e+17  6.643138e+03
66  1.100000e+04  3.519000e-02  3.519000e-02  1.989240e+08  2.019380e+08  9.976505e+16  1.797161e+17  6.644148e+03
67  1.100000e+04  3.519000e-02  3.519000e-02  2.019380e+08  2.049520e+08  9.718230e+16  1.692582e+17  6.645158e+03
68  1.100000e+04  3.519000e-02  3.519000e-02  2.049520e+08  2.079660e+08  9.459954e+16  1.588004e+17  6.646168e+03
69  1.100000e+04  3.519000e-02  3.519000e-02  2.079660e+08  2.109800e+08  9.201679e+16  1.483425e+17  6.647179e+03
70  1.100000e+04  3.519000e-02  3.519000e-02  2.109800e+08  2.139940e+08  8.943403e+16  1.378846e+17  6.648189e+03
71  1.100000e+04  3.519000e-02  3.519000e-02  2.139940e+08  2.170080e+08  8.685128e+16  1.274268e+17  6.649199e+03
72  1.100000e+04  3.519000e-02  3.519000e-02  2.170080e+08  2.200220e+08  8.426852e+16  1.169689e+17  6.650209e+03
73  1.100000e+04  3.519000e-02  3.519000e-02  2.200220e+08  2.230360e+08  8.168577e+16  1.065111e+17  6.651219e+03
74  1.100000e+04  3.519000e-02  3.519000e-02  2.230360e+08  2.260500e+08  7.917682e+16  9.713338e+16  6.652270e+03
75  1.100000e+04  3.519000e-02  3.519000e-02  2.260500e+08  2.290640e+08  7.691885e+16  9.142824e+16  6.653459e+03
76  1.100000e+04  3.519000e-02  3.519000e-02  2.290640e+08  2.320780e+08  7.466088e+16  8.572311e+16  6.654649e+03
77  1.100000e+04  3.519000e-02  3.519000e-02  2.320780e+08  2.350920e+08  7.240291e+16  8.001797e+16  6.655838e+03
78  1.100000e+04  3.519000e-02  3.519000e-02  2.350920e+08  2.381060e+08  7.014493e+16  7.431284e+16  6.657027e+03
79  1.100000e+04  3.519000e-02  3.519000e-02  2.381060e+08  2.411200e+08  6.788696e+16  6.860770e+16  6.658216e+03
80  1.100000e+04  3.519000e-02  3.519000e-02  2.411200e+08  2.441340e+08  6.562899e+16  6.290257e+16  6.659405e+03
81  1.100000e+04  3.519000e-02  3.519000e-02  2.441340e+08  2.471480e+08  6.352269e+16  5.832173e+16  6.660740e+03
82  1.100000e+04  3.519000e-02  3.519000e-02  2.471480e+08  2.501620e+08  6.156808e+16  5.486519e+16  6.662221e+03
83  1.100000e+04  3.519000e-02  3.519000e-02  2.501620e+08  2.531760e+08  5.961346e+16  5.140865e+16  6.663702e+03
84  1.100000e+04  3.519000e-02  3.519000e-02  2.531760e+08  2.561900e+08  5.765885e+16  4.795212e+16  6.665183e+03
85  1.100000e+04  3.519000e-02  3.519000e-02  2.561900e+08  2.592040e+08  5.570423e+16  4.449558e+16  6.666663e+03
86  1.100000e+04  3.519000e-02  3.519000e-02  2.592040e+08  2.622180e+08  5.387628e+16  4.188349e+16  6.668384e+03
87  1.100000e+04  3.519000e-02  3.519000e-02  2.622180e+08  2.652320e+08  5.208558e+16  3.951977e+16  6.670174e+03
88  1.100000e+04  3.519000e-02  3.519000e-02  2.652320e+08  2.682460e+08  5.029488e+16  3.715605e+16  6.671965e+03
89  1.100000e+04  3.519000e-02  3.519000e-02  2.682460e+08  2.712600e+08  4.850419e+16  3.479233e+16  6.673756e+03
90  1.100000e+04  3.519000e-02  3.519000e-02  2.712600e+08  2.742740e+08  4.566388e+16  4.566388e+13  9.446961e+03
91  1.100000e+04  3.519000e-02  3.519000e-02  2.742740e+08  2.772880e+08  2.184465e+16  2.184465e+13  1.956443e+04
92  1.100000e+04  3.519000e-02  3.519000e-02  2.772880e+08  2.803020e+08  1.148769e+16  1.148769e+13  3.702010e+04
93  1.100000e+04  3.519000e-02  3.519000e-02  2.803020e+08  2.833160e+08  6.874073e+15  6.874073e+12  6.168377e+04
94  1.100000e+04  3.519000e-02  3.519000e-02  2.833160e+08  2.863300e+08  4.532332e+15  4.532332e+12  9.337146e+04
95  1.100000e+04  3.519000e-02  3.519000e-02  2.863300e+08  2.893440e+08  3.205272e+15  3.205272e+12  1.318468e+05
96  1.100000e+04  3.519000e-02  3.519000e-02  2.893440e+08  2.923580e+08  2.387524e+15  2.387524e+12  1.768228e+05
97  1.100000e+04  3.519000e-02  3.519000e-02  2.923580e+08  2.953720e+08  1.850427e+15  1.850427e+12  2.279640e+05
98  1.100000e+04  3.519000e-02  3.519000e-02  2.953720e+08  2.983860e+08  1.479737e+15  1.479737e+12  2.848889e+05
99  1.100000e+04  3.519000e-02  3.519000e-02  2.983860e+08  3.014000e+08  1.213629e+15  1.213629e+12  3.471729e+05
100  1.100000e+04  3.519000e-02  3.519000e-02  3.014000e+08  3.044140e+08  1.016416e+15  1.016416e+12  4.143513e+05
101  1.100000e+04  3.519000e-02  3.519000e-02  3.044140e+08  3.074280e+08  8.663821e+14  8.663821e+11  4.859232e+05
102  1.100000e+04  3.519000e-02  3.519000e-02  3.074280e+08  3.104420e+08  7.497192e+14  7.497192e+11  5.613545e+05
103  1.100000e+04  3.519000e-02  3.519000e-02  3.104420e+08  3.134560e+08  6.573185e+14  6.573185e+11  6.400827e+05
104  1.100000e+04  3.519000e-02  3.519000e-02  3.134560e+08  3.164700e+08  5.829796e+14  5.829796e+11  7.215206e+05
105  1.100000e+04  3.519000e-02  3.519000e-02  3.164700e+08  3.194840e+08  5.223662e+14  5.223662e+11  8.050605e+05
106  1.100000e+04  3.519000e-02  3.519000e-02  3.194840e+08  3.224980e+08  4.723737e+14  4.723737e+11  8.900795e+05
107  1.100000e+04  3.519000e-02  3.519000e-02  3.224980e+08  3.255120e+08  4.307336e+14  4.307336e+11  9.759432e+05
108  1.100000e+04  3.519000e-02  3.519000e-02  3.255120e+08  3.285260e+08  3.957578e+14  3.957578e+11  1.062011e+06
109  1.100000e+04  3.519000e-02  3.519000e-02  3.285260e+08  3.315400e+08  3.661703e+14  3.661703e+11  1.147642e+06
110  1.100000e+04  3.519000e-02  3.519000e-02  3.315400e+08  3.345540e+08  3.409930e+14  3.409930e+11  1.232196e+06
111  1.100000e+04  3.519000e-02  3.519000e-02  3.345540e+08  3.375680e+08  3.194663e+14  3.194663e+11  1.315043e+06
112  1.100000e+04  3.519000e-02  3.519000e-02  3.375680e+08  3.405820e+08  3.009942e+14  3.009942e+11  1.395565e+06
113  1.100000e+04  3.519000e-02  3.519000e-02  3.405820e+08  3.435960e+08  2.851045e+14  2.851045e+11  1.473161e+06
114  1.100000e+04  3.519000e-02  3.519000e-02  3.435960e+08  3.466100e+08  2.714200e+14  2.714200e+11  1.547252e+06
115  1.100000e+04  3.519000e-02  3.519000e-02  3.466100e+08  3.496240e+08  2.596372e+14  2.596372e+11  1.617287e+06
116  1.100000e+04  3.519000e-02  3.519000e-02  3.496240e+08  3.526380e+08  2.495109e+14  2.495109e+11  1.682741e+06
117  1.100000e+04  3.519000e-02  3.519000e-02  3.526380e+08  3.556520e+08  2.408419e+14  2.408419e+11  1.743128e+06
118  1.100000e+04  3.519000e-02  3.519000e-02  3.556520e+08  3.586660e+08  2.334685e+14  2.334685e+11  1.797997e+06
119  1.100000e+04  3.519000e-02  3.519000e-02  3.586660e+08  3.616800e+08  2.272595e+14  2.272595e+11  1.846938e+06
120  1.100000e+04  3.519000e-02  3.519000e-02  3.616800e+08  3.646940e+08  2.221087e+14  2.221087e+11  1.889587e+06
121  1.100000e+04  3.519000e-02  3.519000e-02  3.646940e+08  3.677080e+08  2.179313e+14  2.179313e+11  1.925624e+06
122  1.100000e+04  3.519000e-02  3.519000e-02  3.677080e+08  3.707220e+08  2.146605e+14  2.146605e+11  1.954782e+06
123  1.100000e+04  3.519000e-02  3.519000e-02  3.707220e+08  3.737360e+08  2.122454e+14  2.122454e+11  1.976843e+06
124  1.100000e+04  3.519000e-02  3.519000e-02  3.737360e+08  3.767500e+08  2.106489e+14  2.106489e+11  1.991643e+06
125  1.100000e+04  3.519000e-02  3.519000e-02  3.767500e+08  3.797640e+08  2.098471e+14  2.098471e+11  1.999070e+06
126  1.100000e+04  3.519000e-02  3.519000e-02  3.797640e+08  3.827780e+08  2.097304e+14  2.097304e+11  2.000000e+06
127  1.100000e+04  3.519000e-02  3.519000e-02  3.827780e+08  3.857920e+08  2.097113e+14  2.097113e+11  2.000000e+06
128  1.100000e+04  3.519000e-02  3.519000e-02  3.857920e+08  3.888060e+08  2.096921e+14  2.096921e+11  2.000000e+06
129  1.100000e+04  3.519000e-02  3.519000e-02  3.888060e+08  3.918200e+08  2.096730e+14  2.096730e+11  2.000000e+06
130  1.100000e+04  3.519000e-02  3.519000e-02  3.918200e+08  3.948340e+08  2.096538e+14  2.096538e+11  2.000000e+06
131  1.100000e+04  3.519000e-02  3.519000e-02  3.948340e+08  3.978480e+08  2.096347e+14  2.096347e+11  2.000000e+06
132  1.100000e+04  3.519000e-02  3.519000e-02  3.978480e+08  4.008620e+08  2.096156e+14  2.096156e+11  2.000000e+06
133  1.100000e+04  3.519000e-02  3.519000e-02  4.008620e+08  4.038760e+08  2.095964e+14  2.095964e+11  2.000000e+06
134  1.100000e+04  3.519000e-02  3.519000e-02  4.038760e+08  4.068900e+08  2.095773e+14  2.095773e+11  2.000000e+06
135  1.100000e+04  3.519000e-02  3.519000e-02  4.068900e+08  4.099040e+08  2.095582e+14  2.095582e+11  2.000000e+06
136  1.100000e+04  3.519000e-02  3.519000e-02  4.099040e+08  4.129180e+08  2.095391e+14  2.095391e+11  2.000000e+06
137  1.166000e+04  3.519000e-02  3.519000e-02  4.129180e+08  4.161128e+08  2.095193e+14  2.095193e+11  2.000000e+06
138  1.235960e+04  3.519000e-02  3.519000e-02  4.161128e+08  4.194994e+08  2.094985e+14  2.094985e+11  2.000000e+06
139  1.310118e+04  3.519000e-02  3.519000e-02  4.194994e+08  4.230891e+08  2.094763e+14  2.094763e+11  2.000000e+06
140  1.388725e+04  3.519000e-02  3.519000e-02  4.230891e+08  4.268942e+08  2.094529e+14  2.094529e+11  2.000000e+06
141  1.472048e+04  3.519000e-02  3.519000e-02  4.268942e+08  4.309276e+08  2.094280e+14  2.094280e+11  2.000000e+06
142  1.560371e+04  3.519000e-02  3.519000e-02  4.309276e+08  4.352030e+08  2.094017e+14  2.094017e+11  2.000000e+06
143  1.653993e+04  3.519000e-02  3.519000e-02  4.352030e+08  4.397350e+08  2.093737e+14  2.093737e+11  2.000000e+06
144  1.753233e+04  3.519000e-02  3.519000e-02  4.397350e+08  4.445388e+08  2.093441e+14  2.093441e+11  2.000000e+06
145  1.858427e+04  3.519000e-02  3.519000e-02  4.445388e+08  4.496309e+08  2.093128e+14  2.093128e+11  2.000000e+06
146  1.969932e+04  3.519000e-02  3.519000e-02  4.496309e+08  4.550285e+08  2.092795e+14  2.092795e+11  2.000000e+06
147  2.088128e+04  3.519000e-02  3.519000e-02  4.550285e+08  4.607500e+08  2.092443e+14  2.092443e+11  2.000000e+06
148  2.213416e+04  3.519000e-02  3.519000e-02  4.607500e+08  4.668148e+08  2.092069e+14  2.092069e+11  2.000000e+06
149  2.346221e+04  3.519000e-02  3.519000e-02  4.668148e+08  4.732434e+08  2.091674e+14  2.091674e+11  2.000000e+06
150  2.486994e+04  3.519000e-02  3.519000e-02  4.732434e+08  4.800578e+08  2.091254e+14  2.091254e+11  2.000000e+06
151  2.636214e+04  3.519000e-02  3.519000e-02  4.800578e+08  4.872810e+08  2.090810e+14  2.090810e+11  2.000000e+06
152  2.794387e+04  3.519000e-02  3.519000e-02  4.872810e+08  4.949376e+08  2.090339e+14  2.090339e+11  2.000000e+06
153  2.962050e+04  3.519000e-02  3.519000e-02  4.949376e+08  5.030536e+08  2.089839e+14  2.089839e+11  2.000000e+06
154  3.139773e+04  3.519000e-02  3.519000e-02  5.030536e+08  5.116566e+08  2.089310e+14  2.089310e+11  2.000000e+06
155  3.328159e+04  3.519000e-02  3.519000e-02  5.116566e+08  5.207758e+08  2.088750e+14  2.088750e+11  2.000000e+06
156  3.527849e+04  3.519000e-02  3.519000e-02  5.207758e+08  5.304421e+08  2.088156e+14  2.088156e+11  2.000000e+06
157  3.739520e+04  3.519000e-02  3.519000e-02  5.304421e+08  5.406884e+08  2.087526e+14  2.087526e+11  2.000000e+06
158  3.963891e+04  3.519000e-02  3.519000e-02  5.406884e+08  5.515494e+08  2.086859e+14  2.086859e+11  2.000000e+06
159  4.201725e+04  3.519000e-02  3.519000e-02  5.515494e+08  5.630622e+08  2.086152e+14  2.086152e+11  2.000000e+06
160  4.453828e+04  3.519000e-02  3.519000e-02  5.630622e+08  5.752656e+08  2.085403e+14  2.085403e+11  2.000000e+06
161  4.721058e+04  3.519000e-02  3.519000e-02  5.752656e+08  5.882013e+08  2.084609e+14  2.084609e+11  2.000000e+06
162  5.004321e+04  3.519000e-02  3.519000e-02  5.882013e+08  6.019132e+08  2.083768e+14  2.083768e+11  2.000000e+06
163  5.304581e+04  3.519000e-02  3.519000e-02  6.019132e+08  6.164477e+08  2.082877e+14  2.082877e+11  2.000000e+06
164  5.622855e+04  3.519000e-02  3.519000e-02  6.164477e+08  6.318544e+08  2.081933e+14  2.081933e+11  2.000000e+06
165  5.960227e+04  3.519000e-02  3.519000e-02  6.318544e+08  6.481854e+08  2.080932e+14  2.080932e+11  2.000000e+06
166  6.317840e+04  3.519000e-02  3.519000e-02  6.481854e+08  6.654963e+08  2.079873e+14  2.079873e+11  2.000000e+06
167  6.696911e+04  3.519000e-02  3.519000e-02  6.654963e+08  6.838458e+08  2.078750e+14  2.078750e+11  2.000000e+06
168  7.098725e+04  3.519000e-02  3.519000e-02  6.838458e+08  7.032963e+08  2.077560e+14  2.077560e+11  2.000000e+06
169  7.524649e+04  3.519000e-02  3.519000e-02  7.032963e+08  7.239138e+08  2.076300e+14  2.076300e+11  2.000000e+06
170  7.976128e+04  3.519000e-02  3.519000e-02  7.239138e+08  7.457684e+08  2.074965e+14  2.074965e+11  2.000000e+06
171  8.454695e+04  3.519000e-02  3.519000e-02  7.457684e+08  7.689343e+08  2.073551e+14  2.073551e+11  2.000000e+06
172  8.961977e+04  3.519000e-02  3.519000e-02  7.689343e+08  7.934901e+08  2.072053e+14  2.072053e+11  2.000000e+06
173  9.499696e+04  3.519000e-02  3.519000e-02  7.934901e+08  8.195193e+08  2.070466e+14  2.070466e+11  2.000000e+06
174  1.006968e+05  3.519000e-02  3.519000e-02  8.195193e+08  8.471102e+08  2.068786e+14  2.068786e+11  2.000000e+06
175  1.067386e+05  3.519000e-02  3.519000e-02  8.471102e+08  8.763566e+08  2.067006e+14  2.067006e+11  2.000000e+06
176  1.131429e+05  3.519000e-02  3.519000e-02  8.763566e+08  9.073577e+08  2.065121e+14  2.065121e+11  2.000000e+06
177  1.199315e+05  3.519000e-02  3.519000e-02  9.073577e+08  9.402189e+08  2.063125e+14  2.063125e+11  2.000000e+06
178  1.271274e+05  3.519000e-02  3.519000e-02  9.402189e+08  9.750518e+08  2.061011e+14  2.061011e+11  2.000000e+06
179  1.347550e+05  3.519000e-02  3.519000e-02  9.750518e+08  1.011975e+09  2.058772e+14  2.058772e+11  2.000000e+06
180  1.428403e+05  3.519000e-02  3.519000e-02  1.011975e+09  1.051113e+09  2.056402e+14  2.056402e+11  2.000000e+06
181  1.514107e+05  3.519000e-02  3.519000e-02  1.051113e+09  1.092599e+09  2.053893e+14  2.053893e+11  2.000000e+06
182  1.604954e+05  3.519000e-02  3.519000e-02  1.092599e+09  1.136575e+09  2.051237e+14  2.051237e+11  2.000000e+06
183  1.701251e+05  3.519000e-02  3.519000e-02  1.136575e+09  1.183189e+09  2.048425e+14  2.048425e+11  2.000000e+06
184  1.803326e+05  3.519000e-02  3.519000e-02  1.183189e+09  1.232601e+09  2.045448e+14  2.045448e+11  2.000000e+06
185  1.911525e+05  3.519000e-02  3.519000e-02  1.232601e+09  1.284976e+09  2.042298e+14  2.042298e+11  2.000000e+06
186  2.026217e+05  3.519000e-02  3.519000e-02  1.284976e+09  1.340495e+09  2.038964e+14  2.038964e+11  2.000000e+06
187  2.147790e+05  3.519000e-02  3.519000e-02  1.340495e+09  1.399344e+09  2.035435e+14  2.035435e+11  2.000000e+06
188  2.276657e+05  3.519000e-02  3.519000e-02  1.399344e+09  1.461725e+09  2.031702e+14  2.031702e+11  2.000000e+06
189  2.413257e+05  3.519000e-02  3.519000e-02  1.461725e+09  1.527848e+09  2.027752e+14  2.027752e+11  2.000000e+06
190  2.558052e+05  3.519000e-02  3.519000e-02  1.527848e+09  1.597938e+09  2.023574e+14  2.023574e+11  2.000000e+06
191  2.711535e+05  3.519000e-02  3.519000e-02  1.597938e+09  1.672235e+09  2.019154e+14  2.019154e+11  2.000000e+06
192  2.874227e+05  3.519000e-02  3.519000e-02  1.672235e+09  1.750988e+09  2.014480e+14  2.014480e+11  2.000000e+06
193  3.046681e+05  3.519000e-02  3.519000e-02  1.750988e+09  1.834467e+09  2.009537e+14  2.009537e+11  2.000000e+06
194  3.229482e+05  3.519000e-02  3.519000e-02  1.834467e+09  1.922955e+09  2.004310e+14  2.004310e+11  2.000000e+06
195  3.423251e+05  3.519000e-02  3.519000e-02  1.922955e+09  2.016752e+09  1.998785e+14  1.998785e+11  2.000000e+06
196  3.628646e+05  3.519000e-02  3.519000e-02  2.016752e+09  2.116177e+09  1.992945e+14  1.992945e+11  2.000000e+06
197  3.846365e+05  3.519000e-02  3.519000e-02  2.116177e+09  2.221568e+09  1.986773e+14  1.986773e+11  2.000000e+06
198  4.000000e+05  3.519000e-02  3.519000e-02  2.221568e+09  2.331168e+09  1.980316e+14  1.980316e+11  2.000000e+06
199  4.000000e+05  3.519000e-02  3.519000e-02  2.331168e+09  2.440768e+09  1.973753e+14  1.973753e+11  2.000000e+06
200  4.000000e+05  3.519000e-02  3.519000e-02  2.440768e+09  2.550368e+09  1.967212e+14  1.967212e+11  2.000000e+06
201  4.000000e+05  3.519000e-02  3.519000e-02  2.550368e+09  2.659968e+09  1.960693e+14  1.960693e+11  2.000000e+06
202  4.000000e+05  3.519000e-02  3.519000e-02  2.659968e+09  2.769568e+09  1.954195e+14  1.954195e+11  2.000000e+06
203  4.000000e+05  3.519000e-02  3.519000e-02  2.769568e+09  2.879168e+09  1.947719e+14  1.947719e+11  2.000000e+06
204  4.000000e+05  3.519000e-02  3.519000e-02  2.879168e+09  2.988768e+09  1.941265e+14  1.941265e+11  2.000000e+06
205  4.000000e+05  3.519000e-02  3.519000e-02  2.988768e+09  3.098368e+09  1.934831e+14  1.934831e+11  2.000000e+06
206  4.000000e+05  3.519000e-02  3.519000e-02  3.098368e+09  3.207968e+09  1.928419e+14  1.928419e+11  2.000000e+06
207  4.000000e+05  3.519000e-02  3.519000e-02  3.207968e+09  3.317568e+09  1.922029e+14  1.922029e+11  2.000000e+06
208  4.000000e+05  3.519000e-02  3.519000e-02  3.317568e+09  3.427168e+09  1.915659e+14  1.915659e+11  2.000000e+06
209  4.000000e+05  3.519000e-02  3.519000e-02  3.427168e+09  3.536768e+09  1.909311e+14  1.909311e+11  2.000000e+06
210  4.000000e+05  3.519000e-02  3.519000e-02  3.536768e+09  3.646368e+09  1.902983e+14  1.902983e+11  2.000000e+06
211  4.000000e+05  3.519000e-02  3.519000e-02  3.646368e+09  3.755968e+09  1.896677e+14  1.896677e+11  2.000000e+06
212  4.000000e+05  3.519000e-02  3.519000e-02  3.755968e+09  3.865568e+09  1.890392e+14  1.890392e+11  2.000000e+06
213  4.000000e+05  3.519000e-02  3.519000e-02  3.865568e+09  3.975168e+09  1.884127e+14  1.884127e+11  2.000000e+06
214  4.000000e+05  3.519000e-02  3.519000e-02  3.975168e+09  4.084768e+09  1.877883e+14  1.877883e+11  2.000000e+06
215  4.000000e+05  3.519000e-02  3.519000e-02  4.084768e+09  4.194368e+09  1.871660e+14  1.871660e+11  2.000000e+06
216  4.000000e+05  3.519000e-02  3.519000e-02  4.194368e+09  4.303968e+09  1.865457e+14  1.865457e+11  2.000000e+06
217  4.000000e+05  3.519000e-02  3.519000e-02  4.303968e+09  4.413568e+09  1.859275e+14  1.859275e+11  2.000000e+06
218  4.000000e+05  3.519000e-02  3.519000e-02  4.413568e+09  4.523168e+09  1.853114e+14  1.853114e+11  2.000000e+06
219  4.000000e+05  3.519000e-02  3.519000e-02  4.523168e+09  4.632768e+09  1.846973e+14  1.846973e+11  2.000000e+06
220  4.000000e+05  3.519000e-02  3.519000e-02  4.632768e+09  4.742368e+09  1.840852e+14  1.840852e+11  2.000000e+06
221  4.000000e+05  3.519000e-02  3.519000e-02  4.742368e+09  4.851968e+09  1.834752e+14  1.834752e+11  2.000000e+06
222  4.000000e+05  3.519000e-02  3.519000e-02  4.851968e+09  4.961568e+09  1.828671e+14  1.828671e+11  2.000000e+06
223  4.000000e+05  3.519000e-02  3.519000e-02  4.961568e+09  5.071168e+09  1.822611e+14  1.822611e+11  2.000000e+06
224  4.000000e+05  3.519000e-02  3.519000e-02  5.071168e+09  5.180768e+09  1.816571e+14  1.816571e+11  2.000000e+06
225  4.000000e+05  3.519000e-02  3.519000e-02  5.180768e+09  5.290368e+09  1.810551e+14  1.810551e+11  2.000000e+06
226  4.000000e+05  3.519000e-02  3.519000e-02  5.290368e+09  5.399968e+09  1.804551e+14  1.804551e+11  2.000000e+06
227  4.000000e+05  3.519000e-02  3.519000e-02  5.399968e+09  5.509568e+09  1.798571e+14  1.798571e+11  2.000000e+06
228  4.000000e+05  3.519000e-02  3.519000e-02  5.509568e+09  5.619168e+09  1.792611e+14  1.792611e+11  2.000000e+06
229  4.000000e+05  3.519000e-02  3.519000e-02  5.619168e+09  5.728768e+09  1.786670e+14  1.786670e+11  2.000000e+06
230  4.000000e+05  3.519000e-02  3.519000e-02  5.728768e+09  5.838368e+09  1.780749e+14  1.780749e+11  2.000000e+06
231  4.000000e+05  3.519000e-02  3.519000e-02  5.838368e+09  5.947968e+09  1.774848e+14  1.774848e+11  2.000000e+06
232  4.000000e+05  3.519000e-02  3.519000e-02  5.947968e+09  6.057568e+09  1.768966e+14  1.768966e+11  2.000000e+06
233  4.000000e+05  3.519000e-02  3.519000e-02  6.057568e+09  6.167168e+09  1.763104e+14  1.763104e+11  2.000000e+06
234  4.000000e+05  3.519000e-02  3.519000e-02  6.167168e+09  6.276768e+09  1.757261e+14  1.757261e+11  2.000000e+06
235  4.000000e+05  3.519000e-02  3.519000e-02  6.276768e+09  6.386368e+09  1.751437e+14  1.751437e+11  2.000000e+06
236  4.000000e+05  3.519000e-02  3.519000e-02  6.386368e+09  6.495968e+09  1.745633e+14  1.745633e+11  2.000000e+06
237  4.000000e+05  3.519000e-02  3.519000e-02  6.495968e+09  6.605568e+09  1.739848e+14  1.739848e+11  2.000000e+06
238  4.000000e+05  3.519000e-02  3.519000e-02  6.605568e+09  6.715168e+09  1.734083e+14  1.734083e+11  2.000000e+06
239  4.000000e+05  3.519000e-02  3.519000e-02  6.715168e+09  6.824768e+09  1.728336e+14  1.728336e+11  2.000000e+06
240  4.000000e+05  3.519000e-02  3.519000e-02  6.824768e+09  6.934368e+09  1.722608e+14  1.722608e+11  2.000000e+06
241  4.000000e+05  3.519000e-02  3.519000e-02  6.934368e+09  7.043968e+09  1.716900e+14  1.716900e+11  2.000000e+06
242  4.000000e+05  3.519000e-02  3.519000e-02  7.043968e+09  7.153568e+09  1.711210e+14  1.711210e+11  2.000000e+06
243  4.000000e+05  3.519000e-02  3.519000e-02  7.153568e+09  7.263168e+09  1.705539e+14  1.705539e+11  2.000000e+06
244  4.000000e+05  3.519000e-02  3.519000e-02  7.263168e+09  7.372768e+09  1.699887e+14  1.699887e+11  2.000000e+06
245  4.000000e+05  3.519000e-02  3.519000e-02  7.372768e+09  7.482368e+09  1.694254e+14  1.694254e+11  2.000000e+06
246  4.000000e+05  3.519000e-02  3.519000e-02  7.482368e+09  7.591968e+09  1.688639e+14  1.688639e+11  2.000000e+06
247  4.000000e+05  3.519000e-02  3.519000e-02  7.591968e+09  7.701568e+09  1.683043e+14  1.683043e+11  2.000000e+06
248  4.000000e+05  3.519000e-02  3.519000e-02  7.701568e+09  7.811168e+09  1.677466e+14  1.677466e+11  2.000000e+06
249  4.000000e+05  3.519000e-02  3.519000e-02  7.811168e+09  7.920768e+09  1.671907e+14  1.671907e+11  2.000000e+06
250  4.000000e+05  3.519000e-02  3.519000e-02  7.920768e+09  8.030368e+09  1.666366e+14  1.666366e+11  2.000000e+06
251  4.000000e+05  3.519000e-02  3.519000e-02  8.030368e+09  8.139968e+09  1.660844e+14  1.660844e+11  2.000000e+06
252  4.000000e+05  3.519000e-02  3.519000e-02  8.139968e+09  8.249568e+09  1.655340e+14  1.655340e+11  2.000000e+06
253  4.000000e+05  3.519000e-02  3.519000e-02  8.249568e+09  8.359168e+09  1.649854e+14  1.649854e+11  2.000000e+06
254  4.000000e+05  3.519000e-02  3.519000e-02  8.359168e+09  8.468768e+09  1.644387e+14  1.644387e+11  2.000000e+06
255  4.000000e+05  3.519000e-02  3.519000e-02  8.468768e+09  8.578368e+09  1.638937e+14  1.638937e+11  2.000000e+06
256  4.000000e+05  3.519000e-02  3.519000e-02  8.578368e+09  8.687968e+09  1.633506e+14  1.633506e+11  2.000000e+06
257  4.000000e+05  3.519000e-02  3.519000e-02  8.687968e+09  8.797568e+09  1.628093e+14  1.628093e+11  2.000000e+06
258  4.000000e+05  3.519000e-02  3.519000e-02  8.797568e+09  8.907168e+09  1.622697e+14  1.622697e+11  2.000000e+06
259  4.000000e+05  3.519000e-02  3.519000e-02  8.907168e+09  9.016768e+09  1.617320e+14  1.617320e+11  2.000000e+06
260  4.000000e+05  3.519000e-02  3.519000e-02  9.016768e+09  9.126368e+09  1.611960e+14  1.611960e+11  2.000000e+06
261  4.000000e+05  3.519000e-02  3.519000e-02  9.126368e+09  9.235968e+09  1.606618e+14  1.606618e+11  2.000000e+06
262  4.000000e+05  3.519000e-02  3.519000e-02  9.235968e+09  9.345568e+09  1.601294e+14  1.601294e+11  2.000000e+06
263  4.000000e+05  3.519000e-02  3.519000e-02  9.345568e+09  9.455168e+09  1.595987e+14  1.595987e+11  2.000000e+06
264  4.000000e+05  3.519000e-02  3.519000e-02  9.455168e+09  9.564768e+09  1.590698e+14  1.590698e+11  2.000000e+06
265  4.000000e+05  3.519000e-02  3.519000e-02  9.564768e+09  9.674368e+09  1.585427e+14  1.585427e+11  2.000000e+06
266  4.000000e+05  3.519000e-02  3.519000e-02  9.674368e+09  9.783968e+09  1.580173e+14  1.580173e+11  2.000000e+06
267  4.000000e+05  3.519000e-02  3.519000e-02  9.783968e+09  9.893568e+09  1.574936e+14  1.574936e+11  2.000000e+06
268  4.000000e+05  3.519000e-02  3.519000e-02  9.893568e+09  1.000317e+10  1.569717e+14  1.569717e+11  2.000000e+06
269  4.000000e+05  3.519000e-02  3.519000e-02  1.000317e+10  1.011277e+10  1.564515e+14  1.564515e+11  2.000000e+06
270  4.000000e+05  3.519000e-02  3.519000e-02  1.011277e+10  1.022237e+10  1.559330e+14  1.559330e+11  2.000000e+06
271  4.000000e+05  3.519000e-02  3.519000e-02  1.022237e+10  1.033197e+10  1.554163e+14  1.554163e+11  2.000000e+06
272  4.000000e+05  3.519000e-02  3.519000e-02  1.033197e+10  1.044157e+10  1.549012e+14  1.549012e+11  2.000000e+06
273  4.000000e+05  3.519000e-02  3.519000e-02  1.044157e+10  1.055117e+10  1.543879e+14  1.543879e+11  2.000000e+06
274  4.000000e+05  3.519000e-02  3.519000e-02  1.055117e+10  1.066077e+10  1.538763e+14  1.538763e+11  2.000000e+06
275  4.000000e+05  3.519000e-02  3.519000e-02  1.066077e+10  1.077037e+10  1.533663e+14  1.533663e+11  2.000000e+06
276  4.000000e+05  3.519000e-02  3.519000e-02  1.077037e+10  1.087997e+10  1.528581e+14  1.528581e+11  2.000000e+06
277  4.000000e+05  3.519000e-02  3.519000e-02  1.087997e+10  1.098957e+10  1.523515e+14  1.523515e+11  2.000000e+06
278  4.000000e+05  3.519000e-02  3.519000e-02  1.098957e+10  1.109917e+10  1.518466e+14  1.518466e+11  2.000000e+06
279  4.000000e+05  3.519000e-02  3.519000e-02  1.109917e+10  1.120877e+10  1.513434e+14  1.513434e+11  2.000000e+06
280  4.000000e+05  3.519000e-02  3.519000e-02  1.120877e+10  1.131837e+10  1.508419e+14  1.508419e+11  2.000000e+06
281  4.000000e+05  3.519000e-02  3.519000e-02  1.131837e+10  1.142797e+10  1.503420e+14  1.503420e+11  2.000000e+06
282  4.000000e+05  3.519000e-02  3.519000e-02  1.142797e+10  1.153757e+10  1.498438e+14  1.498438e+11  2.000000e+06
283  4.000000e+05  3.519000e-02  3.519000e-02  1.153757e+10  1.164717e+10  1.493472e+14  1.493472e+11  2.000000e+06
284  4.000000e+05  3.519000e-02  3.519000e-02  1.164717e+10  1.175677e+10  1.488523e+14  1.488523e+11  2.000000e+06
285  4.000000e+05  3.519000e-02  3.519000e-02  1.175677e+10  1.186637e+10  1.483590e+14  1.483590e+11  2.000000e+06
286  4.000000e+05  3.519000e-02  3.519000e-02  1.186637e+10  1.197597e+10  1.478673e+14  1.478673e+11  2.000000e+06
287  4.000000e+05  3.519000e-02  3.519000e-02  1.197597e+10  1.208557e+10  1.473773e+14  1.473773e+11  2.000000e+06
288  4.000000e+05  3.519000e-02  3.519000e-02  1.208557e+10  1.219517e+10  1.468889e+14  1.468889e+11  2.000000e+06
289  4.000000e+05  3.519000e-02  3.519000e-02  1.219517e+10  1.230477e+10  1.464021e+14  1.464021e+11  2.000000e+06
290  4.000000e+05  3.519000e-02  3.519000e-02  1.230477e+10  1.241437e+10  1.459170e+14  1.459170e+11  2.000000e+06
291  4.000000e+05  3.519000e-02  3.519000e-02  1.241437e+10  1.252397e+10  1.454334e+14  1.454334e+11  2.000000e+06
292  4.000000e+05  3.519000e-02  3.519000e-02  1.252397e+10  1.263357e+10  1.449515e+14  1.449515e+11  2.000000e+06
293  4.000000e+05  3.519000e-02  3.519000e-02  1.263357e+10  1.274317e+10  1.444711e+14  1.444711e+11  2.000000e+06
294  4.000000e+05  3.519000e-02  3.519000e-02  1.274317e+10  1.285277e+10  1.439923e+14  1.439923e+11  2.000000e+06
295  4.000000e+05  3.519000e-02  3.519000e-02  1.285277e+10  1.296237e+10  1.435151e+14  1.435151e+11  2.000000e+06
296  4.000000e+05  3.519000e-02  3.519000e-02  1.296237e+10  1.307197e+10  1.430395e+14  1.430395e+11  2.000000e+06
297  4.000000e+05  3.519000e-02  3.519000e-02  1.307197e+10  1.318157e+10  1.425655e+14  1.425655e+11  2.000000e+06
298  4.000000e+05  3.519000e-02  3.519000e-02  1.318157e+10  1.329117e+10  1.420931e+14  1.420931e+11  2.000000e+06
299  4.000000e+05  3.519000e-02  3.519000e-02  1.329117e+10  1.340077e+10  1.416222e+14  1.416222e+11  2.000000e+06
300  4.000000e+05  3.519000e-02  3.519000e-02  1.340077e+10  1.351037e+10  1.411528e+14  1.411528e+11  2.000000e+06
301  4.000000e+05  3.519000e-02  3.519000e-02  1.351037e+10  1.361997e+10  1.406851e+14  1.406851e+11  2.000000e+06
302  4.000000e+05  3.519000e-02  3.519000e-02  1.361997e+10  1.372957e+10  1.402189e+14  1.402189e+11  2.000000e+06
303  4.000000e+05  3.519000e-02  3.519000e-02  1.372957e+10  1.383917e+10  1.397542e+14  1.397542e+11  2.000000e+06
304  4.000000e+05  3.519000e-02  3.519000e-02  1.383917e+10  1.394877e+10  1.392910e+14  1.392910e+11  2.000000e+06
305  4.000000e+05  3.519000e-02  3.519000e-02  1.394877e+10  1.405837e+10  1.388294e+14  1.388294e+11  2.000000e+06
306  4.000000e+05  3.519000e-02  3.519000e-02  1.405837e+10  1.416797e+10  1.383694e+14  1.383694e+11  2.000000e+06
307  4.000000e+05  3.519000e-02  3.519000e-02  1.416797e+10  1.427757e+10  1.379108e+14  1.379108e+11  2.000000e+06
308  4.000000e+05  3.519000e-02  3.519000e-02  1.427757e+10  1.438717e+10  1.374538e+14  1.374538e+11  2.000000e+06
309  4.000000e+05  3.519000e-02  3.519000e-02  1.438717e+10  1.449677e+10  1.369983e+14  1.369983e+11  2.000000e+06
310  4.000000e+05  3.519000e-02  3.519000e-02  1.449677e+10  1.460637e+10  1.365443e+14  1.365443e+11  2.000000e+06
311  4.000000e+05  3.519000e-02  3.519000e-02  1.460637e+10  1.471597e+10  1.360918e+14  1.360918e+11  2.000000e+06
312  4.000000e+05  3.519000e-02  3.519000e-02  1.471597e+10  1.482557e+10  1.356408e+14  1.356408e+11  2.000000e+06
313  4.000000e+05  3.519000e-02  3.519000e-02  1.482557e+10  1.493517e+10  1.351913e+14  1.351913e+11  2.000000e+06
314  4.000000e+05  3.519000e-02  3.519000e-02  1.493517e+10  1.504477e+10  1.347433e+14  1.347433e+11  2.000000e+06
315  4.000000e+05  3.519000e-02  3.519000e-02  1.504477e+10  1.515437e+10  1.342967e+14  1.342967e+11  2.000000e+06
316  4.000000e+05  3.519000e-02  3.519000e-02  1.515437e+10  1.526397e+10  1.338517e+14  1.338517e+11  2.000000e+06
317  4.000000e+05  3.519000e-02  3.519000e-02  1.526397e+10  1.537357e+10  1.334081e+14  1.334081e+11  2.000000e+06
318  4.000000e+05  3.519000e-02  3.519000e-02  1.537357e+10  1.548317e+10  1.329660e+14  1.329660e+11  2.000000e+06
319  4.000000e+05  3.519000e-02  3.519000e-02  1.548317e+10  1.559277e+10  1.325253e+14  1.325253e+11  2.000000e+06
320  4.000000e+05  3.519000e-02  3.519000e-02  1.559277e+10  1.570237e+10  1.320862e+14  1.320862e+11  2.000000e+06
321  4.000000e+05  3.519000e-02  3.519000e-02  1.570237e+10  1.581197e+10  1.316484e+14  1.316484e+11  2.000000e+06
322  4.000000e+05  3.519000e-02  3.519000e-02  1.581197e+10  1.592157e+10  1.312122e+14  1.312122e+11  2.000000e+06
323  4.000000e+05  3.519000e-02  3.519000e-02  1.592157e+10  1.603117e+10  1.307773e+14  1.307773e+11  2.000000e+06
324  4.000000e+05  3.519000e-02  3.519000e-02  1.603117e+10  1.614077e+10  1.303440e+14  1.303440e+11  2.000000e+06
325  4.000000e+05  3.519000e-02  3.519000e-02  1.614077e+10  1.625037e+10  1.299120e+14  1.299120e+11  2.000000e+06
326  4.000000e+05  3.519000e-02  3.519000e-02  1.625037e+10  1.635997e+10  1.294815e+14  1.294815e+11  2.000000e+06
327  4.000000e+05  3.519000e-02  3.519000e-02  1.635997e+10  1.646957e+10  1.290524e+14  1.290524e+11  2.000000e+06
328  4.000000e+05  3.519000e-02  3.519000e-02  1.646957e+10  1.657917e+10  1.286247e+14  1.286247e+11  2.000000e+06
329  4.000000e+05  3.519000e-02  3.519000e-02  1.657917e+10  1.668877e+10  1.281985e+14  1.281985e+11  2.000000e+06
330  4.000000e+05  3.519000e-02  3.519000e-02  1.668877e+10  1.679837e+10  1.277736e+14  1.277736e+11  2.000000e+06
331  4.000000e+05  3.519000e-02  3.519000e-02  1.679837e+10  1.690797e+10  1.273502e+14  1.273502e+11  2.000000e+06
332  4.000000e+05  3.519000e-02  3.519000e-02  1.690797e+10  1.701757e+10  1.269282e+14  1.269282e+11  2.000000e+06
333  4.000000e+05  3.519000e-02  3.519000e-02  1.701757e+10  1.712717e+10  1.265075e+14  1.265075e+11  2.000000e+06
334  4.000000e+05  3.519000e-02  3.519000e-02  1.712717e+10  1.723677e+10  1.260883e+14  1.260883e+11  2.000000e+06
335  4.000000e+05  3.519000e-02  3.519000e-02  1.723677e+10  1.734637e+10  1.256704e+14  1.256704e+11  2.000000e+06
336  4.000000e+05  3.519000e-02  3.519000e-02  1.734637e+10  1.745597e+10  1.252540e+14  1.252540e+11  2.000000e+06
337  4.000000e+05  3.519000e-02  3.519000e-02  1.745597e+10  1.756557e+10  1.248389e+14  1.248389e+11  2.000000e+06
338  4.000000e+05  3.519000e-02  3.519000e-02  1.756557e+10  1.767517e+10  1.244252e+14  1.244252e+11  2.000000e+06
339  4.000000e+05  3.519000e-02  3.519000e-02  1.767517e+10  1.778477e+10  1.240128e+14  1.240128e+11  2.000000e+06
340  4.000000e+05  3.519000e-02  3.519000e-02  1.778477e+10  1.789437e+10  1.236019e+14  1.236019e+11  2.000000e+06
341  4.000000e+05  3.519000e-02  3.519000e-02  1.789437e+10  1.800397e+10  1.231923e+14  1.231923e+11  2.000000e+06
342  4.000000e+05  3.519000e-02  3.519000e-02  1.800397e+10  1.811357e+10  1.227840e+14  1.227840e+11  2.000000e+06
343  4.000000e+05  3.519000e-02  3.519000e-02  1.811357e+10  1.822317e+10  1.223771e+14  1.223771e+11  2.000000e+06
344  4.000000e+05  3.519000e-02  3.519000e-02  1.822317e+10  1.833277e+10  1.219716e+14  1.219716e+11  2.000000e+06
345  4.000000e+05  3.519000e-02  3.519000e-02  1.833277e+10  1.844237e+10  1.215674e+14  1.215674e+11  2.000000e+06
346  4.000000e+05  3.519000e-02  3.519000e-02  1.844237e+10  1.855197e+10  1.211645e+14  1.211645e+11  2.000000e+06
347  4.000000e+05  3.519000e-02  3.519000e-02  1.855197e+10  1.866157e+10  1.207630e+14  1.207630e+11  2.000000e+06
348  4.000000e+05  3.519000e-02  3.519000e-02  1.866157e+10  1.877117e+10  1.203628e+14  1.203628e+11  2.000000e+06
349  4.000000e+05  3.519000e-02  3.519000e-02  1.877117e+10  1.888077e+10  1.199639e+14  1.199639e+11  2.000000e+06
350  4.000000e+05  3.519000e-02  3.519000e-02  1.888077e+10  1.899037e+10  1.195663e+14  1.195663e+11  2.000000e+06
351  4.000000e+05  3.519000e-02  3.519000e-02  1.899037e+10  1.909997e+10  1.191701e+14  1.191701e+11  2.000000e+06
352  4.000000e+05  3.519000e-02  3.519000e-02  1.909997e+10  1.920957e+10  1.187752e+14  1.187752e+11  2.000000e+06
353  4.000000e+05  3.519000e-02  3.519000e-02  1.920957e+10  1.931917e+10  1.183816e+14  1.183816e+11  2.000000e+06
354  4.000000e+05  3.519000e-02  3.519000e-02  1.931917e+10  1.942877e+10  1.179892e+14  1.179892e+11  2.000000e+06
355  4.000000e+05  3.519000e-02  3.519000e-02  1.942877e+10  1.953837e+10  1.175982e+14  1.175982e+11  2.000000e+06
356  4.000000e+05  3.519000e-02  3.519000e-02  1.953837e+10  1.964797e+10  1.172085e+14  1.172085e+11  2.000000e+06
357  4.000000e+05  3.519000e-02  3.519000e-02  1.964797e+10  1.975757e+10  1.168201e+14  1.168201e+11  2.000000e+06
358  4.000000e+05  3.519000e-02  3.519000e-02  1.975757e+10  1.986717e+10  1.164330e+14  1.164330e+11  2.000000e+06
359  4.000000e+05  3.519000e-02  3.519000e-02  1.986717e+10  1.997677e+10  1.160471e+14  1.160471e+11  2.000000e+06
360  4.000000e+05  3.519000e-02  3.519000e-02  1.997677e+10  2.008637e+10  1.156625e+14  1.156625e+11  2.000000e+06
361  4.000000e+05  3.519000e-02  3.519000e-02  2.008637e+10  2.019597e+10  1.152792e+14  1.152792e+11  2.000000e+06
362  4.000000e+05  3.519000e-02  3.519000e-02  2.019597e+10  2.030557e+10  1.148972e+14  1.148972e+11  2.000000e+06
363  4.000000e+05  3.519000e-02  3.519000e-02  2.030557e+10  2.041517e+10  1.145165e+14  1.145165e+11  2.000000e+06
364  4.000000e+05  3.519000e-02  3.519000e-02  2.041517e+10  2.052477e+10  1.141370e+14  1.141370e+11  2.000000e+06
365  4.000000e+05  3.519000e-02  3.519000e-02  2.052477e+10  2.063437e+10  1.137587e+14  1.137587e+11  2.000000e+06
366  4.000000e+05  3.519000e-02  3.519000e-02  2.063437e+10  2.074397e+10  1.133817e+14  1.133817e+11  2.000000e+06
367  4.000000e+05  3.519000e-02  3.519000e-02  2.074397e+10  2.085357e+10  1.130060e+14  1.130060e+11  2.000000e+06
368  4.000000e+05  3.519000e-02  3.519000e-02  2.085357e+10  2.096317e+10  1.126315e+14  1.126315e+11  2.000000e+06
369  4.000000e+05  3.519000e-02  3.519000e-02  2.096317e+10  2.107277e+10  1.122582e+14  1.122582e+11  2.000000e+06
370  4.000000e+05  3.519000e-02  3.519000e-02  2.107277e+10  2.118237e+10  1.118862e+14  1.118862e+11  2.000000e+06
371  4.000000e+05  3.519000e-02  3.519000e-02  2.118237e+10  2.129197e+10  1.115154e+14  1.115154e+11  2.000000e+06
372  4.000000e+05  3.519000e-02  3.519000e-02  2.129197e+10  2.140157e+10  1.111459e+14  1.111459e+11  2.000000e+06
373  4.000000e+05  3.519000e-02  3.519000e-02  2.140157e+10  2.151117e+10  1.107775e+14  1.107775e+11  2.000000e+06
374  4.000000e+05  3.519000e-02  3.519000e-02  2.151117e+10  2.162077e+10  1.104104e+14  1.104104e+11  2.000000e+06
375  4.000000e+05  3.519000e-02  3.519000e-02  2.162077e+10  2.173037e+10  1.100445e+14  1.100445e+11  2.000000e+06
376  4.000000e+05  3.519000e-02  3.519000e-02  2.173037e+10  2.183997e+10  1.096799e+14  1.096799e+11  2.000000e+06
377  2.920889e+05  3.519000e-02  3.519000e-02  2.183997e+10  2.192000e+10  1.093653e+14  1.093653e+11  2.000000e+06

[GHOSTS]
# tag      B_T          phi_g_Jpkg   ne_im3       nn_im3       T_K          T_e_factor
outer_0  3.519000e-02  2.192000e+10  1.093653e+14  1.093653e+11  2.000000e+06  1.000
outer_1  3.519000e-02  2.192000e+10  1.093653e+14  1.093653e+11  2.000000e+06  1.000
inner_0  3.519000e-02  0.000000e+00  1.925379e+17  2.595517e+19  6.242069e+03  1.000
inner_1  3.519000e-02  0.000000e+00  1.925379e+17  2.595517e+19  6.242069e+03  1.000
