# full-loop .dat — generated by util/make_loop_dat.py
# topology=full, half-length=40.0 Mm, apex_T=2.00 MK, footpoint |B|=643.0 G (uniform)
# chromosphere: Model C7 (two-fluid); TR+corona: hydrostatic, fully ionized (single-fluid via F_SLAVE)
# Units: SI (m, T, K, m^-3, J/kg)

[META]
ns=556
g_si=274.0
B_outer_T=6.430000e-02
phi_g_offset_Jpkg=0.0
topology=full
loop_half_length_m=4.000000e+07

[CELLS]
# i  ds_m         B_imh_T      B_iph_T      phi_g_imh    phi_g_iph    ne_im3       nn_im3       T_K
0  1.100000e+04  6.430000e-02  6.430000e-02  0.000000e+00  3.014000e+06  1.925379e+17  2.595517e+19  6.242069e+03
1  1.100000e+04  6.430000e-02  6.430000e-02  3.014000e+06  6.027999e+06  1.970138e+17  2.400552e+19  6.276207e+03
2  1.100000e+04  6.430000e-02  6.430000e-02  6.027999e+06  9.041997e+06  2.014897e+17  2.205586e+19  6.310345e+03
3  1.100000e+04  6.430000e-02  6.430000e-02  9.041997e+06  1.205599e+07  2.041151e+17  2.047440e+19  6.339470e+03
4  1.100000e+04  6.430000e-02  6.430000e-02  1.205599e+07  1.506999e+07  2.064485e+17  1.895106e+19  6.367803e+03
5  1.100000e+04  6.430000e-02  6.430000e-02  1.506999e+07  1.808398e+07  2.087818e+17  1.742774e+19  6.396136e+03
6  1.100000e+04  6.430000e-02  6.430000e-02  1.808398e+07  2.109797e+07  2.094431e+17  1.621195e+19  6.419528e+03
7  1.100000e+04  6.430000e-02  6.430000e-02  2.109797e+07  2.411195e+07  2.098403e+17  1.504474e+19  6.442139e+03
8  1.100000e+04  6.430000e-02  6.430000e-02  2.411195e+07  2.712593e+07  2.102375e+17  1.387752e+19  6.464750e+03
9  1.100000e+04  6.430000e-02  6.430000e-02  2.712593e+07  3.013991e+07  2.087132e+17  1.288776e+19  6.482821e+03
10  1.100000e+04  6.430000e-02  6.430000e-02  3.013991e+07  3.315388e+07  2.058584e+17  1.202086e+19  6.497749e+03
11  1.100000e+04  6.430000e-02  6.430000e-02  3.315388e+07  3.616784e+07  2.030037e+17  1.115397e+19  6.512678e+03
12  1.100000e+04  6.430000e-02  6.430000e-02  3.616784e+07  3.918179e+07  2.001490e+17  1.028708e+19  6.527606e+03
13  1.100000e+04  6.430000e-02  6.430000e-02  3.918179e+07  4.219574e+07  1.966869e+17  9.638946e+18  6.536387e+03
14  1.100000e+04  6.430000e-02  6.430000e-02  4.219574e+07  4.520968e+07  1.930461e+17  9.055182e+18  6.543358e+03
15  1.100000e+04  6.430000e-02  6.430000e-02  4.520968e+07  4.822362e+07  1.894054e+17  8.471420e+18  6.550330e+03
16  1.100000e+04  6.430000e-02  6.430000e-02  4.822362e+07  5.123754e+07  1.857646e+17  7.887659e+18  6.557302e+03
17  1.100000e+04  6.430000e-02  6.430000e-02  5.123754e+07  5.425145e+07  1.821238e+17  7.303900e+18  6.564273e+03
18  1.100000e+04  6.430000e-02  6.430000e-02  5.425145e+07  5.726536e+07  1.784831e+17  6.720143e+18  6.571245e+03
19  1.100000e+04  6.430000e-02  6.430000e-02  5.726536e+07  6.027925e+07  1.748849e+17  6.211686e+18  6.576905e+03
20  1.100000e+04  6.430000e-02  6.430000e-02  6.027925e+07  6.329313e+07  1.713780e+17  5.864746e+18  6.579752e+03
21  1.100000e+04  6.430000e-02  6.430000e-02  6.329313e+07  6.630700e+07  1.678711e+17  5.517807e+18  6.582599e+03
22  1.100000e+04  6.430000e-02  6.430000e-02  6.630700e+07  6.932086e+07  1.643642e+17  5.170870e+18  6.585446e+03
23  1.100000e+04  6.430000e-02  6.430000e-02  6.932086e+07  7.233470e+07  1.608573e+17  4.823934e+18  6.588293e+03
24  1.100000e+04  6.430000e-02  6.430000e-02  7.233470e+07  7.534854e+07  1.573504e+17  4.477000e+18  6.591140e+03
25  1.100000e+04  6.430000e-02  6.430000e-02  7.534854e+07  7.836235e+07  1.538436e+17  4.130067e+18  6.593987e+03
26  1.100000e+04  6.430000e-02  6.430000e-02  7.836235e+07  8.137616e+07  1.503367e+17  3.783136e+18  6.596834e+03
27  1.100000e+04  6.430000e-02  6.430000e-02  8.137616e+07  8.438994e+07  1.485655e+17  3.525505e+18  6.598787e+03
28  1.100000e+04  6.430000e-02  6.430000e-02  8.438994e+07  8.740371e+07  1.479989e+17  3.329853e+18  6.600120e+03
29  1.100000e+04  6.430000e-02  6.430000e-02  8.740371e+07  9.041747e+07  1.474323e+17  3.134202e+18  6.601453e+03
30  1.100000e+04  6.430000e-02  6.430000e-02  9.041747e+07  9.343121e+07  1.468657e+17  2.938551e+18  6.602787e+03
31  1.100000e+04  6.430000e-02  6.430000e-02  9.343121e+07  9.644493e+07  1.462990e+17  2.742902e+18  6.604120e+03
32  1.100000e+04  6.430000e-02  6.430000e-02  9.644493e+07  9.945863e+07  1.457324e+17  2.547254e+18  6.605453e+03
33  1.100000e+04  6.430000e-02  6.430000e-02  9.945863e+07  1.024723e+08  1.451658e+17  2.351608e+18  6.606786e+03
34  1.100000e+04  6.430000e-02  6.430000e-02  1.024723e+08  1.054860e+08  1.445992e+17  2.155962e+18  6.608120e+03
35  1.100000e+04  6.430000e-02  6.430000e-02  1.054860e+08  1.084996e+08  1.440326e+17  1.960318e+18  6.609453e+03
36  1.100000e+04  6.430000e-02  6.430000e-02  1.084996e+08  1.115133e+08  1.437203e+17  1.822372e+18  6.610691e+03
37  1.100000e+04  6.430000e-02  6.430000e-02  1.115133e+08  1.145269e+08  1.435851e+17  1.724611e+18  6.611863e+03
38  1.100000e+04  6.430000e-02  6.430000e-02  1.145269e+08  1.175404e+08  1.434498e+17  1.626851e+18  6.613035e+03
39  1.100000e+04  6.430000e-02  6.430000e-02  1.175404e+08  1.205540e+08  1.433146e+17  1.529091e+18  6.614207e+03
40  1.100000e+04  6.430000e-02  6.430000e-02  1.205540e+08  1.235675e+08  1.431794e+17  1.431332e+18  6.615379e+03
41  1.100000e+04  6.430000e-02  6.430000e-02  1.235675e+08  1.265811e+08  1.430442e+17  1.333573e+18  6.616551e+03
42  1.100000e+04  6.430000e-02  6.430000e-02  1.265811e+08  1.295945e+08  1.429089e+17  1.235815e+18  6.617723e+03
43  1.100000e+04  6.430000e-02  6.430000e-02  1.295945e+08  1.326080e+08  1.427737e+17  1.138058e+18  6.618895e+03
44  1.100000e+04  6.430000e-02  6.430000e-02  1.326080e+08  1.356215e+08  1.426385e+17  1.040302e+18  6.620066e+03
45  1.100000e+04  6.430000e-02  6.430000e-02  1.356215e+08  1.386349e+08  1.425033e+17  9.425471e+17  6.621238e+03
46  1.100000e+04  6.430000e-02  6.430000e-02  1.386349e+08  1.416483e+08  1.423680e+17  8.447926e+17  6.622410e+03
47  1.100000e+04  6.430000e-02  6.430000e-02  1.416483e+08  1.446616e+08  1.414214e+17  7.733862e+17  6.623563e+03
48  1.100000e+04  6.430000e-02  6.430000e-02  1.446616e+08  1.476750e+08  1.396527e+17  7.286700e+17  6.624697e+03
49  1.100000e+04  6.430000e-02  6.430000e-02  1.476750e+08  1.506883e+08  1.378840e+17  6.839543e+17  6.625831e+03
50  1.100000e+04  6.430000e-02  6.430000e-02  1.506883e+08  1.537016e+08  1.361153e+17  6.392389e+17  6.626965e+03
51  1.100000e+04  6.430000e-02  6.430000e-02  1.537016e+08  1.567148e+08  1.343467e+17  5.945240e+17  6.628098e+03
52  1.100000e+04  6.430000e-02  6.430000e-02  1.567148e+08  1.597280e+08  1.325781e+17  5.498095e+17  6.629232e+03
53  1.100000e+04  6.430000e-02  6.430000e-02  1.597280e+08  1.627412e+08  1.308095e+17  5.050955e+17  6.630366e+03
54  1.100000e+04  6.430000e-02  6.430000e-02  1.627412e+08  1.657544e+08  1.290409e+17  4.603819e+17  6.631499e+03
55  1.100000e+04  6.430000e-02  6.430000e-02  1.657544e+08  1.687675e+08  1.272723e+17  4.156687e+17  6.632633e+03
56  1.100000e+04  6.430000e-02  6.430000e-02  1.687675e+08  1.717806e+08  1.249998e+17  3.863517e+17  6.633708e+03
57  1.100000e+04  6.430000e-02  6.430000e-02  1.717806e+08  1.747937e+08  1.224863e+17  3.644003e+17  6.634756e+03
58  1.100000e+04  6.430000e-02  6.430000e-02  1.747937e+08  1.778067e+08  1.199728e+17  3.424491e+17  6.635803e+03
59  1.100000e+04  6.430000e-02  6.430000e-02  1.778067e+08  1.808198e+08  1.174593e+17  3.204981e+17  6.636850e+03
60  1.100000e+04  6.430000e-02  6.430000e-02  1.808198e+08  1.838327e+08  1.149459e+17  2.985474e+17  6.637898e+03
61  1.100000e+04  6.430000e-02  6.430000e-02  1.838327e+08  1.868457e+08  1.124325e+17  2.765969e+17  6.638945e+03
62  1.100000e+04  6.430000e-02  6.430000e-02  1.868457e+08  1.898586e+08  1.099191e+17  2.546467e+17  6.639992e+03
63  1.100000e+04  6.430000e-02  6.430000e-02  1.898586e+08  1.928714e+08  1.074057e+17  2.326967e+17  6.641039e+03
64  1.100000e+04  6.430000e-02  6.430000e-02  1.928714e+08  1.958843e+08  1.048924e+17  2.107470e+17  6.642086e+03
65  1.100000e+04  6.430000e-02  6.430000e-02  1.958843e+08  1.988971e+08  1.023704e+17  1.902653e+17  6.643129e+03
66  1.100000e+04  6.430000e-02  6.430000e-02  1.988971e+08  2.019098e+08  9.978867e+16  1.798117e+17  6.644139e+03
67  1.100000e+04  6.430000e-02  6.430000e-02  2.019098e+08  2.049225e+08  9.720700e+16  1.693582e+17  6.645149e+03
68  1.100000e+04  6.430000e-02  6.430000e-02  2.049225e+08  2.079352e+08  9.462536e+16  1.589049e+17  6.646158e+03
69  1.100000e+04  6.430000e-02  6.430000e-02  2.079352e+08  2.109479e+08  9.204375e+16  1.484517e+17  6.647168e+03
70  1.100000e+04  6.430000e-02  6.430000e-02  2.109479e+08  2.139605e+08  8.946217e+16  1.379986e+17  6.648178e+03
71  1.100000e+04  6.430000e-02  6.430000e-02  2.139605e+08  2.169730e+08  8.688063e+16  1.275457e+17  6.649187e+03
72  1.100000e+04  6.430000e-02  6.430000e-02  2.169730e+08  2.199855e+08  8.429913e+16  1.170929e+17  6.650197e+03
73  1.100000e+04  6.430000e-02  6.430000e-02  2.199855e+08  2.229980e+08  8.171766e+16  1.066402e+17  6.651207e+03
74  1.100000e+04  6.430000e-02  6.430000e-02  2.229980e+08  2.260105e+08  7.920586e+16  9.720674e+16  6.652255e+03
75  1.100000e+04  6.430000e-02  6.430000e-02  2.260105e+08  2.290229e+08  7.694907e+16  9.150460e+16  6.653444e+03
76  1.100000e+04  6.430000e-02  6.430000e-02  2.290229e+08  2.320352e+08  7.469231e+16  8.580254e+16  6.654632e+03
77  1.100000e+04  6.430000e-02  6.430000e-02  2.320352e+08  2.350475e+08  7.243559e+16  8.010056e+16  6.655821e+03
78  1.100000e+04  6.430000e-02  6.430000e-02  2.350475e+08  2.380598e+08  7.017890e+16  7.439866e+16  6.657009e+03
79  1.100000e+04  6.430000e-02  6.430000e-02  2.380598e+08  2.410720e+08  6.792224e+16  6.869685e+16  6.658198e+03
80  1.100000e+04  6.430000e-02  6.430000e-02  2.410720e+08  2.440842e+08  6.566562e+16  6.299512e+16  6.659386e+03
81  1.100000e+04  6.430000e-02  6.430000e-02  2.440842e+08  2.470963e+08  6.355560e+16  5.837992e+16  6.660715e+03
82  1.100000e+04  6.430000e-02  6.430000e-02  2.470963e+08  2.501084e+08  6.160221e+16  5.492555e+16  6.662195e+03
83  1.100000e+04  6.430000e-02  6.430000e-02  2.501084e+08  2.531204e+08  5.964885e+16  5.147123e+16  6.663675e+03
84  1.100000e+04  6.430000e-02  6.430000e-02  2.531204e+08  2.561324e+08  5.769552e+16  4.801697e+16  6.665155e+03
85  1.100000e+04  6.430000e-02  6.430000e-02  2.561324e+08  2.591444e+08  5.574222e+16  4.456276e+16  6.666635e+03
86  1.100000e+04  6.430000e-02  6.430000e-02  2.591444e+08  2.621563e+08  5.391232e+16  4.193106e+16  6.668348e+03
87  1.100000e+04  6.430000e-02  6.430000e-02  2.621563e+08  2.651681e+08  5.212289e+16  3.956901e+16  6.670137e+03
88  1.100000e+04  6.430000e-02  6.430000e-02  2.651681e+08  2.681799e+08  5.033348e+16  3.720700e+16  6.671927e+03
89  1.100000e+04  6.430000e-02  6.430000e-02  2.681799e+08  2.711917e+08  4.854411e+16  3.484502e+16  6.673716e+03
90  1.100000e+04  6.430000e-02  6.430000e-02  2.711917e+08  2.742034e+08  4.641355e+16  4.641355e+13  9.300985e+03
91  1.100000e+04  6.430000e-02  6.430000e-02  2.742034e+08  2.772150e+08  2.222812e+16  2.222812e+13  1.923768e+04
92  1.100000e+04  6.430000e-02  6.430000e-02  2.772150e+08  2.802266e+08  1.165608e+16  1.165608e+13  3.650332e+04
93  1.100000e+04  6.430000e-02  6.430000e-02  2.802266e+08  2.832382e+08  6.957877e+15  6.957877e+12  6.096896e+04
94  1.100000e+04  6.430000e-02  6.430000e-02  2.832382e+08  2.862496e+08  4.579439e+15  4.579439e+12  9.245201e+04
95  1.100000e+04  6.430000e-02  6.430000e-02  2.862496e+08  2.892611e+08  3.234360e+15  3.234360e+12  1.307177e+05
96  1.100000e+04  6.430000e-02  6.430000e-02  2.892611e+08  2.922725e+08  2.406812e+15  2.406812e+12  1.754806e+05
97  1.100000e+04  6.430000e-02  6.430000e-02  2.922725e+08  2.952838e+08  1.863937e+15  1.863937e+12  2.264071e+05
98  1.100000e+04  6.430000e-02  6.430000e-02  2.952838e+08  2.982951e+08  1.489616e+15  1.489616e+12  2.831177e+05
99  1.100000e+04  6.430000e-02  6.430000e-02  2.982951e+08  3.013063e+08  1.221108e+15  1.221108e+12  3.451898e+05
100  1.100000e+04  6.430000e-02  6.430000e-02  3.013063e+08  3.043174e+08  1.022240e+15  1.022240e+12  4.121609e+05
101  1.100000e+04  6.430000e-02  6.430000e-02  3.043174e+08  3.073285e+08  8.710250e+14  8.710250e+11  4.835322e+05
102  1.100000e+04  6.430000e-02  6.430000e-02  3.073285e+08  3.103396e+08  7.534937e+14  7.534937e+11  5.587719e+05
103  1.100000e+04  6.430000e-02  6.430000e-02  3.103396e+08  3.133506e+08  6.604386e+14  6.604386e+11  6.373199e+05
104  1.100000e+04  6.430000e-02  6.430000e-02  3.133506e+08  3.163615e+08  5.855957e+14  5.855957e+11  7.185910e+05
105  1.100000e+04  6.430000e-02  6.430000e-02  3.163615e+08  3.193724e+08  5.245867e+14  5.245867e+11  8.019803e+05
106  1.100000e+04  6.430000e-02  6.430000e-02  3.193724e+08  3.223832e+08  4.742783e+14  4.742783e+11  8.868667e+05
107  1.100000e+04  6.430000e-02  6.430000e-02  3.223832e+08  3.253939e+08  4.323821e+14  4.323821e+11  9.726183e+05
108  1.100000e+04  6.430000e-02  6.430000e-02  3.253939e+08  3.284046e+08  3.971959e+14  3.971959e+11  1.058597e+06
109  1.100000e+04  6.430000e-02  6.430000e-02  3.284046e+08  3.314153e+08  3.674332e+14  3.674332e+11  1.144163e+06
110  1.100000e+04  6.430000e-02  6.430000e-02  3.314153e+08  3.344258e+08  3.421082e+14  3.421082e+11  1.228678e+06
111  1.100000e+04  6.430000e-02  6.430000e-02  3.344258e+08  3.374363e+08  3.204557e+14  3.204557e+11  1.311515e+06
112  1.100000e+04  6.430000e-02  6.430000e-02  3.374363e+08  3.404468e+08  3.018752e+14  3.018752e+11  1.392057e+06
113  1.100000e+04  6.430000e-02  6.430000e-02  3.404468e+08  3.434571e+08  2.858910e+14  2.858910e+11  1.469704e+06
114  1.100000e+04  6.430000e-02  6.430000e-02  3.434571e+08  3.464675e+08  2.721233e+14  2.721233e+11  1.543880e+06
115  1.100000e+04  6.430000e-02  6.430000e-02  3.464675e+08  3.494777e+08  2.602664e+14  2.602664e+11  1.614032e+06
116  1.100000e+04  6.430000e-02  6.430000e-02  3.494777e+08  3.524879e+08  2.500733e+14  2.500733e+11  1.679638e+06
117  1.100000e+04  6.430000e-02  6.430000e-02  3.524879e+08  3.554980e+08  2.413435e+14  2.413435e+11  1.740211e+06
118  1.100000e+04  6.430000e-02  6.430000e-02  3.554980e+08  3.585081e+08  2.339141e+14  2.339141e+11  1.795300e+06
119  1.100000e+04  6.430000e-02  6.430000e-02  3.585081e+08  3.615180e+08  2.276527e+14  2.276527e+11  1.844496e+06
120  1.100000e+04  6.430000e-02  6.430000e-02  3.615180e+08  3.645280e+08  2.224523e+14  2.224523e+11  1.887434e+06
121  1.100000e+04  6.430000e-02  6.430000e-02  3.645280e+08  3.675378e+08  2.182273e+14  2.182273e+11  1.923793e+06
122  1.100000e+04  6.430000e-02  6.430000e-02  3.675378e+08  3.705476e+08  2.149101e+14  2.149101e+11  1.953305e+06
123  1.100000e+04  6.430000e-02  6.430000e-02  3.705476e+08  3.735573e+08  2.124490e+14  2.124490e+11  1.975750e+06
124  1.100000e+04  6.430000e-02  6.430000e-02  3.735573e+08  3.765670e+08  2.108065e+14  2.108065e+11  1.990962e+06
125  1.100000e+04  6.430000e-02  6.430000e-02  3.765670e+08  3.795765e+08  2.099578e+14  2.099578e+11  1.998828e+06
126  1.100000e+04  6.430000e-02  6.430000e-02  3.795765e+08  3.825860e+08  2.098156e+14  2.098156e+11  2.000000e+06
127  1.100000e+04  6.430000e-02  6.430000e-02  3.825860e+08  3.855955e+08  2.097965e+14  2.097965e+11  2.000000e+06
128  1.100000e+04  6.430000e-02  6.430000e-02  3.855955e+08  3.886048e+08  2.097774e+14  2.097774e+11  2.000000e+06
129  1.100000e+04  6.430000e-02  6.430000e-02  3.886048e+08  3.916141e+08  2.097583e+14  2.097583e+11  2.000000e+06
130  1.100000e+04  6.430000e-02  6.430000e-02  3.916141e+08  3.946233e+08  2.097391e+14  2.097391e+11  2.000000e+06
131  1.100000e+04  6.430000e-02  6.430000e-02  3.946233e+08  3.976324e+08  2.097200e+14  2.097200e+11  2.000000e+06
132  1.100000e+04  6.430000e-02  6.430000e-02  3.976324e+08  4.006415e+08  2.097009e+14  2.097009e+11  2.000000e+06
133  1.100000e+04  6.430000e-02  6.430000e-02  4.006415e+08  4.036505e+08  2.096818e+14  2.096818e+11  2.000000e+06
134  1.100000e+04  6.430000e-02  6.430000e-02  4.036505e+08  4.066594e+08  2.096627e+14  2.096627e+11  2.000000e+06
135  1.100000e+04  6.430000e-02  6.430000e-02  4.066594e+08  4.096683e+08  2.096436e+14  2.096436e+11  2.000000e+06
136  1.100000e+04  6.430000e-02  6.430000e-02  4.096683e+08  4.126770e+08  2.096245e+14  2.096245e+11  2.000000e+06
137  1.166000e+04  6.430000e-02  6.430000e-02  4.126770e+08  4.158662e+08  2.096048e+14  2.096048e+11  2.000000e+06
138  1.235960e+04  6.430000e-02  6.430000e-02  4.158662e+08  4.192467e+08  2.095840e+14  2.095840e+11  2.000000e+06
139  1.310118e+04  6.430000e-02  6.430000e-02  4.192467e+08  4.228299e+08  2.095619e+14  2.095619e+11  2.000000e+06
140  1.388725e+04  6.430000e-02  6.430000e-02  4.228299e+08  4.266279e+08  2.095384e+14  2.095384e+11  2.000000e+06
141  1.472048e+04  6.430000e-02  6.430000e-02  4.266279e+08  4.306537e+08  2.095136e+14  2.095136e+11  2.000000e+06
142  1.560371e+04  6.430000e-02  6.430000e-02  4.306537e+08  4.349209e+08  2.094873e+14  2.094873e+11  2.000000e+06
143  1.653993e+04  6.430000e-02  6.430000e-02  4.349209e+08  4.394439e+08  2.094594e+14  2.094594e+11  2.000000e+06
144  1.753233e+04  6.430000e-02  6.430000e-02  4.394439e+08  4.442381e+08  2.094299e+14  2.094299e+11  2.000000e+06
145  1.858427e+04  6.430000e-02  6.430000e-02  4.442381e+08  4.493198e+08  2.093986e+14  2.093986e+11  2.000000e+06
146  1.969932e+04  6.430000e-02  6.430000e-02  4.493198e+08  4.547061e+08  2.093654e+14  2.093654e+11  2.000000e+06
147  2.088128e+04  6.430000e-02  6.430000e-02  4.547061e+08  4.604152e+08  2.093302e+14  2.093302e+11  2.000000e+06
148  2.213416e+04  6.430000e-02  6.430000e-02  4.604152e+08  4.664666e+08  2.092929e+14  2.092929e+11  2.000000e+06
149  2.346221e+04  6.430000e-02  6.430000e-02  4.664666e+08  4.728806e+08  2.092534e+14  2.092534e+11  2.000000e+06
150  2.486994e+04  6.430000e-02  6.430000e-02  4.728806e+08  4.796791e+08  2.092116e+14  2.092116e+11  2.000000e+06
151  2.636214e+04  6.430000e-02  6.430000e-02  4.796791e+08  4.868850e+08  2.091672e+14  2.091672e+11  2.000000e+06
152  2.794387e+04  6.430000e-02  6.430000e-02  4.868850e+08  4.945227e+08  2.091202e+14  2.091202e+11  2.000000e+06
153  2.962050e+04  6.430000e-02  6.430000e-02  4.945227e+08  5.026179e+08  2.090704e+14  2.090704e+11  2.000000e+06
154  3.139773e+04  6.430000e-02  6.430000e-02  5.026179e+08  5.111982e+08  2.090176e+14  2.090176e+11  2.000000e+06
155  3.328159e+04  6.430000e-02  6.430000e-02  5.111982e+08  5.202924e+08  2.089616e+14  2.089616e+11  2.000000e+06
156  3.527849e+04  6.430000e-02  6.430000e-02  5.202924e+08  5.299313e+08  2.089024e+14  2.089024e+11  2.000000e+06
157  3.739520e+04  6.430000e-02  6.430000e-02  5.299313e+08  5.401474e+08  2.088396e+14  2.088396e+11  2.000000e+06
158  3.963891e+04  6.430000e-02  6.430000e-02  5.401474e+08  5.509752e+08  2.087730e+14  2.087730e+11  2.000000e+06
159  4.201725e+04  6.430000e-02  6.430000e-02  5.509752e+08  5.624512e+08  2.087025e+14  2.087025e+11  2.000000e+06
160  4.453828e+04  6.430000e-02  6.430000e-02  5.624512e+08  5.746141e+08  2.086278e+14  2.086278e+11  2.000000e+06
161  4.721058e+04  6.430000e-02  6.430000e-02  5.746141e+08  5.875049e+08  2.085487e+14  2.085487e+11  2.000000e+06
162  5.004321e+04  6.430000e-02  6.430000e-02  5.875049e+08  6.011669e+08  2.084649e+14  2.084649e+11  2.000000e+06
163  5.304581e+04  6.430000e-02  6.430000e-02  6.011669e+08  6.156461e+08  2.083761e+14  2.083761e+11  2.000000e+06
164  5.622855e+04  6.430000e-02  6.430000e-02  6.156461e+08  6.309911e+08  2.082820e+14  2.082820e+11  2.000000e+06
165  5.960227e+04  6.430000e-02  6.430000e-02  6.309911e+08  6.472535e+08  2.081823e+14  2.081823e+11  2.000000e+06
166  6.317840e+04  6.430000e-02  6.430000e-02  6.472535e+08  6.644877e+08  2.080768e+14  2.080768e+11  2.000000e+06
167  6.696911e+04  6.430000e-02  6.430000e-02  6.644877e+08  6.827515e+08  2.079650e+14  2.079650e+11  2.000000e+06
168  7.098725e+04  6.430000e-02  6.430000e-02  6.827515e+08  7.021060e+08  2.078465e+14  2.078465e+11  2.000000e+06
169  7.524649e+04  6.430000e-02  6.430000e-02  7.021060e+08  7.226158e+08  2.077211e+14  2.077211e+11  2.000000e+06
170  7.976128e+04  6.430000e-02  6.430000e-02  7.226158e+08  7.443493e+08  2.075883e+14  2.075883e+11  2.000000e+06
171  8.454695e+04  6.430000e-02  6.430000e-02  7.443493e+08  7.673788e+08  2.074477e+14  2.074477e+11  2.000000e+06
172  8.961977e+04  6.430000e-02  6.430000e-02  7.673788e+08  7.917808e+08  2.072987e+14  2.072987e+11  2.000000e+06
173  9.499696e+04  6.430000e-02  6.430000e-02  7.917808e+08  8.176363e+08  2.071410e+14  2.071410e+11  2.000000e+06
174  1.006968e+05  6.430000e-02  6.430000e-02  8.176363e+08  8.450307e+08  2.069741e+14  2.069741e+11  2.000000e+06
175  1.067386e+05  6.430000e-02  6.430000e-02  8.450307e+08  8.740542e+08  2.067974e+14  2.067974e+11  2.000000e+06
176  1.131429e+05  6.430000e-02  6.430000e-02  8.740542e+08  9.048025e+08  2.066104e+14  2.066104e+11  2.000000e+06
177  1.199315e+05  6.430000e-02  6.430000e-02  9.048025e+08  9.373761e+08  2.064124e+14  2.064124e+11  2.000000e+06
178  1.271274e+05  6.430000e-02  6.430000e-02  9.373761e+08  9.718813e+08  2.062029e+14  2.062029e+11  2.000000e+06
179  1.347550e+05  6.430000e-02  6.430000e-02  9.718813e+08  1.008430e+09  2.059812e+14  2.059812e+11  2.000000e+06
180  1.428403e+05  6.430000e-02  6.430000e-02  1.008430e+09  1.047142e+09  2.057467e+14  2.057467e+11  2.000000e+06
181  1.514107e+05  6.430000e-02  6.430000e-02  1.047142e+09  1.088140e+09  2.054986e+14  2.054986e+11  2.000000e+06
182  1.604954e+05  6.430000e-02  6.430000e-02  1.088140e+09  1.131555e+09  2.052362e+14  2.052362e+11  2.000000e+06
183  1.701251e+05  6.430000e-02  6.430000e-02  1.131555e+09  1.177527e+09  2.049587e+14  2.049587e+11  2.000000e+06
184  1.803326e+05  6.430000e-02  6.430000e-02  1.177527e+09  1.226199e+09  2.046653e+14  2.046653e+11  2.000000e+06
185  1.911525e+05  6.430000e-02  6.430000e-02  1.226199e+09  1.277725e+09  2.043552e+14  2.043552e+11  2.000000e+06
186  2.026217e+05  6.430000e-02  6.430000e-02  1.277725e+09  1.332264e+09  2.040275e+14  2.040275e+11  2.000000e+06
187  2.147790e+05  6.430000e-02  6.430000e-02  1.332264e+09  1.389982e+09  2.036812e+14  2.036812e+11  2.000000e+06
188  2.276657e+05  6.430000e-02  6.430000e-02  1.389982e+09  1.451056e+09  2.033154e+14  2.033154e+11  2.000000e+06
189  2.413257e+05  6.430000e-02  6.430000e-02  1.451056e+09  1.515667e+09  2.029292e+14  2.029292e+11  2.000000e+06
190  2.558052e+05  6.430000e-02  6.430000e-02  1.515667e+09  1.584007e+09  2.025215e+14  2.025215e+11  2.000000e+06
191  2.711535e+05  6.430000e-02  6.430000e-02  1.584007e+09  1.656272e+09  2.020912e+14  2.020912e+11  2.000000e+06
192  2.874227e+05  6.430000e-02  6.430000e-02  1.656272e+09  1.732667e+09  2.016374e+14  2.016374e+11  2.000000e+06
193  3.046681e+05  6.430000e-02  6.430000e-02  1.732667e+09  1.813406e+09  2.011588e+14  2.011588e+11  2.000000e+06
194  3.229482e+05  6.430000e-02  6.430000e-02  1.813406e+09  1.898704e+09  2.006545e+14  2.006545e+11  2.000000e+06
195  3.423251e+05  6.430000e-02  6.430000e-02  1.898704e+09  1.988788e+09  2.001232e+14  2.001232e+11  2.000000e+06
196  3.628646e+05  6.430000e-02  6.430000e-02  1.988788e+09  2.083883e+09  1.995639e+14  1.995639e+11  2.000000e+06
197  3.846365e+05  6.430000e-02  6.430000e-02  2.083883e+09  2.184222e+09  1.989755e+14  1.989755e+11  2.000000e+06
198  4.000000e+05  6.430000e-02  6.430000e-02  2.184222e+09  2.288039e+09  1.983628e+14  1.983628e+11  2.000000e+06
199  4.000000e+05  6.430000e-02  6.430000e-02  2.288039e+09  2.391292e+09  1.977434e+14  1.977434e+11  2.000000e+06
200  4.000000e+05  6.430000e-02  6.430000e-02  2.391292e+09  2.493955e+09  1.971295e+14  1.971295e+11  2.000000e+06
201  4.000000e+05  6.430000e-02  6.430000e-02  2.493955e+09  2.596003e+09  1.965212e+14  1.965212e+11  2.000000e+06
202  4.000000e+05  6.430000e-02  6.430000e-02  2.596003e+09  2.697410e+09  1.959185e+14  1.959185e+11  2.000000e+06
203  4.000000e+05  6.430000e-02  6.430000e-02  2.697410e+09  2.798152e+09  1.953217e+14  1.953217e+11  2.000000e+06
204  4.000000e+05  6.430000e-02  6.430000e-02  2.798152e+09  2.898203e+09  1.947307e+14  1.947307e+11  2.000000e+06
205  4.000000e+05  6.430000e-02  6.430000e-02  2.898203e+09  2.997539e+09  1.941457e+14  1.941457e+11  2.000000e+06
206  4.000000e+05  6.430000e-02  6.430000e-02  2.997539e+09  3.096136e+09  1.935668e+14  1.935668e+11  2.000000e+06
207  4.000000e+05  6.430000e-02  6.430000e-02  3.096136e+09  3.193968e+09  1.929941e+14  1.929941e+11  2.000000e+06
208  4.000000e+05  6.430000e-02  6.430000e-02  3.193968e+09  3.291013e+09  1.924277e+14  1.924277e+11  2.000000e+06
209  4.000000e+05  6.430000e-02  6.430000e-02  3.291013e+09  3.387245e+09  1.918676e+14  1.918676e+11  2.000000e+06
210  4.000000e+05  6.430000e-02  6.430000e-02  3.387245e+09  3.482642e+09  1.913141e+14  1.913141e+11  2.000000e+06
211  4.000000e+05  6.430000e-02  6.430000e-02  3.482642e+09  3.577180e+09  1.907671e+14  1.907671e+11  2.000000e+06
212  4.000000e+05  6.430000e-02  6.430000e-02  3.577180e+09  3.670835e+09  1.902267e+14  1.902267e+11  2.000000e+06
213  4.000000e+05  6.430000e-02  6.430000e-02  3.670835e+09  3.763584e+09  1.896931e+14  1.896931e+11  2.000000e+06
214  4.000000e+05  6.430000e-02  6.430000e-02  3.763584e+09  3.855404e+09  1.891663e+14  1.891663e+11  2.000000e+06
215  4.000000e+05  6.430000e-02  6.430000e-02  3.855404e+09  3.946274e+09  1.886464e+14  1.886464e+11  2.000000e+06
216  4.000000e+05  6.430000e-02  6.430000e-02  3.946274e+09  4.036169e+09  1.881335e+14  1.881335e+11  2.000000e+06
217  4.000000e+05  6.430000e-02  6.430000e-02  4.036169e+09  4.125069e+09  1.876276e+14  1.876276e+11  2.000000e+06
218  4.000000e+05  6.430000e-02  6.430000e-02  4.125069e+09  4.212951e+09  1.871289e+14  1.871289e+11  2.000000e+06
219  4.000000e+05  6.430000e-02  6.430000e-02  4.212951e+09  4.299793e+09  1.866373e+14  1.866373e+11  2.000000e+06
220  4.000000e+05  6.430000e-02  6.430000e-02  4.299793e+09  4.385575e+09  1.861530e+14  1.861530e+11  2.000000e+06
221  4.000000e+05  6.430000e-02  6.430000e-02  4.385575e+09  4.470274e+09  1.856761e+14  1.856761e+11  2.000000e+06
222  4.000000e+05  6.430000e-02  6.430000e-02  4.470274e+09  4.553871e+09  1.852066e+14  1.852066e+11  2.000000e+06
223  4.000000e+05  6.430000e-02  6.430000e-02  4.553871e+09  4.636344e+09  1.847446e+14  1.847446e+11  2.000000e+06
224  4.000000e+05  6.430000e-02  6.430000e-02  4.636344e+09  4.717673e+09  1.842900e+14  1.842900e+11  2.000000e+06
225  4.000000e+05  6.430000e-02  6.430000e-02  4.717673e+09  4.797838e+09  1.838431e+14  1.838431e+11  2.000000e+06
226  4.000000e+05  6.430000e-02  6.430000e-02  4.797838e+09  4.876819e+09  1.834039e+14  1.834039e+11  2.000000e+06
227  4.000000e+05  6.430000e-02  6.430000e-02  4.876819e+09  4.954597e+09  1.829724e+14  1.829724e+11  2.000000e+06
228  4.000000e+05  6.430000e-02  6.430000e-02  4.954597e+09  5.031152e+09  1.825486e+14  1.825486e+11  2.000000e+06
229  4.000000e+05  6.430000e-02  6.430000e-02  5.031152e+09  5.106466e+09  1.821327e+14  1.821327e+11  2.000000e+06
230  4.000000e+05  6.430000e-02  6.430000e-02  5.106466e+09  5.180520e+09  1.817246e+14  1.817246e+11  2.000000e+06
231  4.000000e+05  6.430000e-02  6.430000e-02  5.180520e+09  5.253296e+09  1.813245e+14  1.813245e+11  2.000000e+06
232  4.000000e+05  6.430000e-02  6.430000e-02  5.253296e+09  5.324776e+09  1.809324e+14  1.809324e+11  2.000000e+06
233  4.000000e+05  6.430000e-02  6.430000e-02  5.324776e+09  5.394941e+09  1.805483e+14  1.805483e+11  2.000000e+06
234  4.000000e+05  6.430000e-02  6.430000e-02  5.394941e+09  5.463776e+09  1.801723e+14  1.801723e+11  2.000000e+06
235  4.000000e+05  6.430000e-02  6.430000e-02  5.463776e+09  5.531263e+09  1.798044e+14  1.798044e+11  2.000000e+06
236  4.000000e+05  6.430000e-02  6.430000e-02  5.531263e+09  5.597385e+09  1.794447e+14  1.794447e+11  2.000000e+06
237  4.000000e+05  6.430000e-02  6.430000e-02  5.597385e+09  5.662126e+09  1.790931e+14  1.790931e+11  2.000000e+06
238  4.000000e+05  6.430000e-02  6.430000e-02  5.662126e+09  5.725469e+09  1.787499e+14  1.787499e+11  2.000000e+06
239  4.000000e+05  6.430000e-02  6.430000e-02  5.725469e+09  5.787400e+09  1.784149e+14  1.784149e+11  2.000000e+06
240  4.000000e+05  6.430000e-02  6.430000e-02  5.787400e+09  5.847904e+09  1.780883e+14  1.780883e+11  2.000000e+06
241  4.000000e+05  6.430000e-02  6.430000e-02  5.847904e+09  5.906964e+09  1.777700e+14  1.777700e+11  2.000000e+06
242  4.000000e+05  6.430000e-02  6.430000e-02  5.906964e+09  5.964567e+09  1.774601e+14  1.774601e+11  2.000000e+06
243  4.000000e+05  6.430000e-02  6.430000e-02  5.964567e+09  6.020698e+09  1.771587e+14  1.771587e+11  2.000000e+06
244  4.000000e+05  6.430000e-02  6.430000e-02  6.020698e+09  6.075344e+09  1.768657e+14  1.768657e+11  2.000000e+06
245  4.000000e+05  6.430000e-02  6.430000e-02  6.075344e+09  6.128490e+09  1.765813e+14  1.765813e+11  2.000000e+06
246  4.000000e+05  6.430000e-02  6.430000e-02  6.128490e+09  6.180125e+09  1.763053e+14  1.763053e+11  2.000000e+06
247  4.000000e+05  6.430000e-02  6.430000e-02  6.180125e+09  6.230234e+09  1.760380e+14  1.760380e+11  2.000000e+06
248  4.000000e+05  6.430000e-02  6.430000e-02  6.230234e+09  6.278807e+09  1.757792e+14  1.757792e+11  2.000000e+06
249  4.000000e+05  6.430000e-02  6.430000e-02  6.278807e+09  6.325830e+09  1.755290e+14  1.755290e+11  2.000000e+06
250  4.000000e+05  6.430000e-02  6.430000e-02  6.325830e+09  6.371292e+09  1.752875e+14  1.752875e+11  2.000000e+06
251  4.000000e+05  6.430000e-02  6.430000e-02  6.371292e+09  6.415183e+09  1.750546e+14  1.750546e+11  2.000000e+06
252  4.000000e+05  6.430000e-02  6.430000e-02  6.415183e+09  6.457490e+09  1.748305e+14  1.748305e+11  2.000000e+06
253  4.000000e+05  6.430000e-02  6.430000e-02  6.457490e+09  6.498205e+09  1.746150e+14  1.746150e+11  2.000000e+06
254  4.000000e+05  6.430000e-02  6.430000e-02  6.498205e+09  6.537316e+09  1.744083e+14  1.744083e+11  2.000000e+06
255  4.000000e+05  6.430000e-02  6.430000e-02  6.537316e+09  6.574814e+09  1.742103e+14  1.742103e+11  2.000000e+06
256  4.000000e+05  6.430000e-02  6.430000e-02  6.574814e+09  6.610689e+09  1.740211e+14  1.740211e+11  2.000000e+06
257  4.000000e+05  6.430000e-02  6.430000e-02  6.610689e+09  6.644934e+09  1.738407e+14  1.738407e+11  2.000000e+06
258  4.000000e+05  6.430000e-02  6.430000e-02  6.644934e+09  6.677539e+09  1.736691e+14  1.736691e+11  2.000000e+06
259  4.000000e+05  6.430000e-02  6.430000e-02  6.677539e+09  6.708497e+09  1.735064e+14  1.735064e+11  2.000000e+06
260  4.000000e+05  6.430000e-02  6.430000e-02  6.708497e+09  6.737799e+09  1.733525e+14  1.733525e+11  2.000000e+06
261  4.000000e+05  6.430000e-02  6.430000e-02  6.737799e+09  6.765439e+09  1.732074e+14  1.732074e+11  2.000000e+06
262  4.000000e+05  6.430000e-02  6.430000e-02  6.765439e+09  6.791409e+09  1.730712e+14  1.730712e+11  2.000000e+06
263  4.000000e+05  6.430000e-02  6.430000e-02  6.791409e+09  6.815704e+09  1.729439e+14  1.729439e+11  2.000000e+06
264  4.000000e+05  6.430000e-02  6.430000e-02  6.815704e+09  6.838318e+09  1.728255e+14  1.728255e+11  2.000000e+06
265  4.000000e+05  6.430000e-02  6.430000e-02  6.838318e+09  6.859243e+09  1.727160e+14  1.727160e+11  2.000000e+06
266  4.000000e+05  6.430000e-02  6.430000e-02  6.859243e+09  6.878477e+09  1.726154e+14  1.726154e+11  2.000000e+06
267  4.000000e+05  6.430000e-02  6.430000e-02  6.878477e+09  6.896013e+09  1.725238e+14  1.725238e+11  2.000000e+06
268  4.000000e+05  6.430000e-02  6.430000e-02  6.896013e+09  6.911848e+09  1.724411e+14  1.724411e+11  2.000000e+06
269  4.000000e+05  6.430000e-02  6.430000e-02  6.911848e+09  6.925978e+09  1.723673e+14  1.723673e+11  2.000000e+06
270  4.000000e+05  6.430000e-02  6.430000e-02  6.925978e+09  6.938398e+09  1.723024e+14  1.723024e+11  2.000000e+06
271  4.000000e+05  6.430000e-02  6.430000e-02  6.938398e+09  6.949107e+09  1.722466e+14  1.722466e+11  2.000000e+06
272  4.000000e+05  6.430000e-02  6.430000e-02  6.949107e+09  6.958101e+09  1.721997e+14  1.721997e+11  2.000000e+06
273  4.000000e+05  6.430000e-02  6.430000e-02  6.958101e+09  6.965379e+09  1.721617e+14  1.721617e+11  2.000000e+06
274  4.000000e+05  6.430000e-02  6.430000e-02  6.965379e+09  6.970937e+09  1.721327e+14  1.721327e+11  2.000000e+06
275  4.000000e+05  6.430000e-02  6.430000e-02  6.970937e+09  6.974776e+09  1.721127e+14  1.721127e+11  2.000000e+06
276  4.000000e+05  6.430000e-02  6.430000e-02  6.974776e+09  6.976894e+09  1.721017e+14  1.721017e+11  2.000000e+06
277  2.920889e+05  6.430000e-02  6.430000e-02  6.976894e+09  6.977353e+09  1.720988e+14  1.720988e+11  2.000000e+06
278  2.920889e+05  6.430000e-02  6.430000e-02  6.977353e+09  6.976894e+09  1.720988e+14  1.720988e+11  2.000000e+06
279  4.000000e+05  6.430000e-02  6.430000e-02  6.976894e+09  6.974776e+09  1.721017e+14  1.721017e+11  2.000000e+06
280  4.000000e+05  6.430000e-02  6.430000e-02  6.974776e+09  6.970937e+09  1.721127e+14  1.721127e+11  2.000000e+06
281  4.000000e+05  6.430000e-02  6.430000e-02  6.970937e+09  6.965379e+09  1.721327e+14  1.721327e+11  2.000000e+06
282  4.000000e+05  6.430000e-02  6.430000e-02  6.965379e+09  6.958101e+09  1.721617e+14  1.721617e+11  2.000000e+06
283  4.000000e+05  6.430000e-02  6.430000e-02  6.958101e+09  6.949107e+09  1.721997e+14  1.721997e+11  2.000000e+06
284  4.000000e+05  6.430000e-02  6.430000e-02  6.949107e+09  6.938398e+09  1.722466e+14  1.722466e+11  2.000000e+06
285  4.000000e+05  6.430000e-02  6.430000e-02  6.938398e+09  6.925978e+09  1.723024e+14  1.723024e+11  2.000000e+06
286  4.000000e+05  6.430000e-02  6.430000e-02  6.925978e+09  6.911848e+09  1.723673e+14  1.723673e+11  2.000000e+06
287  4.000000e+05  6.430000e-02  6.430000e-02  6.911848e+09  6.896013e+09  1.724411e+14  1.724411e+11  2.000000e+06
288  4.000000e+05  6.430000e-02  6.430000e-02  6.896013e+09  6.878477e+09  1.725238e+14  1.725238e+11  2.000000e+06
289  4.000000e+05  6.430000e-02  6.430000e-02  6.878477e+09  6.859243e+09  1.726154e+14  1.726154e+11  2.000000e+06
290  4.000000e+05  6.430000e-02  6.430000e-02  6.859243e+09  6.838318e+09  1.727160e+14  1.727160e+11  2.000000e+06
291  4.000000e+05  6.430000e-02  6.430000e-02  6.838318e+09  6.815704e+09  1.728255e+14  1.728255e+11  2.000000e+06
292  4.000000e+05  6.430000e-02  6.430000e-02  6.815704e+09  6.791409e+09  1.729439e+14  1.729439e+11  2.000000e+06
293  4.000000e+05  6.430000e-02  6.430000e-02  6.791409e+09  6.765439e+09  1.730712e+14  1.730712e+11  2.000000e+06
294  4.000000e+05  6.430000e-02  6.430000e-02  6.765439e+09  6.737799e+09  1.732074e+14  1.732074e+11  2.000000e+06
295  4.000000e+05  6.430000e-02  6.430000e-02  6.737799e+09  6.708497e+09  1.733525e+14  1.733525e+11  2.000000e+06
296  4.000000e+05  6.430000e-02  6.430000e-02  6.708497e+09  6.677539e+09  1.735064e+14  1.735064e+11  2.000000e+06
297  4.000000e+05  6.430000e-02  6.430000e-02  6.677539e+09  6.644934e+09  1.736691e+14  1.736691e+11  2.000000e+06
298  4.000000e+05  6.430000e-02  6.430000e-02  6.644934e+09  6.610689e+09  1.738407e+14  1.738407e+11  2.000000e+06
299  4.000000e+05  6.430000e-02  6.430000e-02  6.610689e+09  6.574814e+09  1.740211e+14  1.740211e+11  2.000000e+06
300  4.000000e+05  6.430000e-02  6.430000e-02  6.574814e+09  6.537316e+09  1.742103e+14  1.742103e+11  2.000000e+06
301  4.000000e+05  6.430000e-02  6.430000e-02  6.537316e+09  6.498205e+09  1.744083e+14  1.744083e+11  2.000000e+06
302  4.000000e+05  6.430000e-02  6.430000e-02  6.498205e+09  6.457490e+09  1.746150e+14  1.746150e+11  2.000000e+06
303  4.000000e+05  6.430000e-02  6.430000e-02  6.457490e+09  6.415183e+09  1.748305e+14  1.748305e+11  2.000000e+06
304  4.000000e+05  6.430000e-02  6.430000e-02  6.415183e+09  6.371292e+09  1.750546e+14  1.750546e+11  2.000000e+06
305  4.000000e+05  6.430000e-02  6.430000e-02  6.371292e+09  6.325830e+09  1.752875e+14  1.752875e+11  2.000000e+06
306  4.000000e+05  6.430000e-02  6.430000e-02  6.325830e+09  6.278807e+09  1.755290e+14  1.755290e+11  2.000000e+06
307  4.000000e+05  6.430000e-02  6.430000e-02  6.278807e+09  6.230234e+09  1.757792e+14  1.757792e+11  2.000000e+06
308  4.000000e+05  6.430000e-02  6.430000e-02  6.230234e+09  6.180125e+09  1.760380e+14  1.760380e+11  2.000000e+06
309  4.000000e+05  6.430000e-02  6.430000e-02  6.180125e+09  6.128490e+09  1.763053e+14  1.763053e+11  2.000000e+06
310  4.000000e+05  6.430000e-02  6.430000e-02  6.128490e+09  6.075344e+09  1.765813e+14  1.765813e+11  2.000000e+06
311  4.000000e+05  6.430000e-02  6.430000e-02  6.075344e+09  6.020698e+09  1.768657e+14  1.768657e+11  2.000000e+06
312  4.000000e+05  6.430000e-02  6.430000e-02  6.020698e+09  5.964567e+09  1.771587e+14  1.771587e+11  2.000000e+06
313  4.000000e+05  6.430000e-02  6.430000e-02  5.964567e+09  5.906964e+09  1.774601e+14  1.774601e+11  2.000000e+06
314  4.000000e+05  6.430000e-02  6.430000e-02  5.906964e+09  5.847904e+09  1.777700e+14  1.777700e+11  2.000000e+06
315  4.000000e+05  6.430000e-02  6.430000e-02  5.847904e+09  5.787400e+09  1.780883e+14  1.780883e+11  2.000000e+06
316  4.000000e+05  6.430000e-02  6.430000e-02  5.787400e+09  5.725469e+09  1.784149e+14  1.784149e+11  2.000000e+06
317  4.000000e+05  6.430000e-02  6.430000e-02  5.725469e+09  5.662126e+09  1.787499e+14  1.787499e+11  2.000000e+06
318  4.000000e+05  6.430000e-02  6.430000e-02  5.662126e+09  5.597385e+09  1.790931e+14  1.790931e+11  2.000000e+06
319  4.000000e+05  6.430000e-02  6.430000e-02  5.597385e+09  5.531263e+09  1.794447e+14  1.794447e+11  2.000000e+06
320  4.000000e+05  6.430000e-02  6.430000e-02  5.531263e+09  5.463776e+09  1.798044e+14  1.798044e+11  2.000000e+06
321  4.000000e+05  6.430000e-02  6.430000e-02  5.463776e+09  5.394941e+09  1.801723e+14  1.801723e+11  2.000000e+06
322  4.000000e+05  6.430000e-02  6.430000e-02  5.394941e+09  5.324776e+09  1.805483e+14  1.805483e+11  2.000000e+06
323  4.000000e+05  6.430000e-02  6.430000e-02  5.324776e+09  5.253296e+09  1.809324e+14  1.809324e+11  2.000000e+06
324  4.000000e+05  6.430000e-02  6.430000e-02  5.253296e+09  5.180520e+09  1.813245e+14  1.813245e+11  2.000000e+06
325  4.000000e+05  6.430000e-02  6.430000e-02  5.180520e+09  5.106466e+09  1.817246e+14  1.817246e+11  2.000000e+06
326  4.000000e+05  6.430000e-02  6.430000e-02  5.106466e+09  5.031152e+09  1.821327e+14  1.821327e+11  2.000000e+06
327  4.000000e+05  6.430000e-02  6.430000e-02  5.031152e+09  4.954597e+09  1.825486e+14  1.825486e+11  2.000000e+06
328  4.000000e+05  6.430000e-02  6.430000e-02  4.954597e+09  4.876819e+09  1.829724e+14  1.829724e+11  2.000000e+06
329  4.000000e+05  6.430000e-02  6.430000e-02  4.876819e+09  4.797838e+09  1.834039e+14  1.834039e+11  2.000000e+06
330  4.000000e+05  6.430000e-02  6.430000e-02  4.797838e+09  4.717673e+09  1.838431e+14  1.838431e+11  2.000000e+06
331  4.000000e+05  6.430000e-02  6.430000e-02  4.717673e+09  4.636344e+09  1.842900e+14  1.842900e+11  2.000000e+06
332  4.000000e+05  6.430000e-02  6.430000e-02  4.636344e+09  4.553871e+09  1.847446e+14  1.847446e+11  2.000000e+06
333  4.000000e+05  6.430000e-02  6.430000e-02  4.553871e+09  4.470274e+09  1.852066e+14  1.852066e+11  2.000000e+06
334  4.000000e+05  6.430000e-02  6.430000e-02  4.470274e+09  4.385575e+09  1.856761e+14  1.856761e+11  2.000000e+06
335  4.000000e+05  6.430000e-02  6.430000e-02  4.385575e+09  4.299793e+09  1.861530e+14  1.861530e+11  2.000000e+06
336  4.000000e+05  6.430000e-02  6.430000e-02  4.299793e+09  4.212951e+09  1.866373e+14  1.866373e+11  2.000000e+06
337  4.000000e+05  6.430000e-02  6.430000e-02  4.212951e+09  4.125069e+09  1.871289e+14  1.871289e+11  2.000000e+06
338  4.000000e+05  6.430000e-02  6.430000e-02  4.125069e+09  4.036169e+09  1.876276e+14  1.876276e+11  2.000000e+06
339  4.000000e+05  6.430000e-02  6.430000e-02  4.036169e+09  3.946274e+09  1.881335e+14  1.881335e+11  2.000000e+06
340  4.000000e+05  6.430000e-02  6.430000e-02  3.946274e+09  3.855404e+09  1.886464e+14  1.886464e+11  2.000000e+06
341  4.000000e+05  6.430000e-02  6.430000e-02  3.855404e+09  3.763584e+09  1.891663e+14  1.891663e+11  2.000000e+06
342  4.000000e+05  6.430000e-02  6.430000e-02  3.763584e+09  3.670835e+09  1.896931e+14  1.896931e+11  2.000000e+06
343  4.000000e+05  6.430000e-02  6.430000e-02  3.670835e+09  3.577180e+09  1.902267e+14  1.902267e+11  2.000000e+06
344  4.000000e+05  6.430000e-02  6.430000e-02  3.577180e+09  3.482642e+09  1.907671e+14  1.907671e+11  2.000000e+06
345  4.000000e+05  6.430000e-02  6.430000e-02  3.482642e+09  3.387245e+09  1.913141e+14  1.913141e+11  2.000000e+06
346  4.000000e+05  6.430000e-02  6.430000e-02  3.387245e+09  3.291013e+09  1.918676e+14  1.918676e+11  2.000000e+06
347  4.000000e+05  6.430000e-02  6.430000e-02  3.291013e+09  3.193968e+09  1.924277e+14  1.924277e+11  2.000000e+06
348  4.000000e+05  6.430000e-02  6.430000e-02  3.193968e+09  3.096136e+09  1.929941e+14  1.929941e+11  2.000000e+06
349  4.000000e+05  6.430000e-02  6.430000e-02  3.096136e+09  2.997539e+09  1.935668e+14  1.935668e+11  2.000000e+06
350  4.000000e+05  6.430000e-02  6.430000e-02  2.997539e+09  2.898203e+09  1.941457e+14  1.941457e+11  2.000000e+06
351  4.000000e+05  6.430000e-02  6.430000e-02  2.898203e+09  2.798152e+09  1.947307e+14  1.947307e+11  2.000000e+06
352  4.000000e+05  6.430000e-02  6.430000e-02  2.798152e+09  2.697410e+09  1.953217e+14  1.953217e+11  2.000000e+06
353  4.000000e+05  6.430000e-02  6.430000e-02  2.697410e+09  2.596003e+09  1.959185e+14  1.959185e+11  2.000000e+06
354  4.000000e+05  6.430000e-02  6.430000e-02  2.596003e+09  2.493955e+09  1.965212e+14  1.965212e+11  2.000000e+06
355  4.000000e+05  6.430000e-02  6.430000e-02  2.493955e+09  2.391292e+09  1.971295e+14  1.971295e+11  2.000000e+06
356  4.000000e+05  6.430000e-02  6.430000e-02  2.391292e+09  2.288039e+09  1.977434e+14  1.977434e+11  2.000000e+06
357  4.000000e+05  6.430000e-02  6.430000e-02  2.288039e+09  2.184222e+09  1.983628e+14  1.983628e+11  2.000000e+06
358  3.846365e+05  6.430000e-02  6.430000e-02  2.184222e+09  2.083883e+09  1.989755e+14  1.989755e+11  2.000000e+06
359  3.628646e+05  6.430000e-02  6.430000e-02  2.083883e+09  1.988788e+09  1.995639e+14  1.995639e+11  2.000000e+06
360  3.423251e+05  6.430000e-02  6.430000e-02  1.988788e+09  1.898704e+09  2.001232e+14  2.001232e+11  2.000000e+06
361  3.229482e+05  6.430000e-02  6.430000e-02  1.898704e+09  1.813406e+09  2.006545e+14  2.006545e+11  2.000000e+06
362  3.046681e+05  6.430000e-02  6.430000e-02  1.813406e+09  1.732667e+09  2.011588e+14  2.011588e+11  2.000000e+06
363  2.874227e+05  6.430000e-02  6.430000e-02  1.732667e+09  1.656272e+09  2.016374e+14  2.016374e+11  2.000000e+06
364  2.711535e+05  6.430000e-02  6.430000e-02  1.656272e+09  1.584007e+09  2.020912e+14  2.020912e+11  2.000000e+06
365  2.558052e+05  6.430000e-02  6.430000e-02  1.584007e+09  1.515667e+09  2.025215e+14  2.025215e+11  2.000000e+06
366  2.413257e+05  6.430000e-02  6.430000e-02  1.515667e+09  1.451056e+09  2.029292e+14  2.029292e+11  2.000000e+06
367  2.276657e+05  6.430000e-02  6.430000e-02  1.451056e+09  1.389982e+09  2.033154e+14  2.033154e+11  2.000000e+06
368  2.147790e+05  6.430000e-02  6.430000e-02  1.389982e+09  1.332264e+09  2.036812e+14  2.036812e+11  2.000000e+06
369  2.026217e+05  6.430000e-02  6.430000e-02  1.332264e+09  1.277725e+09  2.040275e+14  2.040275e+11  2.000000e+06
370  1.911525e+05  6.430000e-02  6.430000e-02  1.277725e+09  1.226199e+09  2.043552e+14  2.043552e+11  2.000000e+06
371  1.803326e+05  6.430000e-02  6.430000e-02  1.226199e+09  1.177527e+09  2.046653e+14  2.046653e+11  2.000000e+06
372  1.701251e+05  6.430000e-02  6.430000e-02  1.177527e+09  1.131555e+09  2.049587e+14  2.049587e+11  2.000000e+06
373  1.604954e+05  6.430000e-02  6.430000e-02  1.131555e+09  1.088140e+09  2.052362e+14  2.052362e+11  2.000000e+06
374  1.514107e+05  6.430000e-02  6.430000e-02  1.088140e+09  1.047142e+09  2.054986e+14  2.054986e+11  2.000000e+06
375  1.428403e+05  6.430000e-02  6.430000e-02  1.047142e+09  1.008430e+09  2.057467e+14  2.057467e+11  2.000000e+06
376  1.347550e+05  6.430000e-02  6.430000e-02  1.008430e+09  9.718813e+08  2.059812e+14  2.059812e+11  2.000000e+06
377  1.271274e+05  6.430000e-02  6.430000e-02  9.718813e+08  9.373761e+08  2.062029e+14  2.062029e+11  2.000000e+06
378  1.199315e+05  6.430000e-02  6.430000e-02  9.373761e+08  9.048025e+08  2.064124e+14  2.064124e+11  2.000000e+06
379  1.131429e+05  6.430000e-02  6.430000e-02  9.048025e+08  8.740542e+08  2.066104e+14  2.066104e+11  2.000000e+06
380  1.067386e+05  6.430000e-02  6.430000e-02  8.740542e+08  8.450307e+08  2.067974e+14  2.067974e+11  2.000000e+06
381  1.006968e+05  6.430000e-02  6.430000e-02  8.450307e+08  8.176363e+08  2.069741e+14  2.069741e+11  2.000000e+06
382  9.499696e+04  6.430000e-02  6.430000e-02  8.176363e+08  7.917808e+08  2.071410e+14  2.071410e+11  2.000000e+06
383  8.961977e+04  6.430000e-02  6.430000e-02  7.917808e+08  7.673788e+08  2.072987e+14  2.072987e+11  2.000000e+06
384  8.454695e+04  6.430000e-02  6.430000e-02  7.673788e+08  7.443493e+08  2.074477e+14  2.074477e+11  2.000000e+06
385  7.976128e+04  6.430000e-02  6.430000e-02  7.443493e+08  7.226158e+08  2.075883e+14  2.075883e+11  2.000000e+06
386  7.524649e+04  6.430000e-02  6.430000e-02  7.226158e+08  7.021060e+08  2.077211e+14  2.077211e+11  2.000000e+06
387  7.098725e+04  6.430000e-02  6.430000e-02  7.021060e+08  6.827515e+08  2.078465e+14  2.078465e+11  2.000000e+06
388  6.696911e+04  6.430000e-02  6.430000e-02  6.827515e+08  6.644877e+08  2.079650e+14  2.079650e+11  2.000000e+06
389  6.317840e+04  6.430000e-02  6.430000e-02  6.644877e+08  6.472535e+08  2.080768e+14  2.080768e+11  2.000000e+06
390  5.960227e+04  6.430000e-02  6.430000e-02  6.472535e+08  6.309911e+08  2.081823e+14  2.081823e+11  2.000000e+06
391  5.622855e+04  6.430000e-02  6.430000e-02  6.309911e+08  6.156461e+08  2.082820e+14  2.082820e+11  2.000000e+06
392  5.304581e+04  6.430000e-02  6.430000e-02  6.156461e+08  6.011669e+08  2.083761e+14  2.083761e+11  2.000000e+06
393  5.004321e+04  6.430000e-02  6.430000e-02  6.011669e+08  5.875049e+08  2.084649e+14  2.084649e+11  2.000000e+06
394  4.721058e+04  6.430000e-02  6.430000e-02  5.875049e+08  5.746141e+08  2.085487e+14  2.085487e+11  2.000000e+06
395  4.453828e+04  6.430000e-02  6.430000e-02  5.746141e+08  5.624512e+08  2.086278e+14  2.086278e+11  2.000000e+06
396  4.201725e+04  6.430000e-02  6.430000e-02  5.624512e+08  5.509752e+08  2.087025e+14  2.087025e+11  2.000000e+06
397  3.963891e+04  6.430000e-02  6.430000e-02  5.509752e+08  5.401474e+08  2.087730e+14  2.087730e+11  2.000000e+06
398  3.739520e+04  6.430000e-02  6.430000e-02  5.401474e+08  5.299313e+08  2.088396e+14  2.088396e+11  2.000000e+06
399  3.527849e+04  6.430000e-02  6.430000e-02  5.299313e+08  5.202924e+08  2.089024e+14  2.089024e+11  2.000000e+06
400  3.328159e+04  6.430000e-02  6.430000e-02  5.202924e+08  5.111982e+08  2.089616e+14  2.089616e+11  2.000000e+06
401  3.139773e+04  6.430000e-02  6.430000e-02  5.111982e+08  5.026179e+08  2.090176e+14  2.090176e+11  2.000000e+06
402  2.962050e+04  6.430000e-02  6.430000e-02  5.026179e+08  4.945227e+08  2.090704e+14  2.090704e+11  2.000000e+06
403  2.794387e+04  6.430000e-02  6.430000e-02  4.945227e+08  4.868850e+08  2.091202e+14  2.091202e+11  2.000000e+06
404  2.636214e+04  6.430000e-02  6.430000e-02  4.868850e+08  4.796791e+08  2.091672e+14  2.091672e+11  2.000000e+06
405  2.486994e+04  6.430000e-02  6.430000e-02  4.796791e+08  4.728806e+08  2.092116e+14  2.092116e+11  2.000000e+06
406  2.346221e+04  6.430000e-02  6.430000e-02  4.728806e+08  4.664666e+08  2.092534e+14  2.092534e+11  2.000000e+06
407  2.213416e+04  6.430000e-02  6.430000e-02  4.664666e+08  4.604152e+08  2.092929e+14  2.092929e+11  2.000000e+06
408  2.088128e+04  6.430000e-02  6.430000e-02  4.604152e+08  4.547061e+08  2.093302e+14  2.093302e+11  2.000000e+06
409  1.969932e+04  6.430000e-02  6.430000e-02  4.547061e+08  4.493198e+08  2.093654e+14  2.093654e+11  2.000000e+06
410  1.858427e+04  6.430000e-02  6.430000e-02  4.493198e+08  4.442381e+08  2.093986e+14  2.093986e+11  2.000000e+06
411  1.753233e+04  6.430000e-02  6.430000e-02  4.442381e+08  4.394439e+08  2.094299e+14  2.094299e+11  2.000000e+06
412  1.653993e+04  6.430000e-02  6.430000e-02  4.394439e+08  4.349209e+08  2.094594e+14  2.094594e+11  2.000000e+06
413  1.560371e+04  6.430000e-02  6.430000e-02  4.349209e+08  4.306537e+08  2.094873e+14  2.094873e+11  2.000000e+06
414  1.472048e+04  6.430000e-02  6.430000e-02  4.306537e+08  4.266279e+08  2.095136e+14  2.095136e+11  2.000000e+06
415  1.388725e+04  6.430000e-02  6.430000e-02  4.266279e+08  4.228299e+08  2.095384e+14  2.095384e+11  2.000000e+06
416  1.310118e+04  6.430000e-02  6.430000e-02  4.228299e+08  4.192467e+08  2.095619e+14  2.095619e+11  2.000000e+06
417  1.235960e+04  6.430000e-02  6.430000e-02  4.192467e+08  4.158662e+08  2.095840e+14  2.095840e+11  2.000000e+06
418  1.166000e+04  6.430000e-02  6.430000e-02  4.158662e+08  4.126770e+08  2.096048e+14  2.096048e+11  2.000000e+06
419  1.100000e+04  6.430000e-02  6.430000e-02  4.126770e+08  4.096683e+08  2.096245e+14  2.096245e+11  2.000000e+06
420  1.100000e+04  6.430000e-02  6.430000e-02  4.096683e+08  4.066594e+08  2.096436e+14  2.096436e+11  2.000000e+06
421  1.100000e+04  6.430000e-02  6.430000e-02  4.066594e+08  4.036505e+08  2.096627e+14  2.096627e+11  2.000000e+06
422  1.100000e+04  6.430000e-02  6.430000e-02  4.036505e+08  4.006415e+08  2.096818e+14  2.096818e+11  2.000000e+06
423  1.100000e+04  6.430000e-02  6.430000e-02  4.006415e+08  3.976324e+08  2.097009e+14  2.097009e+11  2.000000e+06
424  1.100000e+04  6.430000e-02  6.430000e-02  3.976324e+08  3.946233e+08  2.097200e+14  2.097200e+11  2.000000e+06
425  1.100000e+04  6.430000e-02  6.430000e-02  3.946233e+08  3.916141e+08  2.097391e+14  2.097391e+11  2.000000e+06
426  1.100000e+04  6.430000e-02  6.430000e-02  3.916141e+08  3.886048e+08  2.097583e+14  2.097583e+11  2.000000e+06
427  1.100000e+04  6.430000e-02  6.430000e-02  3.886048e+08  3.855955e+08  2.097774e+14  2.097774e+11  2.000000e+06
428  1.100000e+04  6.430000e-02  6.430000e-02  3.855955e+08  3.825860e+08  2.097965e+14  2.097965e+11  2.000000e+06
429  1.100000e+04  6.430000e-02  6.430000e-02  3.825860e+08  3.795765e+08  2.098156e+14  2.098156e+11  2.000000e+06
430  1.100000e+04  6.430000e-02  6.430000e-02  3.795765e+08  3.765670e+08  2.099578e+14  2.099578e+11  1.998828e+06
431  1.100000e+04  6.430000e-02  6.430000e-02  3.765670e+08  3.735573e+08  2.108065e+14  2.108065e+11  1.990962e+06
432  1.100000e+04  6.430000e-02  6.430000e-02  3.735573e+08  3.705476e+08  2.124490e+14  2.124490e+11  1.975750e+06
433  1.100000e+04  6.430000e-02  6.430000e-02  3.705476e+08  3.675378e+08  2.149101e+14  2.149101e+11  1.953305e+06
434  1.100000e+04  6.430000e-02  6.430000e-02  3.675378e+08  3.645280e+08  2.182273e+14  2.182273e+11  1.923793e+06
435  1.100000e+04  6.430000e-02  6.430000e-02  3.645280e+08  3.615180e+08  2.224523e+14  2.224523e+11  1.887434e+06
436  1.100000e+04  6.430000e-02  6.430000e-02  3.615180e+08  3.585081e+08  2.276527e+14  2.276527e+11  1.844496e+06
437  1.100000e+04  6.430000e-02  6.430000e-02  3.585081e+08  3.554980e+08  2.339141e+14  2.339141e+11  1.795300e+06
438  1.100000e+04  6.430000e-02  6.430000e-02  3.554980e+08  3.524879e+08  2.413435e+14  2.413435e+11  1.740211e+06
439  1.100000e+04  6.430000e-02  6.430000e-02  3.524879e+08  3.494777e+08  2.500733e+14  2.500733e+11  1.679638e+06
440  1.100000e+04  6.430000e-02  6.430000e-02  3.494777e+08  3.464675e+08  2.602664e+14  2.602664e+11  1.614032e+06
441  1.100000e+04  6.430000e-02  6.430000e-02  3.464675e+08  3.434571e+08  2.721233e+14  2.721233e+11  1.543880e+06
442  1.100000e+04  6.430000e-02  6.430000e-02  3.434571e+08  3.404468e+08  2.858910e+14  2.858910e+11  1.469704e+06
443  1.100000e+04  6.430000e-02  6.430000e-02  3.404468e+08  3.374363e+08  3.018752e+14  3.018752e+11  1.392057e+06
444  1.100000e+04  6.430000e-02  6.430000e-02  3.374363e+08  3.344258e+08  3.204557e+14  3.204557e+11  1.311515e+06
445  1.100000e+04  6.430000e-02  6.430000e-02  3.344258e+08  3.314153e+08  3.421082e+14  3.421082e+11  1.228678e+06
446  1.100000e+04  6.430000e-02  6.430000e-02  3.314153e+08  3.284046e+08  3.674332e+14  3.674332e+11  1.144163e+06
447  1.100000e+04  6.430000e-02  6.430000e-02  3.284046e+08  3.253939e+08  3.971959e+14  3.971959e+11  1.058597e+06
448  1.100000e+04  6.430000e-02  6.430000e-02  3.253939e+08  3.223832e+08  4.323821e+14  4.323821e+11  9.726183e+05
449  1.100000e+04  6.430000e-02  6.430000e-02  3.223832e+08  3.193724e+08  4.742783e+14  4.742783e+11  8.868667e+05
450  1.100000e+04  6.430000e-02  6.430000e-02  3.193724e+08  3.163615e+08  5.245867e+14  5.245867e+11  8.019803e+05
451  1.100000e+04  6.430000e-02  6.430000e-02  3.163615e+08  3.133506e+08  5.855957e+14  5.855957e+11  7.185910e+05
452  1.100000e+04  6.430000e-02  6.430000e-02  3.133506e+08  3.103396e+08  6.604386e+14  6.604386e+11  6.373199e+05
453  1.100000e+04  6.430000e-02  6.430000e-02  3.103396e+08  3.073285e+08  7.534937e+14  7.534937e+11  5.587719e+05
454  1.100000e+04  6.430000e-02  6.430000e-02  3.073285e+08  3.043174e+08  8.710250e+14  8.710250e+11  4.835322e+05
455  1.100000e+04  6.430000e-02  6.430000e-02  3.043174e+08  3.013063e+08  1.022240e+15  1.022240e+12  4.121609e+05
456  1.100000e+04  6.430000e-02  6.430000e-02  3.013063e+08  2.982951e+08  1.221108e+15  1.221108e+12  3.451898e+05
457  1.100000e+04  6.430000e-02  6.430000e-02  2.982951e+08  2.952838e+08  1.489616e+15  1.489616e+12  2.831177e+05
458  1.100000e+04  6.430000e-02  6.430000e-02  2.952838e+08  2.922725e+08  1.863937e+15  1.863937e+12  2.264071e+05
459  1.100000e+04  6.430000e-02  6.430000e-02  2.922725e+08  2.892611e+08  2.406812e+15  2.406812e+12  1.754806e+05
460  1.100000e+04  6.430000e-02  6.430000e-02  2.892611e+08  2.862496e+08  3.234360e+15  3.234360e+12  1.307177e+05
461  1.100000e+04  6.430000e-02  6.430000e-02  2.862496e+08  2.832382e+08  4.579439e+15  4.579439e+12  9.245201e+04
462  1.100000e+04  6.430000e-02  6.430000e-02  2.832382e+08  2.802266e+08  6.957877e+15  6.957877e+12  6.096896e+04
463  1.100000e+04  6.430000e-02  6.430000e-02  2.802266e+08  2.772150e+08  1.165608e+16  1.165608e+13  3.650332e+04
464  1.100000e+04  6.430000e-02  6.430000e-02  2.772150e+08  2.742034e+08  2.222812e+16  2.222812e+13  1.923768e+04
465  1.100000e+04  6.430000e-02  6.430000e-02  2.742034e+08  2.711917e+08  4.641355e+16  4.641355e+13  9.300985e+03
466  1.100000e+04  6.430000e-02  6.430000e-02  2.711917e+08  2.681799e+08  4.854411e+16  3.484502e+16  6.673716e+03
467  1.100000e+04  6.430000e-02  6.430000e-02  2.681799e+08  2.651681e+08  5.033348e+16  3.720700e+16  6.671927e+03
468  1.100000e+04  6.430000e-02  6.430000e-02  2.651681e+08  2.621563e+08  5.212289e+16  3.956901e+16  6.670137e+03
469  1.100000e+04  6.430000e-02  6.430000e-02  2.621563e+08  2.591444e+08  5.391232e+16  4.193106e+16  6.668348e+03
470  1.100000e+04  6.430000e-02  6.430000e-02  2.591444e+08  2.561324e+08  5.574222e+16  4.456276e+16  6.666635e+03
471  1.100000e+04  6.430000e-02  6.430000e-02  2.561324e+08  2.531204e+08  5.769552e+16  4.801697e+16  6.665155e+03
472  1.100000e+04  6.430000e-02  6.430000e-02  2.531204e+08  2.501084e+08  5.964885e+16  5.147123e+16  6.663675e+03
473  1.100000e+04  6.430000e-02  6.430000e-02  2.501084e+08  2.470963e+08  6.160221e+16  5.492555e+16  6.662195e+03
474  1.100000e+04  6.430000e-02  6.430000e-02  2.470963e+08  2.440842e+08  6.355560e+16  5.837992e+16  6.660715e+03
475  1.100000e+04  6.430000e-02  6.430000e-02  2.440842e+08  2.410720e+08  6.566562e+16  6.299512e+16  6.659386e+03
476  1.100000e+04  6.430000e-02  6.430000e-02  2.410720e+08  2.380598e+08  6.792224e+16  6.869685e+16  6.658198e+03
477  1.100000e+04  6.430000e-02  6.430000e-02  2.380598e+08  2.350475e+08  7.017890e+16  7.439866e+16  6.657009e+03
478  1.100000e+04  6.430000e-02  6.430000e-02  2.350475e+08  2.320352e+08  7.243559e+16  8.010056e+16  6.655821e+03
479  1.100000e+04  6.430000e-02  6.430000e-02  2.320352e+08  2.290229e+08  7.469231e+16  8.580254e+16  6.654632e+03
480  1.100000e+04  6.430000e-02  6.430000e-02  2.290229e+08  2.260105e+08  7.694907e+16  9.150460e+16  6.653444e+03
481  1.100000e+04  6.430000e-02  6.430000e-02  2.260105e+08  2.229980e+08  7.920586e+16  9.720674e+16  6.652255e+03
482  1.100000e+04  6.430000e-02  6.430000e-02  2.229980e+08  2.199855e+08  8.171766e+16  1.066402e+17  6.651207e+03
483  1.100000e+04  6.430000e-02  6.430000e-02  2.199855e+08  2.169730e+08  8.429913e+16  1.170929e+17  6.650197e+03
484  1.100000e+04  6.430000e-02  6.430000e-02  2.169730e+08  2.139605e+08  8.688063e+16  1.275457e+17  6.649187e+03
485  1.100000e+04  6.430000e-02  6.430000e-02  2.139605e+08  2.109479e+08  8.946217e+16  1.379986e+17  6.648178e+03
486  1.100000e+04  6.430000e-02  6.430000e-02  2.109479e+08  2.079352e+08  9.204375e+16  1.484517e+17  6.647168e+03
487  1.100000e+04  6.430000e-02  6.430000e-02  2.079352e+08  2.049225e+08  9.462536e+16  1.589049e+17  6.646158e+03
488  1.100000e+04  6.430000e-02  6.430000e-02  2.049225e+08  2.019098e+08  9.720700e+16  1.693582e+17  6.645149e+03
489  1.100000e+04  6.430000e-02  6.430000e-02  2.019098e+08  1.988971e+08  9.978867e+16  1.798117e+17  6.644139e+03
490  1.100000e+04  6.430000e-02  6.430000e-02  1.988971e+08  1.958843e+08  1.023704e+17  1.902653e+17  6.643129e+03
491  1.100000e+04  6.430000e-02  6.430000e-02  1.958843e+08  1.928714e+08  1.048924e+17  2.107470e+17  6.642086e+03
492  1.100000e+04  6.430000e-02  6.430000e-02  1.928714e+08  1.898586e+08  1.074057e+17  2.326967e+17  6.641039e+03
493  1.100000e+04  6.430000e-02  6.430000e-02  1.898586e+08  1.868457e+08  1.099191e+17  2.546467e+17  6.639992e+03
494  1.100000e+04  6.430000e-02  6.430000e-02  1.868457e+08  1.838327e+08  1.124325e+17  2.765969e+17  6.638945e+03
495  1.100000e+04  6.430000e-02  6.430000e-02  1.838327e+08  1.808198e+08  1.149459e+17  2.985474e+17  6.637898e+03
496  1.100000e+04  6.430000e-02  6.430000e-02  1.808198e+08  1.778067e+08  1.174593e+17  3.204981e+17  6.636850e+03
497  1.100000e+04  6.430000e-02  6.430000e-02  1.778067e+08  1.747937e+08  1.199728e+17  3.424491e+17  6.635803e+03
498  1.100000e+04  6.430000e-02  6.430000e-02  1.747937e+08  1.717806e+08  1.224863e+17  3.644003e+17  6.634756e+03
499  1.100000e+04  6.430000e-02  6.430000e-02  1.717806e+08  1.687675e+08  1.249998e+17  3.863517e+17  6.633708e+03
500  1.100000e+04  6.430000e-02  6.430000e-02  1.687675e+08  1.657544e+08  1.272723e+17  4.156687e+17  6.632633e+03
501  1.100000e+04  6.430000e-02  6.430000e-02  1.657544e+08  1.627412e+08  1.290409e+17  4.603819e+17  6.631499e+03
502  1.100000e+04  6.430000e-02  6.430000e-02  1.627412e+08  1.597280e+08  1.308095e+17  5.050955e+17  6.630366e+03
503  1.100000e+04  6.430000e-02  6.430000e-02  1.597280e+08  1.567148e+08  1.325781e+17  5.498095e+17  6.629232e+03
504  1.100000e+04  6.430000e-02  6.430000e-02  1.567148e+08  1.537016e+08  1.343467e+17  5.945240e+17  6.628098e+03
505  1.100000e+04  6.430000e-02  6.430000e-02  1.537016e+08  1.506883e+08  1.361153e+17  6.392389e+17  6.626965e+03
506  1.100000e+04  6.430000e-02  6.430000e-02  1.506883e+08  1.476750e+08  1.378840e+17  6.839543e+17  6.625831e+03
507  1.100000e+04  6.430000e-02  6.430000e-02  1.476750e+08  1.446616e+08  1.396527e+17  7.286700e+17  6.624697e+03
508  1.100000e+04  6.430000e-02  6.430000e-02  1.446616e+08  1.416483e+08  1.414214e+17  7.733862e+17  6.623563e+03
509  1.100000e+04  6.430000e-02  6.430000e-02  1.416483e+08  1.386349e+08  1.423680e+17  8.447926e+17  6.622410e+03
510  1.100000e+04  6.430000e-02  6.430000e-02  1.386349e+08  1.356215e+08  1.425033e+17  9.425471e+17  6.621238e+03
511  1.100000e+04  6.430000e-02  6.430000e-02  1.356215e+08  1.326080e+08  1.426385e+17  1.040302e+18  6.620066e+03
512  1.100000e+04  6.430000e-02  6.430000e-02  1.326080e+08  1.295945e+08  1.427737e+17  1.138058e+18  6.618895e+03
513  1.100000e+04  6.430000e-02  6.430000e-02  1.295945e+08  1.265811e+08  1.429089e+17  1.235815e+18  6.617723e+03
514  1.100000e+04  6.430000e-02  6.430000e-02  1.265811e+08  1.235675e+08  1.430442e+17  1.333573e+18  6.616551e+03
515  1.100000e+04  6.430000e-02  6.430000e-02  1.235675e+08  1.205540e+08  1.431794e+17  1.431332e+18  6.615379e+03
516  1.100000e+04  6.430000e-02  6.430000e-02  1.205540e+08  1.175404e+08  1.433146e+17  1.529091e+18  6.614207e+03
517  1.100000e+04  6.430000e-02  6.430000e-02  1.175404e+08  1.145269e+08  1.434498e+17  1.626851e+18  6.613035e+03
518  1.100000e+04  6.430000e-02  6.430000e-02  1.145269e+08  1.115133e+08  1.435851e+17  1.724611e+18  6.611863e+03
519  1.100000e+04  6.430000e-02  6.430000e-02  1.115133e+08  1.084996e+08  1.437203e+17  1.822372e+18  6.610691e+03
520  1.100000e+04  6.430000e-02  6.430000e-02  1.084996e+08  1.054860e+08  1.440326e+17  1.960318e+18  6.609453e+03
521  1.100000e+04  6.430000e-02  6.430000e-02  1.054860e+08  1.024723e+08  1.445992e+17  2.155962e+18  6.608120e+03
522  1.100000e+04  6.430000e-02  6.430000e-02  1.024723e+08  9.945863e+07  1.451658e+17  2.351608e+18  6.606786e+03
523  1.100000e+04  6.430000e-02  6.430000e-02  9.945863e+07  9.644493e+07  1.457324e+17  2.547254e+18  6.605453e+03
524  1.100000e+04  6.430000e-02  6.430000e-02  9.644493e+07  9.343121e+07  1.462990e+17  2.742902e+18  6.604120e+03
525  1.100000e+04  6.430000e-02  6.430000e-02  9.343121e+07  9.041747e+07  1.468657e+17  2.938551e+18  6.602787e+03
526  1.100000e+04  6.430000e-02  6.430000e-02  9.041747e+07  8.740371e+07  1.474323e+17  3.134202e+18  6.601453e+03
527  1.100000e+04  6.430000e-02  6.430000e-02  8.740371e+07  8.438994e+07  1.479989e+17  3.329853e+18  6.600120e+03
528  1.100000e+04  6.430000e-02  6.430000e-02  8.438994e+07  8.137616e+07  1.485655e+17  3.525505e+18  6.598787e+03
529  1.100000e+04  6.430000e-02  6.430000e-02  8.137616e+07  7.836235e+07  1.503367e+17  3.783136e+18  6.596834e+03
530  1.100000e+04  6.430000e-02  6.430000e-02  7.836235e+07  7.534854e+07  1.538436e+17  4.130067e+18  6.593987e+03
531  1.100000e+04  6.430000e-02  6.430000e-02  7.534854e+07  7.233470e+07  1.573504e+17  4.477000e+18  6.591140e+03
532  1.100000e+04  6.430000e-02  6.430000e-02  7.233470e+07  6.932086e+07  1.608573e+17  4.823934e+18  6.588293e+03
533  1.100000e+04  6.430000e-02  6.430000e-02  6.932086e+07  6.630700e+07  1.643642e+17  5.170870e+18  6.585446e+03
534  1.100000e+04  6.430000e-02  6.430000e-02  6.630700e+07  6.329313e+07  1.678711e+17  5.517807e+18  6.582599e+03
535  1.100000e+04  6.430000e-02  6.430000e-02  6.329313e+07  6.027925e+07  1.713780e+17  5.864746e+18  6.579752e+03
536  1.100000e+04  6.430000e-02  6.430000e-02  6.027925e+07  5.726536e+07  1.748849e+17  6.211686e+18  6.576905e+03
537  1.100000e+04  6.430000e-02  6.430000e-02  5.726536e+07  5.425145e+07  1.784831e+17  6.720143e+18  6.571245e+03
538  1.100000e+04  6.430000e-02  6.430000e-02  5.425145e+07  5.123754e+07  1.821238e+17  7.303900e+18  6.564273e+03
539  1.100000e+04  6.430000e-02  6.430000e-02  5.123754e+07  4.822362e+07  1.857646e+17  7.887659e+18  6.557302e+03
540  1.100000e+04  6.430000e-02  6.430000e-02  4.822362e+07  4.520968e+07  1.894054e+17  8.471420e+18  6.550330e+03
541  1.100000e+04  6.430000e-02  6.430000e-02  4.520968e+07  4.219574e+07  1.930461e+17  9.055182e+18  6.543358e+03
542  1.100000e+04  6.430000e-02  6.430000e-02  4.219574e+07  3.918179e+07  1.966869e+17  9.638946e+18  6.536387e+03
543  1.100000e+04  6.430000e-02  6.430000e-02  3.918179e+07  3.616784e+07  2.001490e+17  1.028708e+19  6.527606e+03
544  1.100000e+04  6.430000e-02  6.430000e-02  3.616784e+07  3.315388e+07  2.030037e+17  1.115397e+19  6.512678e+03
545  1.100000e+04  6.430000e-02  6.430000e-02  3.315388e+07  3.013991e+07  2.058584e+17  1.202086e+19  6.497749e+03
546  1.100000e+04  6.430000e-02  6.430000e-02  3.013991e+07  2.712593e+07  2.087132e+17  1.288776e+19  6.482821e+03
547  1.100000e+04  6.430000e-02  6.430000e-02  2.712593e+07  2.411195e+07  2.102375e+17  1.387752e+19  6.464750e+03
548  1.100000e+04  6.430000e-02  6.430000e-02  2.411195e+07  2.109797e+07  2.098403e+17  1.504474e+19  6.442139e+03
549  1.100000e+04  6.430000e-02  6.430000e-02  2.109797e+07  1.808398e+07  2.094431e+17  1.621195e+19  6.419528e+03
550  1.100000e+04  6.430000e-02  6.430000e-02  1.808398e+07  1.506999e+07  2.087818e+17  1.742774e+19  6.396136e+03
551  1.100000e+04  6.430000e-02  6.430000e-02  1.506999e+07  1.205599e+07  2.064485e+17  1.895106e+19  6.367803e+03
552  1.100000e+04  6.430000e-02  6.430000e-02  1.205599e+07  9.041997e+06  2.041151e+17  2.047440e+19  6.339470e+03
553  1.100000e+04  6.430000e-02  6.430000e-02  9.041997e+06  6.027999e+06  2.014897e+17  2.205586e+19  6.310345e+03
554  1.100000e+04  6.430000e-02  6.430000e-02  6.027999e+06  3.014000e+06  1.970138e+17  2.400552e+19  6.276207e+03
555  1.100000e+04  6.430000e-02  6.430000e-02  3.014000e+06  8.544793e-07  1.925379e+17  2.595517e+19  6.242069e+03

[GHOSTS]
# tag      B_T          phi_g_Jpkg   ne_im3       nn_im3       T_K          T_e_factor
outer_0  6.430000e-02  8.544793e-07  1.925379e+17  2.595517e+19  6.242069e+03  1.000
outer_1  6.430000e-02  8.544793e-07  1.925379e+17  2.595517e+19  6.242069e+03  1.000
inner_0  6.430000e-02  0.000000e+00  1.925379e+17  2.595517e+19  6.242069e+03  1.000
inner_1  6.430000e-02  0.000000e+00  1.925379e+17  2.595517e+19  6.242069e+03  1.000
