# full-loop .dat — generated by util/make_loop_dat.py
# topology=full, half-length=64.0 Mm, apex_T=2.00 MK, footpoint |B|=643.0 G (uniform)
# chromosphere: Model C7 (two-fluid); TR+corona: hydrostatic, fully ionized (single-fluid via F_SLAVE)
# Units: SI (m, T, K, m^-3, J/kg)

[META]
ns=676
g_si=274.0
B_outer_T=6.430000e-02
phi_g_offset_Jpkg=0.0
topology=full
loop_half_length_m=6.400000e+07

[CELLS]
# i  ds_m         B_imh_T      B_iph_T      phi_g_imh    phi_g_iph    ne_im3       nn_im3       T_K
0  1.100000e+04  6.430000e-02  6.430000e-02  0.000000e+00  3.014000e+06  1.925379e+17  2.595517e+19  6.242069e+03
1  1.100000e+04  6.430000e-02  6.430000e-02  3.014000e+06  6.028000e+06  1.970138e+17  2.400552e+19  6.276207e+03
2  1.100000e+04  6.430000e-02  6.430000e-02  6.028000e+06  9.041999e+06  2.014897e+17  2.205586e+19  6.310345e+03
3  1.100000e+04  6.430000e-02  6.430000e-02  9.041999e+06  1.205600e+07  2.041152e+17  2.047439e+19  6.339470e+03
4  1.100000e+04  6.430000e-02  6.430000e-02  1.205600e+07  1.507000e+07  2.064485e+17  1.895106e+19  6.367803e+03
5  1.100000e+04  6.430000e-02  6.430000e-02  1.507000e+07  1.808399e+07  2.087818e+17  1.742773e+19  6.396136e+03
6  1.100000e+04  6.430000e-02  6.430000e-02  1.808399e+07  2.109799e+07  2.094431e+17  1.621195e+19  6.419528e+03
7  1.100000e+04  6.430000e-02  6.430000e-02  2.109799e+07  2.411198e+07  2.098403e+17  1.504473e+19  6.442139e+03
8  1.100000e+04  6.430000e-02  6.430000e-02  2.411198e+07  2.712597e+07  2.102375e+17  1.387751e+19  6.464750e+03
9  1.100000e+04  6.430000e-02  6.430000e-02  2.712597e+07  3.013996e+07  2.087131e+17  1.288775e+19  6.482821e+03
10  1.100000e+04  6.430000e-02  6.430000e-02  3.013996e+07  3.315395e+07  2.058584e+17  1.202085e+19  6.497750e+03
11  1.100000e+04  6.430000e-02  6.430000e-02  3.315395e+07  3.616794e+07  2.030036e+17  1.115394e+19  6.512678e+03
12  1.100000e+04  6.430000e-02  6.430000e-02  3.616794e+07  3.918192e+07  2.001489e+17  1.028704e+19  6.527607e+03
13  1.100000e+04  6.430000e-02  6.430000e-02  3.918192e+07  4.219590e+07  1.966867e+17  9.638919e+18  6.536387e+03
14  1.100000e+04  6.430000e-02  6.430000e-02  4.219590e+07  4.520988e+07  1.930459e+17  9.055148e+18  6.543359e+03
15  1.100000e+04  6.430000e-02  6.430000e-02  4.520988e+07  4.822385e+07  1.894051e+17  8.471379e+18  6.550331e+03
16  1.100000e+04  6.430000e-02  6.430000e-02  4.822385e+07  5.123782e+07  1.857643e+17  7.887609e+18  6.557302e+03
17  1.100000e+04  6.430000e-02  6.430000e-02  5.123782e+07  5.425179e+07  1.821235e+17  7.303841e+18  6.564274e+03
18  1.100000e+04  6.430000e-02  6.430000e-02  5.425179e+07  5.726575e+07  1.784827e+17  6.720073e+18  6.571246e+03
19  1.100000e+04  6.430000e-02  6.430000e-02  5.726575e+07  6.027971e+07  1.748844e+17  6.211637e+18  6.576906e+03
20  1.100000e+04  6.430000e-02  6.430000e-02  6.027971e+07  6.329366e+07  1.713774e+17  5.864689e+18  6.579753e+03
21  1.100000e+04  6.430000e-02  6.430000e-02  6.329366e+07  6.630761e+07  1.678704e+17  5.517742e+18  6.582600e+03
22  1.100000e+04  6.430000e-02  6.430000e-02  6.630761e+07  6.932155e+07  1.643634e+17  5.170795e+18  6.585447e+03
23  1.100000e+04  6.430000e-02  6.430000e-02  6.932155e+07  7.233549e+07  1.608564e+17  4.823849e+18  6.588294e+03
24  1.100000e+04  6.430000e-02  6.430000e-02  7.233549e+07  7.534943e+07  1.573495e+17  4.476903e+18  6.591141e+03
25  1.100000e+04  6.430000e-02  6.430000e-02  7.534943e+07  7.836336e+07  1.538425e+17  4.129958e+18  6.593988e+03
26  1.100000e+04  6.430000e-02  6.430000e-02  7.836336e+07  8.137728e+07  1.503355e+17  3.783014e+18  6.596835e+03
27  1.100000e+04  6.430000e-02  6.430000e-02  8.137728e+07  8.439120e+07  1.485653e+17  3.525428e+18  6.598788e+03
28  1.100000e+04  6.430000e-02  6.430000e-02  8.439120e+07  8.740511e+07  1.479986e+17  3.329767e+18  6.600121e+03
29  1.100000e+04  6.430000e-02  6.430000e-02  8.740511e+07  9.041901e+07  1.474320e+17  3.134106e+18  6.601454e+03
30  1.100000e+04  6.430000e-02  6.430000e-02  9.041901e+07  9.343291e+07  1.468653e+17  2.938446e+18  6.602787e+03
31  1.100000e+04  6.430000e-02  6.430000e-02  9.343291e+07  9.644680e+07  1.462987e+17  2.742786e+18  6.604121e+03
32  1.100000e+04  6.430000e-02  6.430000e-02  9.644680e+07  9.946068e+07  1.457321e+17  2.547127e+18  6.605454e+03
33  1.100000e+04  6.430000e-02  6.430000e-02  9.946068e+07  1.024746e+08  1.451654e+17  2.351468e+18  6.606787e+03
34  1.100000e+04  6.430000e-02  6.430000e-02  1.024746e+08  1.054884e+08  1.445988e+17  2.155810e+18  6.608121e+03
35  1.100000e+04  6.430000e-02  6.430000e-02  1.054884e+08  1.085023e+08  1.440321e+17  1.960152e+18  6.609454e+03
36  1.100000e+04  6.430000e-02  6.430000e-02  1.085023e+08  1.115161e+08  1.437202e+17  1.822282e+18  6.610692e+03
37  1.100000e+04  6.430000e-02  6.430000e-02  1.115161e+08  1.145300e+08  1.435849e+17  1.724513e+18  6.611864e+03
38  1.100000e+04  6.430000e-02  6.430000e-02  1.145300e+08  1.175438e+08  1.434497e+17  1.626745e+18  6.613036e+03
39  1.100000e+04  6.430000e-02  6.430000e-02  1.175438e+08  1.205577e+08  1.433144e+17  1.528976e+18  6.614208e+03
40  1.100000e+04  6.430000e-02  6.430000e-02  1.205577e+08  1.235715e+08  1.431792e+17  1.431208e+18  6.615380e+03
41  1.100000e+04  6.430000e-02  6.430000e-02  1.235715e+08  1.265853e+08  1.430440e+17  1.333441e+18  6.616552e+03
42  1.100000e+04  6.430000e-02  6.430000e-02  1.265853e+08  1.295991e+08  1.429087e+17  1.235673e+18  6.617724e+03
43  1.100000e+04  6.430000e-02  6.430000e-02  1.295991e+08  1.326129e+08  1.427735e+17  1.137906e+18  6.618896e+03
44  1.100000e+04  6.430000e-02  6.430000e-02  1.326129e+08  1.356267e+08  1.426383e+17  1.040139e+18  6.620068e+03
45  1.100000e+04  6.430000e-02  6.430000e-02  1.356267e+08  1.386404e+08  1.425030e+17  9.423725e+17  6.621240e+03
46  1.100000e+04  6.430000e-02  6.430000e-02  1.386404e+08  1.416542e+08  1.423678e+17  8.446063e+17  6.622413e+03
47  1.100000e+04  6.430000e-02  6.430000e-02  1.416542e+08  1.446680e+08  1.414178e+17  7.732953e+17  6.623566e+03
48  1.100000e+04  6.430000e-02  6.430000e-02  1.446680e+08  1.476817e+08  1.396488e+17  7.285733e+17  6.624699e+03
49  1.100000e+04  6.430000e-02  6.430000e-02  1.476817e+08  1.506954e+08  1.378799e+17  6.838515e+17  6.625833e+03
50  1.100000e+04  6.430000e-02  6.430000e-02  1.506954e+08  1.537091e+08  1.361110e+17  6.391298e+17  6.626967e+03
51  1.100000e+04  6.430000e-02  6.430000e-02  1.537091e+08  1.567229e+08  1.343421e+17  5.944082e+17  6.628101e+03
52  1.100000e+04  6.430000e-02  6.430000e-02  1.567229e+08  1.597365e+08  1.325732e+17  5.496869e+17  6.629235e+03
53  1.100000e+04  6.430000e-02  6.430000e-02  1.597365e+08  1.627502e+08  1.308043e+17  5.049657e+17  6.630369e+03
54  1.100000e+04  6.430000e-02  6.430000e-02  1.627502e+08  1.657639e+08  1.290354e+17  4.602447e+17  6.631503e+03
55  1.100000e+04  6.430000e-02  6.430000e-02  1.657639e+08  1.687776e+08  1.272666e+17  4.155238e+17  6.632637e+03
56  1.100000e+04  6.430000e-02  6.430000e-02  1.687776e+08  1.717912e+08  1.249912e+17  3.862767e+17  6.633712e+03
57  1.100000e+04  6.430000e-02  6.430000e-02  1.717912e+08  1.748049e+08  1.224772e+17  3.643212e+17  6.634759e+03
58  1.100000e+04  6.430000e-02  6.430000e-02  1.748049e+08  1.778185e+08  1.199633e+17  3.423658e+17  6.635807e+03
59  1.100000e+04  6.430000e-02  6.430000e-02  1.778185e+08  1.808321e+08  1.174493e+17  3.204105e+17  6.636854e+03
60  1.100000e+04  6.430000e-02  6.430000e-02  1.808321e+08  1.838457e+08  1.149353e+17  2.984553e+17  6.637902e+03
61  1.100000e+04  6.430000e-02  6.430000e-02  1.838457e+08  1.868593e+08  1.124214e+17  2.765001e+17  6.638949e+03
62  1.100000e+04  6.430000e-02  6.430000e-02  1.868593e+08  1.898728e+08  1.099075e+17  2.545451e+17  6.639997e+03
63  1.100000e+04  6.430000e-02  6.430000e-02  1.898728e+08  1.928864e+08  1.073935e+17  2.325902e+17  6.641044e+03
64  1.100000e+04  6.430000e-02  6.430000e-02  1.928864e+08  1.958999e+08  1.048796e+17  2.106354e+17  6.642092e+03
65  1.100000e+04  6.430000e-02  6.430000e-02  1.958999e+08  1.989135e+08  1.023566e+17  1.902096e+17  6.643134e+03
66  1.100000e+04  6.430000e-02  6.430000e-02  1.989135e+08  2.019270e+08  9.977428e+16  1.797534e+17  6.644144e+03
67  1.100000e+04  6.430000e-02  6.430000e-02  2.019270e+08  2.049405e+08  9.719195e+16  1.692973e+17  6.645154e+03
68  1.100000e+04  6.430000e-02  6.430000e-02  2.049405e+08  2.079540e+08  9.460963e+16  1.588412e+17  6.646164e+03
69  1.100000e+04  6.430000e-02  6.430000e-02  2.079540e+08  2.109674e+08  9.202732e+16  1.483851e+17  6.647174e+03
70  1.100000e+04  6.430000e-02  6.430000e-02  2.109674e+08  2.139809e+08  8.944502e+16  1.379292e+17  6.648184e+03
71  1.100000e+04  6.430000e-02  6.430000e-02  2.139809e+08  2.169943e+08  8.686274e+16  1.274732e+17  6.649194e+03
72  1.100000e+04  6.430000e-02  6.430000e-02  2.169943e+08  2.200078e+08  8.428048e+16  1.170173e+17  6.650205e+03
73  1.100000e+04  6.430000e-02  6.430000e-02  2.200078e+08  2.230212e+08  8.169822e+16  1.065615e+17  6.651215e+03
74  1.100000e+04  6.430000e-02  6.430000e-02  2.230212e+08  2.260346e+08  7.918817e+16  9.716204e+16  6.652264e+03
75  1.100000e+04  6.430000e-02  6.430000e-02  2.260346e+08  2.290479e+08  7.693066e+16  9.145807e+16  6.653453e+03
76  1.100000e+04  6.430000e-02  6.430000e-02  2.290479e+08  2.320613e+08  7.467316e+16  8.575414e+16  6.654642e+03
77  1.100000e+04  6.430000e-02  6.430000e-02  2.320613e+08  2.350746e+08  7.241567e+16  8.005023e+16  6.655831e+03
78  1.100000e+04  6.430000e-02  6.430000e-02  2.350746e+08  2.380879e+08  7.015820e+16  7.434636e+16  6.657020e+03
79  1.100000e+04  6.430000e-02  6.430000e-02  2.380879e+08  2.411013e+08  6.790074e+16  6.864253e+16  6.658209e+03
80  1.100000e+04  6.430000e-02  6.430000e-02  2.411013e+08  2.441145e+08  6.564330e+16  6.293872e+16  6.659398e+03
81  1.100000e+04  6.430000e-02  6.430000e-02  2.441145e+08  2.471278e+08  6.353555e+16  5.834446e+16  6.660731e+03
82  1.100000e+04  6.430000e-02  6.430000e-02  2.471278e+08  2.501411e+08  6.158141e+16  5.488877e+16  6.662211e+03
83  1.100000e+04  6.430000e-02  6.430000e-02  2.501411e+08  2.531543e+08  5.962729e+16  5.143310e+16  6.663691e+03
84  1.100000e+04  6.430000e-02  6.430000e-02  2.531543e+08  2.561675e+08  5.767317e+16  4.797745e+16  6.665172e+03
85  1.100000e+04  6.430000e-02  6.430000e-02  2.561675e+08  2.591807e+08  5.571907e+16  4.452182e+16  6.666652e+03
86  1.100000e+04  6.430000e-02  6.430000e-02  2.591807e+08  2.621939e+08  5.389036e+16  4.190207e+16  6.668370e+03
87  1.100000e+04  6.430000e-02  6.430000e-02  2.621939e+08  2.652070e+08  5.210015e+16  3.953900e+16  6.670160e+03
88  1.100000e+04  6.430000e-02  6.430000e-02  2.652070e+08  2.682202e+08  5.030996e+16  3.717595e+16  6.671950e+03
89  1.100000e+04  6.430000e-02  6.430000e-02  2.682202e+08  2.712333e+08  4.851978e+16  3.481291e+16  6.673740e+03
90  1.100000e+04  6.430000e-02  6.430000e-02  2.712333e+08  2.742464e+08  4.595626e+16  4.595626e+13  9.389467e+03
91  1.100000e+04  6.430000e-02  6.430000e-02  2.742464e+08  2.772595e+08  2.199349e+16  2.199349e+13  1.943629e+04
92  1.100000e+04  6.430000e-02  6.430000e-02  2.772595e+08  2.802725e+08  1.155308e+16  1.155308e+13  3.681771e+04
93  1.100000e+04  6.430000e-02  6.430000e-02  2.802725e+08  2.832856e+08  6.906645e+15  6.906645e+12  6.140399e+04
94  1.100000e+04  6.430000e-02  6.430000e-02  2.832856e+08  2.862986e+08  4.550654e+15  4.550654e+12  9.301173e+04
95  1.100000e+04  6.430000e-02  6.430000e-02  2.862986e+08  2.893116e+08  3.216592e+15  3.216592e+12  1.314051e+05
96  1.100000e+04  6.430000e-02  6.430000e-02  2.893116e+08  2.923246e+08  2.395034e+15  2.395034e+12  1.762979e+05
97  1.100000e+04  6.430000e-02  6.430000e-02  2.923246e+08  2.953375e+08  1.855689e+15  1.855689e+12  2.273552e+05
98  1.100000e+04  6.430000e-02  6.430000e-02  2.953375e+08  2.983505e+08  1.483586e+15  1.483586e+12  2.841964e+05
99  1.100000e+04  6.430000e-02  6.430000e-02  2.983505e+08  3.013634e+08  1.216543e+15  1.216543e+12  3.463976e+05
100  1.100000e+04  6.430000e-02  6.430000e-02  3.013634e+08  3.043763e+08  1.018686e+15  1.018686e+12  4.134951e+05
101  1.100000e+04  6.430000e-02  6.430000e-02  3.043763e+08  3.073891e+08  8.681920e+14  8.681920e+11  4.849886e+05
102  1.100000e+04  6.430000e-02  6.430000e-02  3.073891e+08  3.104020e+08  7.511908e+14  7.511908e+11  5.603452e+05
103  1.100000e+04  6.430000e-02  6.430000e-02  3.104020e+08  3.134148e+08  6.585351e+14  6.585351e+11  6.390030e+05
104  1.100000e+04  6.430000e-02  6.430000e-02  3.134148e+08  3.164276e+08  5.839998e+14  5.839998e+11  7.203758e+05
105  1.100000e+04  6.430000e-02  6.430000e-02  3.164276e+08  3.194404e+08  5.232322e+14  5.232322e+11  8.038570e+05
106  1.100000e+04  6.430000e-02  6.430000e-02  3.194404e+08  3.224531e+08  4.731166e+14  4.731166e+11  8.888242e+05
107  1.100000e+04  6.430000e-02  6.430000e-02  3.224531e+08  3.254659e+08  4.313766e+14  4.313766e+11  9.746443e+05
108  1.100000e+04  6.430000e-02  6.430000e-02  3.254659e+08  3.284786e+08  3.963188e+14  3.963188e+11  1.060678e+06
109  1.100000e+04  6.430000e-02  6.430000e-02  3.284786e+08  3.314913e+08  3.666630e+14  3.666630e+11  1.146283e+06
110  1.100000e+04  6.430000e-02  6.430000e-02  3.314913e+08  3.345039e+08  3.414281e+14  3.414281e+11  1.230822e+06
111  1.100000e+04  6.430000e-02  6.430000e-02  3.345039e+08  3.375166e+08  3.198523e+14  3.198523e+11  1.313665e+06
112  1.100000e+04  6.430000e-02  6.430000e-02  3.375166e+08  3.405292e+08  3.013379e+14  3.013379e+11  1.394195e+06
113  1.100000e+04  6.430000e-02  6.430000e-02  3.405292e+08  3.435418e+08  2.854114e+14  2.854114e+11  1.471811e+06
114  1.100000e+04  6.430000e-02  6.430000e-02  3.435418e+08  3.465543e+08  2.716944e+14  2.716944e+11  1.545936e+06
115  1.100000e+04  6.430000e-02  6.430000e-02  3.465543e+08  3.495669e+08  2.598827e+14  2.598827e+11  1.616016e+06
116  1.100000e+04  6.430000e-02  6.430000e-02  3.495669e+08  3.525794e+08  2.497303e+14  2.497303e+11  1.681530e+06
117  1.100000e+04  6.430000e-02  6.430000e-02  3.525794e+08  3.555918e+08  2.410376e+14  2.410376e+11  1.741990e+06
118  1.100000e+04  6.430000e-02  6.430000e-02  3.555918e+08  3.586043e+08  2.336424e+14  2.336424e+11  1.796945e+06
119  1.100000e+04  6.430000e-02  6.430000e-02  3.586043e+08  3.616167e+08  2.274129e+14  2.274129e+11  1.845986e+06
120  1.100000e+04  6.430000e-02  6.430000e-02  3.616167e+08  3.646291e+08  2.222428e+14  2.222428e+11  1.888748e+06
121  1.100000e+04  6.430000e-02  6.430000e-02  3.646291e+08  3.676415e+08  2.180468e+14  2.180468e+11  1.924911e+06
122  1.100000e+04  6.430000e-02  6.430000e-02  3.676415e+08  3.706539e+08  2.147579e+14  2.147579e+11  1.954208e+06
123  1.100000e+04  6.430000e-02  6.430000e-02  3.706539e+08  3.736662e+08  2.123248e+14  2.123248e+11  1.976419e+06
124  1.100000e+04  6.430000e-02  6.430000e-02  3.736662e+08  3.766785e+08  2.107103e+14  2.107103e+11  1.991380e+06
125  1.100000e+04  6.430000e-02  6.430000e-02  3.766785e+08  3.796908e+08  2.098902e+14  2.098902e+11  1.998979e+06
126  1.100000e+04  6.430000e-02  6.430000e-02  3.796908e+08  3.827030e+08  2.097639e+14  2.097639e+11  2.000000e+06
127  1.100000e+04  6.430000e-02  6.430000e-02  3.827030e+08  3.857152e+08  2.097447e+14  2.097447e+11  2.000000e+06
128  1.100000e+04  6.430000e-02  6.430000e-02  3.857152e+08  3.887274e+08  2.097256e+14  2.097256e+11  2.000000e+06
129  1.100000e+04  6.430000e-02  6.430000e-02  3.887274e+08  3.917396e+08  2.097065e+14  2.097065e+11  2.000000e+06
130  1.100000e+04  6.430000e-02  6.430000e-02  3.917396e+08  3.947517e+08  2.096873e+14  2.096873e+11  2.000000e+06
131  1.100000e+04  6.430000e-02  6.430000e-02  3.947517e+08  3.977638e+08  2.096682e+14  2.096682e+11  2.000000e+06
132  1.100000e+04  6.430000e-02  6.430000e-02  3.977638e+08  4.007759e+08  2.096491e+14  2.096491e+11  2.000000e+06
133  1.100000e+04  6.430000e-02  6.430000e-02  4.007759e+08  4.037879e+08  2.096300e+14  2.096300e+11  2.000000e+06
134  1.100000e+04  6.430000e-02  6.430000e-02  4.037879e+08  4.067999e+08  2.096108e+14  2.096108e+11  2.000000e+06
135  1.100000e+04  6.430000e-02  6.430000e-02  4.067999e+08  4.098119e+08  2.095917e+14  2.095917e+11  2.000000e+06
136  1.100000e+04  6.430000e-02  6.430000e-02  4.098119e+08  4.128239e+08  2.095726e+14  2.095726e+11  2.000000e+06
137  1.166000e+04  6.430000e-02  6.430000e-02  4.128239e+08  4.160165e+08  2.095529e+14  2.095529e+11  2.000000e+06
138  1.235960e+04  6.430000e-02  6.430000e-02  4.160165e+08  4.194007e+08  2.095320e+14  2.095320e+11  2.000000e+06
139  1.310118e+04  6.430000e-02  6.430000e-02  4.194007e+08  4.229878e+08  2.095099e+14  2.095099e+11  2.000000e+06
140  1.388725e+04  6.430000e-02  6.430000e-02  4.229878e+08  4.267902e+08  2.094865e+14  2.094865e+11  2.000000e+06
141  1.472048e+04  6.430000e-02  6.430000e-02  4.267902e+08  4.308206e+08  2.094616e+14  2.094616e+11  2.000000e+06
142  1.560371e+04  6.430000e-02  6.430000e-02  4.308206e+08  4.350928e+08  2.094353e+14  2.094353e+11  2.000000e+06
143  1.653993e+04  6.430000e-02  6.430000e-02  4.350928e+08  4.396213e+08  2.094074e+14  2.094074e+11  2.000000e+06
144  1.753233e+04  6.430000e-02  6.430000e-02  4.396213e+08  4.444214e+08  2.093778e+14  2.093778e+11  2.000000e+06
145  1.858427e+04  6.430000e-02  6.430000e-02  4.444214e+08  4.495094e+08  2.093465e+14  2.093465e+11  2.000000e+06
146  1.969932e+04  6.430000e-02  6.430000e-02  4.495094e+08  4.549025e+08  2.093132e+14  2.093132e+11  2.000000e+06
147  2.088128e+04  6.430000e-02  6.430000e-02  4.549025e+08  4.606192e+08  2.092780e+14  2.092780e+11  2.000000e+06
148  2.213416e+04  6.430000e-02  6.430000e-02  4.606192e+08  4.666787e+08  2.092407e+14  2.092407e+11  2.000000e+06
149  2.346221e+04  6.430000e-02  6.430000e-02  4.666787e+08  4.731017e+08  2.092012e+14  2.092012e+11  2.000000e+06
150  2.486994e+04  6.430000e-02  6.430000e-02  4.731017e+08  4.799098e+08  2.091593e+14  2.091593e+11  2.000000e+06
151  2.636214e+04  6.430000e-02  6.430000e-02  4.799098e+08  4.871263e+08  2.091148e+14  2.091148e+11  2.000000e+06
152  2.794387e+04  6.430000e-02  6.430000e-02  4.871263e+08  4.947755e+08  2.090678e+14  2.090678e+11  2.000000e+06
153  2.962050e+04  6.430000e-02  6.430000e-02  4.947755e+08  5.028834e+08  2.090179e+14  2.090179e+11  2.000000e+06
154  3.139773e+04  6.430000e-02  6.430000e-02  5.028834e+08  5.114775e+08  2.089650e+14  2.089650e+11  2.000000e+06
155  3.328159e+04  6.430000e-02  6.430000e-02  5.114775e+08  5.205869e+08  2.089090e+14  2.089090e+11  2.000000e+06
156  3.527849e+04  6.430000e-02  6.430000e-02  5.205869e+08  5.302425e+08  2.088497e+14  2.088497e+11  2.000000e+06
157  3.739520e+04  6.430000e-02  6.430000e-02  5.302425e+08  5.404770e+08  2.087868e+14  2.087868e+11  2.000000e+06
158  3.963891e+04  6.430000e-02  6.430000e-02  5.404770e+08  5.513251e+08  2.087201e+14  2.087201e+11  2.000000e+06
159  4.201725e+04  6.430000e-02  6.430000e-02  5.513251e+08  5.628235e+08  2.086495e+14  2.086495e+11  2.000000e+06
160  4.453828e+04  6.430000e-02  6.430000e-02  5.628235e+08  5.750111e+08  2.085747e+14  2.085747e+11  2.000000e+06
161  4.721058e+04  6.430000e-02  6.430000e-02  5.750111e+08  5.879292e+08  2.084954e+14  2.084954e+11  2.000000e+06
162  5.004321e+04  6.430000e-02  6.430000e-02  5.879292e+08  6.016216e+08  2.084114e+14  2.084114e+11  2.000000e+06
163  5.304581e+04  6.430000e-02  6.430000e-02  6.016216e+08  6.161345e+08  2.083224e+14  2.083224e+11  2.000000e+06
164  5.622855e+04  6.430000e-02  6.430000e-02  6.161345e+08  6.315171e+08  2.082281e+14  2.082281e+11  2.000000e+06
165  5.960227e+04  6.430000e-02  6.430000e-02  6.315171e+08  6.478212e+08  2.081282e+14  2.081282e+11  2.000000e+06
166  6.317840e+04  6.430000e-02  6.430000e-02  6.478212e+08  6.651022e+08  2.080224e+14  2.080224e+11  2.000000e+06
167  6.696911e+04  6.430000e-02  6.430000e-02  6.651022e+08  6.834182e+08  2.079103e+14  2.079103e+11  2.000000e+06
168  7.098725e+04  6.430000e-02  6.430000e-02  6.834182e+08  7.028312e+08  2.077916e+14  2.077916e+11  2.000000e+06
169  7.524649e+04  6.430000e-02  6.430000e-02  7.028312e+08  7.234066e+08  2.076658e+14  2.076658e+11  2.000000e+06
170  7.976128e+04  6.430000e-02  6.430000e-02  7.234066e+08  7.452139e+08  2.075325e+14  2.075325e+11  2.000000e+06
171  8.454695e+04  6.430000e-02  6.430000e-02  7.452139e+08  7.683264e+08  2.073914e+14  2.073914e+11  2.000000e+06
172  8.961977e+04  6.430000e-02  6.430000e-02  7.683264e+08  7.928222e+08  2.072420e+14  2.072420e+11  2.000000e+06
173  9.499696e+04  6.430000e-02  6.430000e-02  7.928222e+08  8.187834e+08  2.070837e+14  2.070837e+11  2.000000e+06
174  1.006968e+05  6.430000e-02  6.430000e-02  8.187834e+08  8.462975e+08  2.069161e+14  2.069161e+11  2.000000e+06
175  1.067386e+05  6.430000e-02  6.430000e-02  8.462975e+08  8.754568e+08  2.067386e+14  2.067386e+11  2.000000e+06
176  1.131429e+05  6.430000e-02  6.430000e-02  8.754568e+08  9.063591e+08  2.065506e+14  2.065506e+11  2.000000e+06
177  1.199315e+05  6.430000e-02  6.430000e-02  9.063591e+08  9.391078e+08  2.063517e+14  2.063517e+11  2.000000e+06
178  1.271274e+05  6.430000e-02  6.430000e-02  9.391078e+08  9.738126e+08  2.061410e+14  2.061410e+11  2.000000e+06
179  1.347550e+05  6.430000e-02  6.430000e-02  9.738126e+08  1.010589e+09  2.059180e+14  2.059180e+11  2.000000e+06
180  1.428403e+05  6.430000e-02  6.430000e-02  1.010589e+09  1.049561e+09  2.056820e+14  2.056820e+11  2.000000e+06
181  1.514107e+05  6.430000e-02  6.430000e-02  1.049561e+09  1.090856e+09  2.054322e+14  2.054322e+11  2.000000e+06
182  1.604954e+05  6.430000e-02  6.430000e-02  1.090856e+09  1.134613e+09  2.051678e+14  2.051678e+11  2.000000e+06
183  1.701251e+05  6.430000e-02  6.430000e-02  1.134613e+09  1.180976e+09  2.048881e+14  2.048881e+11  2.000000e+06
184  1.803326e+05  6.430000e-02  6.430000e-02  1.180976e+09  1.230098e+09  2.045921e+14  2.045921e+11  2.000000e+06
185  1.911525e+05  6.430000e-02  6.430000e-02  1.230098e+09  1.282141e+09  2.042790e+14  2.042790e+11  2.000000e+06
186  2.026217e+05  6.430000e-02  6.430000e-02  1.282141e+09  1.337276e+09  2.039478e+14  2.039478e+11  2.000000e+06
187  2.147790e+05  6.430000e-02  6.430000e-02  1.337276e+09  1.395683e+09  2.035975e+14  2.035975e+11  2.000000e+06
188  2.276657e+05  6.430000e-02  6.430000e-02  1.395683e+09  1.457552e+09  2.032271e+14  2.032271e+11  2.000000e+06
189  2.413257e+05  6.430000e-02  6.430000e-02  1.457552e+09  1.523083e+09  2.028356e+14  2.028356e+11  2.000000e+06
190  2.558052e+05  6.430000e-02  6.430000e-02  1.523083e+09  1.592488e+09  2.024217e+14  2.024217e+11  2.000000e+06
191  2.711535e+05  6.430000e-02  6.430000e-02  1.592488e+09  1.665988e+09  2.019843e+14  2.019843e+11  2.000000e+06
192  2.874227e+05  6.430000e-02  6.430000e-02  1.665988e+09  1.743818e+09  2.015222e+14  2.015222e+11  2.000000e+06
193  3.046681e+05  6.430000e-02  6.430000e-02  1.743818e+09  1.826223e+09  2.010341e+14  2.010341e+11  2.000000e+06
194  3.229482e+05  6.430000e-02  6.430000e-02  1.826223e+09  1.913460e+09  2.005186e+14  2.005186e+11  2.000000e+06
195  3.423251e+05  6.430000e-02  6.430000e-02  1.913460e+09  2.005801e+09  1.999744e+14  1.999744e+11  2.000000e+06
196  3.628646e+05  6.430000e-02  6.430000e-02  2.005801e+09  2.103527e+09  1.994001e+14  1.994001e+11  2.000000e+06
197  3.846365e+05  6.430000e-02  6.430000e-02  2.103527e+09  2.206934e+09  1.987942e+14  1.987942e+11  2.000000e+06
198  4.000000e+05  6.430000e-02  6.430000e-02  2.206934e+09  2.314263e+09  1.981614e+14  1.981614e+11  2.000000e+06
199  4.000000e+05  6.430000e-02  6.430000e-02  2.314263e+09  2.421369e+09  1.975196e+14  1.975196e+11  2.000000e+06
200  4.000000e+05  6.430000e-02  6.430000e-02  2.421369e+09  2.528242e+09  1.968813e+14  1.968813e+11  2.000000e+06
201  4.000000e+05  6.430000e-02  6.430000e-02  2.528242e+09  2.634871e+09  1.962465e+14  1.962465e+11  2.000000e+06
202  4.000000e+05  6.430000e-02  6.430000e-02  2.634871e+09  2.741245e+09  1.956153e+14  1.956153e+11  2.000000e+06
203  4.000000e+05  6.430000e-02  6.430000e-02  2.741245e+09  2.847356e+09  1.949876e+14  1.949876e+11  2.000000e+06
204  4.000000e+05  6.430000e-02  6.430000e-02  2.847356e+09  2.953192e+09  1.943636e+14  1.943636e+11  2.000000e+06
205  4.000000e+05  6.430000e-02  6.430000e-02  2.953192e+09  3.058744e+09  1.937432e+14  1.937432e+11  2.000000e+06
206  4.000000e+05  6.430000e-02  6.430000e-02  3.058744e+09  3.164001e+09  1.931266e+14  1.931266e+11  2.000000e+06
207  4.000000e+05  6.430000e-02  6.430000e-02  3.164001e+09  3.268953e+09  1.925137e+14  1.925137e+11  2.000000e+06
208  4.000000e+05  6.430000e-02  6.430000e-02  3.268953e+09  3.373590e+09  1.919045e+14  1.919045e+11  2.000000e+06
209  4.000000e+05  6.430000e-02  6.430000e-02  3.373590e+09  3.477901e+09  1.912992e+14  1.912992e+11  2.000000e+06
210  4.000000e+05  6.430000e-02  6.430000e-02  3.477901e+09  3.581878e+09  1.906977e+14  1.906977e+11  2.000000e+06
211  4.000000e+05  6.430000e-02  6.430000e-02  3.581878e+09  3.685509e+09  1.901001e+14  1.901001e+11  2.000000e+06
212  4.000000e+05  6.430000e-02  6.430000e-02  3.685509e+09  3.788785e+09  1.895064e+14  1.895064e+11  2.000000e+06
213  4.000000e+05  6.430000e-02  6.430000e-02  3.788785e+09  3.891696e+09  1.889167e+14  1.889167e+11  2.000000e+06
214  4.000000e+05  6.430000e-02  6.430000e-02  3.891696e+09  3.994232e+09  1.883309e+14  1.883309e+11  2.000000e+06
215  4.000000e+05  6.430000e-02  6.430000e-02  3.994232e+09  4.096382e+09  1.877491e+14  1.877491e+11  2.000000e+06
216  4.000000e+05  6.430000e-02  6.430000e-02  4.096382e+09  4.198138e+09  1.871714e+14  1.871714e+11  2.000000e+06
217  4.000000e+05  6.430000e-02  6.430000e-02  4.198138e+09  4.299490e+09  1.865978e+14  1.865978e+11  2.000000e+06
218  4.000000e+05  6.430000e-02  6.430000e-02  4.299490e+09  4.400426e+09  1.860282e+14  1.860282e+11  2.000000e+06
219  4.000000e+05  6.430000e-02  6.430000e-02  4.400426e+09  4.500939e+09  1.854627e+14  1.854627e+11  2.000000e+06
220  4.000000e+05  6.430000e-02  6.430000e-02  4.500939e+09  4.601018e+09  1.849014e+14  1.849014e+11  2.000000e+06
221  4.000000e+05  6.430000e-02  6.430000e-02  4.601018e+09  4.700654e+09  1.843443e+14  1.843443e+11  2.000000e+06
222  4.000000e+05  6.430000e-02  6.430000e-02  4.700654e+09  4.799836e+09  1.837914e+14  1.837914e+11  2.000000e+06
223  4.000000e+05  6.430000e-02  6.430000e-02  4.799836e+09  4.898556e+09  1.832427e+14  1.832427e+11  2.000000e+06
224  4.000000e+05  6.430000e-02  6.430000e-02  4.898556e+09  4.996804e+09  1.826982e+14  1.826982e+11  2.000000e+06
225  4.000000e+05  6.430000e-02  6.430000e-02  4.996804e+09  5.094570e+09  1.821580e+14  1.821580e+11  2.000000e+06
226  4.000000e+05  6.430000e-02  6.430000e-02  5.094570e+09  5.191845e+09  1.816222e+14  1.816222e+11  2.000000e+06
227  4.000000e+05  6.430000e-02  6.430000e-02  5.191845e+09  5.288620e+09  1.810906e+14  1.810906e+11  2.000000e+06
228  4.000000e+05  6.430000e-02  6.430000e-02  5.288620e+09  5.384885e+09  1.805634e+14  1.805634e+11  2.000000e+06
229  4.000000e+05  6.430000e-02  6.430000e-02  5.384885e+09  5.480631e+09  1.800405e+14  1.800405e+11  2.000000e+06
230  4.000000e+05  6.430000e-02  6.430000e-02  5.480631e+09  5.575849e+09  1.795221e+14  1.795221e+11  2.000000e+06
231  4.000000e+05  6.430000e-02  6.430000e-02  5.575849e+09  5.670529e+09  1.790080e+14  1.790080e+11  2.000000e+06
232  4.000000e+05  6.430000e-02  6.430000e-02  5.670529e+09  5.764663e+09  1.784984e+14  1.784984e+11  2.000000e+06
233  4.000000e+05  6.430000e-02  6.430000e-02  5.764663e+09  5.858241e+09  1.779932e+14  1.779932e+11  2.000000e+06
234  4.000000e+05  6.430000e-02  6.430000e-02  5.858241e+09  5.951254e+09  1.774925e+14  1.774925e+11  2.000000e+06
235  4.000000e+05  6.430000e-02  6.430000e-02  5.951254e+09  6.043694e+09  1.769962e+14  1.769962e+11  2.000000e+06
236  4.000000e+05  6.430000e-02  6.430000e-02  6.043694e+09  6.135552e+09  1.765045e+14  1.765045e+11  2.000000e+06
237  4.000000e+05  6.430000e-02  6.430000e-02  6.135552e+09  6.226818e+09  1.760173e+14  1.760173e+11  2.000000e+06
238  4.000000e+05  6.430000e-02  6.430000e-02  6.226818e+09  6.317484e+09  1.755346e+14  1.755346e+11  2.000000e+06
239  4.000000e+05  6.430000e-02  6.430000e-02  6.317484e+09  6.407541e+09  1.750565e+14  1.750565e+11  2.000000e+06
240  4.000000e+05  6.430000e-02  6.430000e-02  6.407541e+09  6.496980e+09  1.745829e+14  1.745829e+11  2.000000e+06
241  4.000000e+05  6.430000e-02  6.430000e-02  6.496980e+09  6.585794e+09  1.741139e+14  1.741139e+11  2.000000e+06
242  4.000000e+05  6.430000e-02  6.430000e-02  6.585794e+09  6.673972e+09  1.736496e+14  1.736496e+11  2.000000e+06
243  4.000000e+05  6.430000e-02  6.430000e-02  6.673972e+09  6.761508e+09  1.731898e+14  1.731898e+11  2.000000e+06
244  4.000000e+05  6.430000e-02  6.430000e-02  6.761508e+09  6.848391e+09  1.727347e+14  1.727347e+11  2.000000e+06
245  4.000000e+05  6.430000e-02  6.430000e-02  6.848391e+09  6.934615e+09  1.722842e+14  1.722842e+11  2.000000e+06
246  4.000000e+05  6.430000e-02  6.430000e-02  6.934615e+09  7.020170e+09  1.718383e+14  1.718383e+11  2.000000e+06
247  4.000000e+05  6.430000e-02  6.430000e-02  7.020170e+09  7.105048e+09  1.713971e+14  1.713971e+11  2.000000e+06
248  4.000000e+05  6.430000e-02  6.430000e-02  7.105048e+09  7.189242e+09  1.709606e+14  1.709606e+11  2.000000e+06
249  4.000000e+05  6.430000e-02  6.430000e-02  7.189242e+09  7.272743e+09  1.705288e+14  1.705288e+11  2.000000e+06
250  4.000000e+05  6.430000e-02  6.430000e-02  7.272743e+09  7.355543e+09  1.701017e+14  1.701017e+11  2.000000e+06
251  4.000000e+05  6.430000e-02  6.430000e-02  7.355543e+09  7.437634e+09  1.696793e+14  1.696793e+11  2.000000e+06
252  4.000000e+05  6.430000e-02  6.430000e-02  7.437634e+09  7.519008e+09  1.692616e+14  1.692616e+11  2.000000e+06
253  4.000000e+05  6.430000e-02  6.430000e-02  7.519008e+09  7.599657e+09  1.688487e+14  1.688487e+11  2.000000e+06
254  4.000000e+05  6.430000e-02  6.430000e-02  7.599657e+09  7.679574e+09  1.684405e+14  1.684405e+11  2.000000e+06
255  4.000000e+05  6.430000e-02  6.430000e-02  7.679574e+09  7.758751e+09  1.680371e+14  1.680371e+11  2.000000e+06
256  4.000000e+05  6.430000e-02  6.430000e-02  7.758751e+09  7.837180e+09  1.676384e+14  1.676384e+11  2.000000e+06
257  4.000000e+05  6.430000e-02  6.430000e-02  7.837180e+09  7.914853e+09  1.672445e+14  1.672445e+11  2.000000e+06
258  4.000000e+05  6.430000e-02  6.430000e-02  7.914853e+09  7.991764e+09  1.668554e+14  1.668554e+11  2.000000e+06
259  4.000000e+05  6.430000e-02  6.430000e-02  7.991764e+09  8.067904e+09  1.664710e+14  1.664710e+11  2.000000e+06
260  4.000000e+05  6.430000e-02  6.430000e-02  8.067904e+09  8.143267e+09  1.660915e+14  1.660915e+11  2.000000e+06
261  4.000000e+05  6.430000e-02  6.430000e-02  8.143267e+09  8.217845e+09  1.657168e+14  1.657168e+11  2.000000e+06
262  4.000000e+05  6.430000e-02  6.430000e-02  8.217845e+09  8.291631e+09  1.653468e+14  1.653468e+11  2.000000e+06
263  4.000000e+05  6.430000e-02  6.430000e-02  8.291631e+09  8.364618e+09  1.649817e+14  1.649817e+11  2.000000e+06
264  4.000000e+05  6.430000e-02  6.430000e-02  8.364618e+09  8.436798e+09  1.646214e+14  1.646214e+11  2.000000e+06
265  4.000000e+05  6.430000e-02  6.430000e-02  8.436798e+09  8.508166e+09  1.642660e+14  1.642660e+11  2.000000e+06
266  4.000000e+05  6.430000e-02  6.430000e-02  8.508166e+09  8.578713e+09  1.639154e+14  1.639154e+11  2.000000e+06
267  4.000000e+05  6.430000e-02  6.430000e-02  8.578713e+09  8.648434e+09  1.635696e+14  1.635696e+11  2.000000e+06
268  4.000000e+05  6.430000e-02  6.430000e-02  8.648434e+09  8.717321e+09  1.632287e+14  1.632287e+11  2.000000e+06
269  4.000000e+05  6.430000e-02  6.430000e-02  8.717321e+09  8.785368e+09  1.628927e+14  1.628927e+11  2.000000e+06
270  4.000000e+05  6.430000e-02  6.430000e-02  8.785368e+09  8.852568e+09  1.625615e+14  1.625615e+11  2.000000e+06
271  4.000000e+05  6.430000e-02  6.430000e-02  8.852568e+09  8.918914e+09  1.622351e+14  1.622351e+11  2.000000e+06
272  4.000000e+05  6.430000e-02  6.430000e-02  8.918914e+09  8.984402e+09  1.619137e+14  1.619137e+11  2.000000e+06
273  4.000000e+05  6.430000e-02  6.430000e-02  8.984402e+09  9.049023e+09  1.615971e+14  1.615971e+11  2.000000e+06
274  4.000000e+05  6.430000e-02  6.430000e-02  9.049023e+09  9.112772e+09  1.612854e+14  1.612854e+11  2.000000e+06
275  4.000000e+05  6.430000e-02  6.430000e-02  9.112772e+09  9.175643e+09  1.609786e+14  1.609786e+11  2.000000e+06
276  4.000000e+05  6.430000e-02  6.430000e-02  9.175643e+09  9.237629e+09  1.606766e+14  1.606766e+11  2.000000e+06
277  4.000000e+05  6.430000e-02  6.430000e-02  9.237629e+09  9.298725e+09  1.603796e+14  1.603796e+11  2.000000e+06
278  4.000000e+05  6.430000e-02  6.430000e-02  9.298725e+09  9.358925e+09  1.600874e+14  1.600874e+11  2.000000e+06
279  4.000000e+05  6.430000e-02  6.430000e-02  9.358925e+09  9.418223e+09  1.598002e+14  1.598002e+11  2.000000e+06
280  4.000000e+05  6.430000e-02  6.430000e-02  9.418223e+09  9.476613e+09  1.595178e+14  1.595178e+11  2.000000e+06
281  4.000000e+05  6.430000e-02  6.430000e-02  9.476613e+09  9.534089e+09  1.592404e+14  1.592404e+11  2.000000e+06
282  4.000000e+05  6.430000e-02  6.430000e-02  9.534089e+09  9.590647e+09  1.589678e+14  1.589678e+11  2.000000e+06
283  4.000000e+05  6.430000e-02  6.430000e-02  9.590647e+09  9.646281e+09  1.587002e+14  1.587002e+11  2.000000e+06
284  4.000000e+05  6.430000e-02  6.430000e-02  9.646281e+09  9.700984e+09  1.584375e+14  1.584375e+11  2.000000e+06
285  4.000000e+05  6.430000e-02  6.430000e-02  9.700984e+09  9.754753e+09  1.581797e+14  1.581797e+11  2.000000e+06
286  4.000000e+05  6.430000e-02  6.430000e-02  9.754753e+09  9.807581e+09  1.579268e+14  1.579268e+11  2.000000e+06
287  4.000000e+05  6.430000e-02  6.430000e-02  9.807581e+09  9.859465e+09  1.576788e+14  1.576788e+11  2.000000e+06
288  4.000000e+05  6.430000e-02  6.430000e-02  9.859465e+09  9.910398e+09  1.574358e+14  1.574358e+11  2.000000e+06
289  4.000000e+05  6.430000e-02  6.430000e-02  9.910398e+09  9.960375e+09  1.571977e+14  1.571977e+11  2.000000e+06
290  4.000000e+05  6.430000e-02  6.430000e-02  9.960375e+09  1.000939e+10  1.569645e+14  1.569645e+11  2.000000e+06
291  4.000000e+05  6.430000e-02  6.430000e-02  1.000939e+10  1.005745e+10  1.567362e+14  1.567362e+11  2.000000e+06
292  4.000000e+05  6.430000e-02  6.430000e-02  1.005745e+10  1.010453e+10  1.565128e+14  1.565128e+11  2.000000e+06
293  4.000000e+05  6.430000e-02  6.430000e-02  1.010453e+10  1.015064e+10  1.562944e+14  1.562944e+11  2.000000e+06
294  4.000000e+05  6.430000e-02  6.430000e-02  1.015064e+10  1.019577e+10  1.560809e+14  1.560809e+11  2.000000e+06
295  4.000000e+05  6.430000e-02  6.430000e-02  1.019577e+10  1.023992e+10  1.558724e+14  1.558724e+11  2.000000e+06
296  4.000000e+05  6.430000e-02  6.430000e-02  1.023992e+10  1.028308e+10  1.556687e+14  1.556687e+11  2.000000e+06
297  4.000000e+05  6.430000e-02  6.430000e-02  1.028308e+10  1.032525e+10  1.554700e+14  1.554700e+11  2.000000e+06
298  4.000000e+05  6.430000e-02  6.430000e-02  1.032525e+10  1.036643e+10  1.552763e+14  1.552763e+11  2.000000e+06
299  4.000000e+05  6.430000e-02  6.430000e-02  1.036643e+10  1.040660e+10  1.550874e+14  1.550874e+11  2.000000e+06
300  4.000000e+05  6.430000e-02  6.430000e-02  1.040660e+10  1.044578e+10  1.549035e+14  1.549035e+11  2.000000e+06
301  4.000000e+05  6.430000e-02  6.430000e-02  1.044578e+10  1.048394e+10  1.547246e+14  1.547246e+11  2.000000e+06
302  4.000000e+05  6.430000e-02  6.430000e-02  1.048394e+10  1.052110e+10  1.545506e+14  1.545506e+11  2.000000e+06
303  4.000000e+05  6.430000e-02  6.430000e-02  1.052110e+10  1.055724e+10  1.543815e+14  1.543815e+11  2.000000e+06
304  4.000000e+05  6.430000e-02  6.430000e-02  1.055724e+10  1.059237e+10  1.542173e+14  1.542173e+11  2.000000e+06
305  4.000000e+05  6.430000e-02  6.430000e-02  1.059237e+10  1.062647e+10  1.540581e+14  1.540581e+11  2.000000e+06
306  4.000000e+05  6.430000e-02  6.430000e-02  1.062647e+10  1.065955e+10  1.539039e+14  1.539039e+11  2.000000e+06
307  4.000000e+05  6.430000e-02  6.430000e-02  1.065955e+10  1.069160e+10  1.537545e+14  1.537545e+11  2.000000e+06
308  4.000000e+05  6.430000e-02  6.430000e-02  1.069160e+10  1.072262e+10  1.536101e+14  1.536101e+11  2.000000e+06
309  4.000000e+05  6.430000e-02  6.430000e-02  1.072262e+10  1.075261e+10  1.534707e+14  1.534707e+11  2.000000e+06
310  4.000000e+05  6.430000e-02  6.430000e-02  1.075261e+10  1.078156e+10  1.533362e+14  1.533362e+11  2.000000e+06
311  4.000000e+05  6.430000e-02  6.430000e-02  1.078156e+10  1.080948e+10  1.532066e+14  1.532066e+11  2.000000e+06
312  4.000000e+05  6.430000e-02  6.430000e-02  1.080948e+10  1.083635e+10  1.530820e+14  1.530820e+11  2.000000e+06
313  4.000000e+05  6.430000e-02  6.430000e-02  1.083635e+10  1.086217e+10  1.529623e+14  1.529623e+11  2.000000e+06
314  4.000000e+05  6.430000e-02  6.430000e-02  1.086217e+10  1.088695e+10  1.528475e+14  1.528475e+11  2.000000e+06
315  4.000000e+05  6.430000e-02  6.430000e-02  1.088695e+10  1.091068e+10  1.527377e+14  1.527377e+11  2.000000e+06
316  4.000000e+05  6.430000e-02  6.430000e-02  1.091068e+10  1.093336e+10  1.526328e+14  1.526328e+11  2.000000e+06
317  4.000000e+05  6.430000e-02  6.430000e-02  1.093336e+10  1.095499e+10  1.525329e+14  1.525329e+11  2.000000e+06
318  4.000000e+05  6.430000e-02  6.430000e-02  1.095499e+10  1.097555e+10  1.524379e+14  1.524379e+11  2.000000e+06
319  4.000000e+05  6.430000e-02  6.430000e-02  1.097555e+10  1.099507e+10  1.523478e+14  1.523478e+11  2.000000e+06
320  4.000000e+05  6.430000e-02  6.430000e-02  1.099507e+10  1.101352e+10  1.522627e+14  1.522627e+11  2.000000e+06
321  4.000000e+05  6.430000e-02  6.430000e-02  1.101352e+10  1.103091e+10  1.521826e+14  1.521826e+11  2.000000e+06
322  4.000000e+05  6.430000e-02  6.430000e-02  1.103091e+10  1.104723e+10  1.521073e+14  1.521073e+11  2.000000e+06
323  4.000000e+05  6.430000e-02  6.430000e-02  1.104723e+10  1.106250e+10  1.520370e+14  1.520370e+11  2.000000e+06
324  4.000000e+05  6.430000e-02  6.430000e-02  1.106250e+10  1.107669e+10  1.519717e+14  1.519717e+11  2.000000e+06
325  4.000000e+05  6.430000e-02  6.430000e-02  1.107669e+10  1.108982e+10  1.519113e+14  1.519113e+11  2.000000e+06
326  4.000000e+05  6.430000e-02  6.430000e-02  1.108982e+10  1.110188e+10  1.518558e+14  1.518558e+11  2.000000e+06
327  4.000000e+05  6.430000e-02  6.430000e-02  1.110188e+10  1.111287e+10  1.518053e+14  1.518053e+11  2.000000e+06
328  4.000000e+05  6.430000e-02  6.430000e-02  1.111287e+10  1.112278e+10  1.517597e+14  1.517597e+11  2.000000e+06
329  4.000000e+05  6.430000e-02  6.430000e-02  1.112278e+10  1.113163e+10  1.517190e+14  1.517190e+11  2.000000e+06
330  4.000000e+05  6.430000e-02  6.430000e-02  1.113163e+10  1.113940e+10  1.516833e+14  1.516833e+11  2.000000e+06
331  4.000000e+05  6.430000e-02  6.430000e-02  1.113940e+10  1.114610e+10  1.516525e+14  1.516525e+11  2.000000e+06
332  4.000000e+05  6.430000e-02  6.430000e-02  1.114610e+10  1.115173e+10  1.516267e+14  1.516267e+11  2.000000e+06
333  4.000000e+05  6.430000e-02  6.430000e-02  1.115173e+10  1.115628e+10  1.516058e+14  1.516058e+11  2.000000e+06
334  4.000000e+05  6.430000e-02  6.430000e-02  1.115628e+10  1.115975e+10  1.515898e+14  1.515898e+11  2.000000e+06
335  4.000000e+05  6.430000e-02  6.430000e-02  1.115975e+10  1.116215e+10  1.515788e+14  1.515788e+11  2.000000e+06
336  4.000000e+05  6.430000e-02  6.430000e-02  1.116215e+10  1.116348e+10  1.515727e+14  1.515727e+11  2.000000e+06
337  2.920889e+05  6.430000e-02  6.430000e-02  1.116348e+10  1.116376e+10  1.515712e+14  1.515712e+11  2.000000e+06
338  2.920889e+05  6.430000e-02  6.430000e-02  1.116376e+10  1.116348e+10  1.515712e+14  1.515712e+11  2.000000e+06
339  4.000000e+05  6.430000e-02  6.430000e-02  1.116348e+10  1.116215e+10  1.515727e+14  1.515727e+11  2.000000e+06
340  4.000000e+05  6.430000e-02  6.430000e-02  1.116215e+10  1.115975e+10  1.515788e+14  1.515788e+11  2.000000e+06
341  4.000000e+05  6.430000e-02  6.430000e-02  1.115975e+10  1.115628e+10  1.515898e+14  1.515898e+11  2.000000e+06
342  4.000000e+05  6.430000e-02  6.430000e-02  1.115628e+10  1.115173e+10  1.516058e+14  1.516058e+11  2.000000e+06
343  4.000000e+05  6.430000e-02  6.430000e-02  1.115173e+10  1.114610e+10  1.516267e+14  1.516267e+11  2.000000e+06
344  4.000000e+05  6.430000e-02  6.430000e-02  1.114610e+10  1.113940e+10  1.516525e+14  1.516525e+11  2.000000e+06
345  4.000000e+05  6.430000e-02  6.430000e-02  1.113940e+10  1.113163e+10  1.516833e+14  1.516833e+11  2.000000e+06
346  4.000000e+05  6.430000e-02  6.430000e-02  1.113163e+10  1.112278e+10  1.517190e+14  1.517190e+11  2.000000e+06
347  4.000000e+05  6.430000e-02  6.430000e-02  1.112278e+10  1.111287e+10  1.517597e+14  1.517597e+11  2.000000e+06
348  4.000000e+05  6.430000e-02  6.430000e-02  1.111287e+10  1.110188e+10  1.518053e+14  1.518053e+11  2.000000e+06
349  4.000000e+05  6.430000e-02  6.430000e-02  1.110188e+10  1.108982e+10  1.518558e+14  1.518558e+11  2.000000e+06
350  4.000000e+05  6.430000e-02  6.430000e-02  1.108982e+10  1.107669e+10  1.519113e+14  1.519113e+11  2.000000e+06
351  4.000000e+05  6.430000e-02  6.430000e-02  1.107669e+10  1.106250e+10  1.519717e+14  1.519717e+11  2.000000e+06
352  4.000000e+05  6.430000e-02  6.430000e-02  1.106250e+10  1.104723e+10  1.520370e+14  1.520370e+11  2.000000e+06
353  4.000000e+05  6.430000e-02  6.430000e-02  1.104723e+10  1.103091e+10  1.521073e+14  1.521073e+11  2.000000e+06
354  4.000000e+05  6.430000e-02  6.430000e-02  1.103091e+10  1.101352e+10  1.521826e+14  1.521826e+11  2.000000e+06
355  4.000000e+05  6.430000e-02  6.430000e-02  1.101352e+10  1.099507e+10  1.522627e+14  1.522627e+11  2.000000e+06
356  4.000000e+05  6.430000e-02  6.430000e-02  1.099507e+10  1.097555e+10  1.523478e+14  1.523478e+11  2.000000e+06
357  4.000000e+05  6.430000e-02  6.430000e-02  1.097555e+10  1.095499e+10  1.524379e+14  1.524379e+11  2.000000e+06
358  4.000000e+05  6.430000e-02  6.430000e-02  1.095499e+10  1.093336e+10  1.525329e+14  1.525329e+11  2.000000e+06
359  4.000000e+05  6.430000e-02  6.430000e-02  1.093336e+10  1.091068e+10  1.526328e+14  1.526328e+11  2.000000e+06
360  4.000000e+05  6.430000e-02  6.430000e-02  1.091068e+10  1.088695e+10  1.527377e+14  1.527377e+11  2.000000e+06
361  4.000000e+05  6.430000e-02  6.430000e-02  1.088695e+10  1.086217e+10  1.528475e+14  1.528475e+11  2.000000e+06
362  4.000000e+05  6.430000e-02  6.430000e-02  1.086217e+10  1.083635e+10  1.529623e+14  1.529623e+11  2.000000e+06
363  4.000000e+05  6.430000e-02  6.430000e-02  1.083635e+10  1.080948e+10  1.530820e+14  1.530820e+11  2.000000e+06
364  4.000000e+05  6.430000e-02  6.430000e-02  1.080948e+10  1.078156e+10  1.532066e+14  1.532066e+11  2.000000e+06
365  4.000000e+05  6.430000e-02  6.430000e-02  1.078156e+10  1.075261e+10  1.533362e+14  1.533362e+11  2.000000e+06
366  4.000000e+05  6.430000e-02  6.430000e-02  1.075261e+10  1.072262e+10  1.534707e+14  1.534707e+11  2.000000e+06
367  4.000000e+05  6.430000e-02  6.430000e-02  1.072262e+10  1.069160e+10  1.536101e+14  1.536101e+11  2.000000e+06
368  4.000000e+05  6.430000e-02  6.430000e-02  1.069160e+10  1.065955e+10  1.537545e+14  1.537545e+11  2.000000e+06
369  4.000000e+05  6.430000e-02  6.430000e-02  1.065955e+10  1.062647e+10  1.539039e+14  1.539039e+11  2.000000e+06
370  4.000000e+05  6.430000e-02  6.430000e-02  1.062647e+10  1.059237e+10  1.540581e+14  1.540581e+11  2.000000e+06
371  4.000000e+05  6.430000e-02  6.430000e-02  1.059237e+10  1.055724e+10  1.542173e+14  1.542173e+11  2.000000e+06
372  4.000000e+05  6.430000e-02  6.430000e-02  1.055724e+10  1.052110e+10  1.543815e+14  1.543815e+11  2.000000e+06
373  4.000000e+05  6.430000e-02  6.430000e-02  1.052110e+10  1.048394e+10  1.545506e+14  1.545506e+11  2.000000e+06
374  4.000000e+05  6.430000e-02  6.430000e-02  1.048394e+10  1.044578e+10  1.547246e+14  1.547246e+11  2.000000e+06
375  4.000000e+05  6.430000e-02  6.430000e-02  1.044578e+10  1.040660e+10  1.549035e+14  1.549035e+11  2.000000e+06
376  4.000000e+05  6.430000e-02  6.430000e-02  1.040660e+10  1.036643e+10  1.550874e+14  1.550874e+11  2.000000e+06
377  4.000000e+05  6.430000e-02  6.430000e-02  1.036643e+10  1.032525e+10  1.552763e+14  1.552763e+11  2.000000e+06
378  4.000000e+05  6.430000e-02  6.430000e-02  1.032525e+10  1.028308e+10  1.554700e+14  1.554700e+11  2.000000e+06
379  4.000000e+05  6.430000e-02  6.430000e-02  1.028308e+10  1.023992e+10  1.556687e+14  1.556687e+11  2.000000e+06
380  4.000000e+05  6.430000e-02  6.430000e-02  1.023992e+10  1.019577e+10  1.558724e+14  1.558724e+11  2.000000e+06
381  4.000000e+05  6.430000e-02  6.430000e-02  1.019577e+10  1.015064e+10  1.560809e+14  1.560809e+11  2.000000e+06
382  4.000000e+05  6.430000e-02  6.430000e-02  1.015064e+10  1.010453e+10  1.562944e+14  1.562944e+11  2.000000e+06
383  4.000000e+05  6.430000e-02  6.430000e-02  1.010453e+10  1.005745e+10  1.565128e+14  1.565128e+11  2.000000e+06
384  4.000000e+05  6.430000e-02  6.430000e-02  1.005745e+10  1.000939e+10  1.567362e+14  1.567362e+11  2.000000e+06
385  4.000000e+05  6.430000e-02  6.430000e-02  1.000939e+10  9.960375e+09  1.569645e+14  1.569645e+11  2.000000e+06
386  4.000000e+05  6.430000e-02  6.430000e-02  9.960375e+09  9.910398e+09  1.571977e+14  1.571977e+11  2.000000e+06
387  4.000000e+05  6.430000e-02  6.430000e-02  9.910398e+09  9.859465e+09  1.574358e+14  1.574358e+11  2.000000e+06
388  4.000000e+05  6.430000e-02  6.430000e-02  9.859465e+09  9.807581e+09  1.576788e+14  1.576788e+11  2.000000e+06
389  4.000000e+05  6.430000e-02  6.430000e-02  9.807581e+09  9.754753e+09  1.579268e+14  1.579268e+11  2.000000e+06
390  4.000000e+05  6.430000e-02  6.430000e-02  9.754753e+09  9.700984e+09  1.581797e+14  1.581797e+11  2.000000e+06
391  4.000000e+05  6.430000e-02  6.430000e-02  9.700984e+09  9.646281e+09  1.584375e+14  1.584375e+11  2.000000e+06
392  4.000000e+05  6.430000e-02  6.430000e-02  9.646281e+09  9.590647e+09  1.587002e+14  1.587002e+11  2.000000e+06
393  4.000000e+05  6.430000e-02  6.430000e-02  9.590647e+09  9.534089e+09  1.589678e+14  1.589678e+11  2.000000e+06
394  4.000000e+05  6.430000e-02  6.430000e-02  9.534089e+09  9.476613e+09  1.592404e+14  1.592404e+11  2.000000e+06
395  4.000000e+05  6.430000e-02  6.430000e-02  9.476613e+09  9.418223e+09  1.595178e+14  1.595178e+11  2.000000e+06
396  4.000000e+05  6.430000e-02  6.430000e-02  9.418223e+09  9.358925e+09  1.598002e+14  1.598002e+11  2.000000e+06
397  4.000000e+05  6.430000e-02  6.430000e-02  9.358925e+09  9.298725e+09  1.600874e+14  1.600874e+11  2.000000e+06
398  4.000000e+05  6.430000e-02  6.430000e-02  9.298725e+09  9.237629e+09  1.603796e+14  1.603796e+11  2.000000e+06
399  4.000000e+05  6.430000e-02  6.430000e-02  9.237629e+09  9.175643e+09  1.606766e+14  1.606766e+11  2.000000e+06
400  4.000000e+05  6.430000e-02  6.430000e-02  9.175643e+09  9.112772e+09  1.609786e+14  1.609786e+11  2.000000e+06
401  4.000000e+05  6.430000e-02  6.430000e-02  9.112772e+09  9.049023e+09  1.612854e+14  1.612854e+11  2.000000e+06
402  4.000000e+05  6.430000e-02  6.430000e-02  9.049023e+09  8.984402e+09  1.615971e+14  1.615971e+11  2.000000e+06
403  4.000000e+05  6.430000e-02  6.430000e-02  8.984402e+09  8.918914e+09  1.619137e+14  1.619137e+11  2.000000e+06
404  4.000000e+05  6.430000e-02  6.430000e-02  8.918914e+09  8.852568e+09  1.622351e+14  1.622351e+11  2.000000e+06
405  4.000000e+05  6.430000e-02  6.430000e-02  8.852568e+09  8.785368e+09  1.625615e+14  1.625615e+11  2.000000e+06
406  4.000000e+05  6.430000e-02  6.430000e-02  8.785368e+09  8.717321e+09  1.628927e+14  1.628927e+11  2.000000e+06
407  4.000000e+05  6.430000e-02  6.430000e-02  8.717321e+09  8.648434e+09  1.632287e+14  1.632287e+11  2.000000e+06
408  4.000000e+05  6.430000e-02  6.430000e-02  8.648434e+09  8.578713e+09  1.635696e+14  1.635696e+11  2.000000e+06
409  4.000000e+05  6.430000e-02  6.430000e-02  8.578713e+09  8.508166e+09  1.639154e+14  1.639154e+11  2.000000e+06
410  4.000000e+05  6.430000e-02  6.430000e-02  8.508166e+09  8.436798e+09  1.642660e+14  1.642660e+11  2.000000e+06
411  4.000000e+05  6.430000e-02  6.430000e-02  8.436798e+09  8.364618e+09  1.646214e+14  1.646214e+11  2.000000e+06
412  4.000000e+05  6.430000e-02  6.430000e-02  8.364618e+09  8.291631e+09  1.649817e+14  1.649817e+11  2.000000e+06
413  4.000000e+05  6.430000e-02  6.430000e-02  8.291631e+09  8.217845e+09  1.653468e+14  1.653468e+11  2.000000e+06
414  4.000000e+05  6.430000e-02  6.430000e-02  8.217845e+09  8.143267e+09  1.657168e+14  1.657168e+11  2.000000e+06
415  4.000000e+05  6.430000e-02  6.430000e-02  8.143267e+09  8.067904e+09  1.660915e+14  1.660915e+11  2.000000e+06
416  4.000000e+05  6.430000e-02  6.430000e-02  8.067904e+09  7.991764e+09  1.664710e+14  1.664710e+11  2.000000e+06
417  4.000000e+05  6.430000e-02  6.430000e-02  7.991764e+09  7.914853e+09  1.668554e+14  1.668554e+11  2.000000e+06
418  4.000000e+05  6.430000e-02  6.430000e-02  7.914853e+09  7.837180e+09  1.672445e+14  1.672445e+11  2.000000e+06
419  4.000000e+05  6.430000e-02  6.430000e-02  7.837180e+09  7.758751e+09  1.676384e+14  1.676384e+11  2.000000e+06
420  4.000000e+05  6.430000e-02  6.430000e-02  7.758751e+09  7.679574e+09  1.680371e+14  1.680371e+11  2.000000e+06
421  4.000000e+05  6.430000e-02  6.430000e-02  7.679574e+09  7.599657e+09  1.684405e+14  1.684405e+11  2.000000e+06
422  4.000000e+05  6.430000e-02  6.430000e-02  7.599657e+09  7.519008e+09  1.688487e+14  1.688487e+11  2.000000e+06
423  4.000000e+05  6.430000e-02  6.430000e-02  7.519008e+09  7.437634e+09  1.692616e+14  1.692616e+11  2.000000e+06
424  4.000000e+05  6.430000e-02  6.430000e-02  7.437634e+09  7.355543e+09  1.696793e+14  1.696793e+11  2.000000e+06
425  4.000000e+05  6.430000e-02  6.430000e-02  7.355543e+09  7.272743e+09  1.701017e+14  1.701017e+11  2.000000e+06
426  4.000000e+05  6.430000e-02  6.430000e-02  7.272743e+09  7.189242e+09  1.705288e+14  1.705288e+11  2.000000e+06
427  4.000000e+05  6.430000e-02  6.430000e-02  7.189242e+09  7.105048e+09  1.709606e+14  1.709606e+11  2.000000e+06
428  4.000000e+05  6.430000e-02  6.430000e-02  7.105048e+09  7.020170e+09  1.713971e+14  1.713971e+11  2.000000e+06
429  4.000000e+05  6.430000e-02  6.430000e-02  7.020170e+09  6.934615e+09  1.718383e+14  1.718383e+11  2.000000e+06
430  4.000000e+05  6.430000e-02  6.430000e-02  6.934615e+09  6.848391e+09  1.722842e+14  1.722842e+11  2.000000e+06
431  4.000000e+05  6.430000e-02  6.430000e-02  6.848391e+09  6.761508e+09  1.727347e+14  1.727347e+11  2.000000e+06
432  4.000000e+05  6.430000e-02  6.430000e-02  6.761508e+09  6.673972e+09  1.731898e+14  1.731898e+11  2.000000e+06
433  4.000000e+05  6.430000e-02  6.430000e-02  6.673972e+09  6.585794e+09  1.736496e+14  1.736496e+11  2.000000e+06
434  4.000000e+05  6.430000e-02  6.430000e-02  6.585794e+09  6.496980e+09  1.741139e+14  1.741139e+11  2.000000e+06
435  4.000000e+05  6.430000e-02  6.430000e-02  6.496980e+09  6.407541e+09  1.745829e+14  1.745829e+11  2.000000e+06
436  4.000000e+05  6.430000e-02  6.430000e-02  6.407541e+09  6.317484e+09  1.750565e+14  1.750565e+11  2.000000e+06
437  4.000000e+05  6.430000e-02  6.430000e-02  6.317484e+09  6.226818e+09  1.755346e+14  1.755346e+11  2.000000e+06
438  4.000000e+05  6.430000e-02  6.430000e-02  6.226818e+09  6.135552e+09  1.760173e+14  1.760173e+11  2.000000e+06
439  4.000000e+05  6.430000e-02  6.430000e-02  6.135552e+09  6.043694e+09  1.765045e+14  1.765045e+11  2.000000e+06
440  4.000000e+05  6.430000e-02  6.430000e-02  6.043694e+09  5.951254e+09  1.769962e+14  1.769962e+11  2.000000e+06
441  4.000000e+05  6.430000e-02  6.430000e-02  5.951254e+09  5.858241e+09  1.774925e+14  1.774925e+11  2.000000e+06
442  4.000000e+05  6.430000e-02  6.430000e-02  5.858241e+09  5.764663e+09  1.779932e+14  1.779932e+11  2.000000e+06
443  4.000000e+05  6.430000e-02  6.430000e-02  5.764663e+09  5.670529e+09  1.784984e+14  1.784984e+11  2.000000e+06
444  4.000000e+05  6.430000e-02  6.430000e-02  5.670529e+09  5.575849e+09  1.790080e+14  1.790080e+11  2.000000e+06
445  4.000000e+05  6.430000e-02  6.430000e-02  5.575849e+09  5.480631e+09  1.795221e+14  1.795221e+11  2.000000e+06
446  4.000000e+05  6.430000e-02  6.430000e-02  5.480631e+09  5.384885e+09  1.800405e+14  1.800405e+11  2.000000e+06
447  4.000000e+05  6.430000e-02  6.430000e-02  5.384885e+09  5.288620e+09  1.805634e+14  1.805634e+11  2.000000e+06
448  4.000000e+05  6.430000e-02  6.430000e-02  5.288620e+09  5.191845e+09  1.810906e+14  1.810906e+11  2.000000e+06
449  4.000000e+05  6.430000e-02  6.430000e-02  5.191845e+09  5.094570e+09  1.816222e+14  1.816222e+11  2.000000e+06
450  4.000000e+05  6.430000e-02  6.430000e-02  5.094570e+09  4.996804e+09  1.821580e+14  1.821580e+11  2.000000e+06
451  4.000000e+05  6.430000e-02  6.430000e-02  4.996804e+09  4.898556e+09  1.826982e+14  1.826982e+11  2.000000e+06
452  4.000000e+05  6.430000e-02  6.430000e-02  4.898556e+09  4.799836e+09  1.832427e+14  1.832427e+11  2.000000e+06
453  4.000000e+05  6.430000e-02  6.430000e-02  4.799836e+09  4.700654e+09  1.837914e+14  1.837914e+11  2.000000e+06
454  4.000000e+05  6.430000e-02  6.430000e-02  4.700654e+09  4.601018e+09  1.843443e+14  1.843443e+11  2.000000e+06
455  4.000000e+05  6.430000e-02  6.430000e-02  4.601018e+09  4.500939e+09  1.849014e+14  1.849014e+11  2.000000e+06
456  4.000000e+05  6.430000e-02  6.430000e-02  4.500939e+09  4.400426e+09  1.854627e+14  1.854627e+11  2.000000e+06
457  4.000000e+05  6.430000e-02  6.430000e-02  4.400426e+09  4.299490e+09  1.860282e+14  1.860282e+11  2.000000e+06
458  4.000000e+05  6.430000e-02  6.430000e-02  4.299490e+09  4.198138e+09  1.865978e+14  1.865978e+11  2.000000e+06
459  4.000000e+05  6.430000e-02  6.430000e-02  4.198138e+09  4.096382e+09  1.871714e+14  1.871714e+11  2.000000e+06
460  4.000000e+05  6.430000e-02  6.430000e-02  4.096382e+09  3.994232e+09  1.877491e+14  1.877491e+11  2.000000e+06
461  4.000000e+05  6.430000e-02  6.430000e-02  3.994232e+09  3.891696e+09  1.883309e+14  1.883309e+11  2.000000e+06
462  4.000000e+05  6.430000e-02  6.430000e-02  3.891696e+09  3.788785e+09  1.889167e+14  1.889167e+11  2.000000e+06
463  4.000000e+05  6.430000e-02  6.430000e-02  3.788785e+09  3.685509e+09  1.895064e+14  1.895064e+11  2.000000e+06
464  4.000000e+05  6.430000e-02  6.430000e-02  3.685509e+09  3.581878e+09  1.901001e+14  1.901001e+11  2.000000e+06
465  4.000000e+05  6.430000e-02  6.430000e-02  3.581878e+09  3.477901e+09  1.906977e+14  1.906977e+11  2.000000e+06
466  4.000000e+05  6.430000e-02  6.430000e-02  3.477901e+09  3.373590e+09  1.912992e+14  1.912992e+11  2.000000e+06
467  4.000000e+05  6.430000e-02  6.430000e-02  3.373590e+09  3.268953e+09  1.919045e+14  1.919045e+11  2.000000e+06
468  4.000000e+05  6.430000e-02  6.430000e-02  3.268953e+09  3.164001e+09  1.925137e+14  1.925137e+11  2.000000e+06
469  4.000000e+05  6.430000e-02  6.430000e-02  3.164001e+09  3.058744e+09  1.931266e+14  1.931266e+11  2.000000e+06
470  4.000000e+05  6.430000e-02  6.430000e-02  3.058744e+09  2.953192e+09  1.937432e+14  1.937432e+11  2.000000e+06
471  4.000000e+05  6.430000e-02  6.430000e-02  2.953192e+09  2.847356e+09  1.943636e+14  1.943636e+11  2.000000e+06
472  4.000000e+05  6.430000e-02  6.430000e-02  2.847356e+09  2.741245e+09  1.949876e+14  1.949876e+11  2.000000e+06
473  4.000000e+05  6.430000e-02  6.430000e-02  2.741245e+09  2.634871e+09  1.956153e+14  1.956153e+11  2.000000e+06
474  4.000000e+05  6.430000e-02  6.430000e-02  2.634871e+09  2.528242e+09  1.962465e+14  1.962465e+11  2.000000e+06
475  4.000000e+05  6.430000e-02  6.430000e-02  2.528242e+09  2.421369e+09  1.968813e+14  1.968813e+11  2.000000e+06
476  4.000000e+05  6.430000e-02  6.430000e-02  2.421369e+09  2.314263e+09  1.975196e+14  1.975196e+11  2.000000e+06
477  4.000000e+05  6.430000e-02  6.430000e-02  2.314263e+09  2.206934e+09  1.981614e+14  1.981614e+11  2.000000e+06
478  3.846365e+05  6.430000e-02  6.430000e-02  2.206934e+09  2.103527e+09  1.987942e+14  1.987942e+11  2.000000e+06
479  3.628646e+05  6.430000e-02  6.430000e-02  2.103527e+09  2.005801e+09  1.994001e+14  1.994001e+11  2.000000e+06
480  3.423251e+05  6.430000e-02  6.430000e-02  2.005801e+09  1.913460e+09  1.999744e+14  1.999744e+11  2.000000e+06
481  3.229482e+05  6.430000e-02  6.430000e-02  1.913460e+09  1.826223e+09  2.005186e+14  2.005186e+11  2.000000e+06
482  3.046681e+05  6.430000e-02  6.430000e-02  1.826223e+09  1.743818e+09  2.010341e+14  2.010341e+11  2.000000e+06
483  2.874227e+05  6.430000e-02  6.430000e-02  1.743818e+09  1.665988e+09  2.015222e+14  2.015222e+11  2.000000e+06
484  2.711535e+05  6.430000e-02  6.430000e-02  1.665988e+09  1.592488e+09  2.019843e+14  2.019843e+11  2.000000e+06
485  2.558052e+05  6.430000e-02  6.430000e-02  1.592488e+09  1.523083e+09  2.024217e+14  2.024217e+11  2.000000e+06
486  2.413257e+05  6.430000e-02  6.430000e-02  1.523083e+09  1.457552e+09  2.028356e+14  2.028356e+11  2.000000e+06
487  2.276657e+05  6.430000e-02  6.430000e-02  1.457552e+09  1.395683e+09  2.032271e+14  2.032271e+11  2.000000e+06
488  2.147790e+05  6.430000e-02  6.430000e-02  1.395683e+09  1.337276e+09  2.035975e+14  2.035975e+11  2.000000e+06
489  2.026217e+05  6.430000e-02  6.430000e-02  1.337276e+09  1.282141e+09  2.039478e+14  2.039478e+11  2.000000e+06
490  1.911525e+05  6.430000e-02  6.430000e-02  1.282141e+09  1.230098e+09  2.042790e+14  2.042790e+11  2.000000e+06
491  1.803326e+05  6.430000e-02  6.430000e-02  1.230098e+09  1.180976e+09  2.045921e+14  2.045921e+11  2.000000e+06
492  1.701251e+05  6.430000e-02  6.430000e-02  1.180976e+09  1.134613e+09  2.048881e+14  2.048881e+11  2.000000e+06
493  1.604954e+05  6.430000e-02  6.430000e-02  1.134613e+09  1.090856e+09  2.051678e+14  2.051678e+11  2.000000e+06
494  1.514107e+05  6.430000e-02  6.430000e-02  1.090856e+09  1.049561e+09  2.054322e+14  2.054322e+11  2.000000e+06
495  1.428403e+05  6.430000e-02  6.430000e-02  1.049561e+09  1.010589e+09  2.056820e+14  2.056820e+11  2.000000e+06
496  1.347550e+05  6.430000e-02  6.430000e-02  1.010589e+09  9.738126e+08  2.059180e+14  2.059180e+11  2.000000e+06
497  1.271274e+05  6.430000e-02  6.430000e-02  9.738126e+08  9.391078e+08  2.061410e+14  2.061410e+11  2.000000e+06
498  1.199315e+05  6.430000e-02  6.430000e-02  9.391078e+08  9.063591e+08  2.063517e+14  2.063517e+11  2.000000e+06
499  1.131429e+05  6.430000e-02  6.430000e-02  9.063591e+08  8.754568e+08  2.065506e+14  2.065506e+11  2.000000e+06
500  1.067386e+05  6.430000e-02  6.430000e-02  8.754568e+08  8.462975e+08  2.067386e+14  2.067386e+11  2.000000e+06
501  1.006968e+05  6.430000e-02  6.430000e-02  8.462975e+08  8.187834e+08  2.069161e+14  2.069161e+11  2.000000e+06
502  9.499696e+04  6.430000e-02  6.430000e-02  8.187834e+08  7.928222e+08  2.070837e+14  2.070837e+11  2.000000e+06
503  8.961977e+04  6.430000e-02  6.430000e-02  7.928222e+08  7.683264e+08  2.072420e+14  2.072420e+11  2.000000e+06
504  8.454695e+04  6.430000e-02  6.430000e-02  7.683264e+08  7.452139e+08  2.073914e+14  2.073914e+11  2.000000e+06
505  7.976128e+04  6.430000e-02  6.430000e-02  7.452139e+08  7.234066e+08  2.075325e+14  2.075325e+11  2.000000e+06
506  7.524649e+04  6.430000e-02  6.430000e-02  7.234066e+08  7.028312e+08  2.076658e+14  2.076658e+11  2.000000e+06
507  7.098725e+04  6.430000e-02  6.430000e-02  7.028312e+08  6.834182e+08  2.077916e+14  2.077916e+11  2.000000e+06
508  6.696911e+04  6.430000e-02  6.430000e-02  6.834182e+08  6.651022e+08  2.079103e+14  2.079103e+11  2.000000e+06
509  6.317840e+04  6.430000e-02  6.430000e-02  6.651022e+08  6.478212e+08  2.080224e+14  2.080224e+11  2.000000e+06
510  5.960227e+04  6.430000e-02  6.430000e-02  6.478212e+08  6.315171e+08  2.081282e+14  2.081282e+11  2.000000e+06
511  5.622855e+04  6.430000e-02  6.430000e-02  6.315171e+08  6.161345e+08  2.082281e+14  2.082281e+11  2.000000e+06
512  5.304581e+04  6.430000e-02  6.430000e-02  6.161345e+08  6.016216e+08  2.083224e+14  2.083224e+11  2.000000e+06
513  5.004321e+04  6.430000e-02  6.430000e-02  6.016216e+08  5.879292e+08  2.084114e+14  2.084114e+11  2.000000e+06
514  4.721058e+04  6.430000e-02  6.430000e-02  5.879292e+08  5.750111e+08  2.084954e+14  2.084954e+11  2.000000e+06
515  4.453828e+04  6.430000e-02  6.430000e-02  5.750111e+08  5.628235e+08  2.085747e+14  2.085747e+11  2.000000e+06
516  4.201725e+04  6.430000e-02  6.430000e-02  5.628235e+08  5.513251e+08  2.086495e+14  2.086495e+11  2.000000e+06
517  3.963891e+04  6.430000e-02  6.430000e-02  5.513251e+08  5.404770e+08  2.087201e+14  2.087201e+11  2.000000e+06
518  3.739520e+04  6.430000e-02  6.430000e-02  5.404770e+08  5.302425e+08  2.087868e+14  2.087868e+11  2.000000e+06
519  3.527849e+04  6.430000e-02  6.430000e-02  5.302425e+08  5.205869e+08  2.088497e+14  2.088497e+11  2.000000e+06
520  3.328159e+04  6.430000e-02  6.430000e-02  5.205869e+08  5.114775e+08  2.089090e+14  2.089090e+11  2.000000e+06
521  3.139773e+04  6.430000e-02  6.430000e-02  5.114775e+08  5.028834e+08  2.089650e+14  2.089650e+11  2.000000e+06
522  2.962050e+04  6.430000e-02  6.430000e-02  5.028834e+08  4.947755e+08  2.090179e+14  2.090179e+11  2.000000e+06
523  2.794387e+04  6.430000e-02  6.430000e-02  4.947755e+08  4.871263e+08  2.090678e+14  2.090678e+11  2.000000e+06
524  2.636214e+04  6.430000e-02  6.430000e-02  4.871263e+08  4.799098e+08  2.091148e+14  2.091148e+11  2.000000e+06
525  2.486994e+04  6.430000e-02  6.430000e-02  4.799098e+08  4.731017e+08  2.091593e+14  2.091593e+11  2.000000e+06
526  2.346221e+04  6.430000e-02  6.430000e-02  4.731017e+08  4.666787e+08  2.092012e+14  2.092012e+11  2.000000e+06
527  2.213416e+04  6.430000e-02  6.430000e-02  4.666787e+08  4.606192e+08  2.092407e+14  2.092407e+11  2.000000e+06
528  2.088128e+04  6.430000e-02  6.430000e-02  4.606192e+08  4.549025e+08  2.092780e+14  2.092780e+11  2.000000e+06
529  1.969932e+04  6.430000e-02  6.430000e-02  4.549025e+08  4.495094e+08  2.093132e+14  2.093132e+11  2.000000e+06
530  1.858427e+04  6.430000e-02  6.430000e-02  4.495094e+08  4.444214e+08  2.093465e+14  2.093465e+11  2.000000e+06
531  1.753233e+04  6.430000e-02  6.430000e-02  4.444214e+08  4.396213e+08  2.093778e+14  2.093778e+11  2.000000e+06
532  1.653993e+04  6.430000e-02  6.430000e-02  4.396213e+08  4.350928e+08  2.094074e+14  2.094074e+11  2.000000e+06
533  1.560371e+04  6.430000e-02  6.430000e-02  4.350928e+08  4.308206e+08  2.094353e+14  2.094353e+11  2.000000e+06
534  1.472048e+04  6.430000e-02  6.430000e-02  4.308206e+08  4.267902e+08  2.094616e+14  2.094616e+11  2.000000e+06
535  1.388725e+04  6.430000e-02  6.430000e-02  4.267902e+08  4.229878e+08  2.094865e+14  2.094865e+11  2.000000e+06
536  1.310118e+04  6.430000e-02  6.430000e-02  4.229878e+08  4.194007e+08  2.095099e+14  2.095099e+11  2.000000e+06
537  1.235960e+04  6.430000e-02  6.430000e-02  4.194007e+08  4.160165e+08  2.095320e+14  2.095320e+11  2.000000e+06
538  1.166000e+04  6.430000e-02  6.430000e-02  4.160165e+08  4.128239e+08  2.095529e+14  2.095529e+11  2.000000e+06
539  1.100000e+04  6.430000e-02  6.430000e-02  4.128239e+08  4.098119e+08  2.095726e+14  2.095726e+11  2.000000e+06
540  1.100000e+04  6.430000e-02  6.430000e-02  4.098119e+08  4.067999e+08  2.095917e+14  2.095917e+11  2.000000e+06
541  1.100000e+04  6.430000e-02  6.430000e-02  4.067999e+08  4.037879e+08  2.096108e+14  2.096108e+11  2.000000e+06
542  1.100000e+04  6.430000e-02  6.430000e-02  4.037879e+08  4.007759e+08  2.096300e+14  2.096300e+11  2.000000e+06
543  1.100000e+04  6.430000e-02  6.430000e-02  4.007759e+08  3.977638e+08  2.096491e+14  2.096491e+11  2.000000e+06
544  1.100000e+04  6.430000e-02  6.430000e-02  3.977638e+08  3.947517e+08  2.096682e+14  2.096682e+11  2.000000e+06
545  1.100000e+04  6.430000e-02  6.430000e-02  3.947517e+08  3.917396e+08  2.096873e+14  2.096873e+11  2.000000e+06
546  1.100000e+04  6.430000e-02  6.430000e-02  3.917396e+08  3.887274e+08  2.097065e+14  2.097065e+11  2.000000e+06
547  1.100000e+04  6.430000e-02  6.430000e-02  3.887274e+08  3.857152e+08  2.097256e+14  2.097256e+11  2.000000e+06
548  1.100000e+04  6.430000e-02  6.430000e-02  3.857152e+08  3.827030e+08  2.097447e+14  2.097447e+11  2.000000e+06
549  1.100000e+04  6.430000e-02  6.430000e-02  3.827030e+08  3.796908e+08  2.097639e+14  2.097639e+11  2.000000e+06
550  1.100000e+04  6.430000e-02  6.430000e-02  3.796908e+08  3.766785e+08  2.098902e+14  2.098902e+11  1.998979e+06
551  1.100000e+04  6.430000e-02  6.430000e-02  3.766785e+08  3.736662e+08  2.107103e+14  2.107103e+11  1.991380e+06
552  1.100000e+04  6.430000e-02  6.430000e-02  3.736662e+08  3.706539e+08  2.123248e+14  2.123248e+11  1.976419e+06
553  1.100000e+04  6.430000e-02  6.430000e-02  3.706539e+08  3.676415e+08  2.147579e+14  2.147579e+11  1.954208e+06
554  1.100000e+04  6.430000e-02  6.430000e-02  3.676415e+08  3.646291e+08  2.180468e+14  2.180468e+11  1.924911e+06
555  1.100000e+04  6.430000e-02  6.430000e-02  3.646291e+08  3.616167e+08  2.222428e+14  2.222428e+11  1.888748e+06
556  1.100000e+04  6.430000e-02  6.430000e-02  3.616167e+08  3.586043e+08  2.274129e+14  2.274129e+11  1.845986e+06
557  1.100000e+04  6.430000e-02  6.430000e-02  3.586043e+08  3.555918e+08  2.336424e+14  2.336424e+11  1.796945e+06
558  1.100000e+04  6.430000e-02  6.430000e-02  3.555918e+08  3.525794e+08  2.410376e+14  2.410376e+11  1.741990e+06
559  1.100000e+04  6.430000e-02  6.430000e-02  3.525794e+08  3.495669e+08  2.497303e+14  2.497303e+11  1.681530e+06
560  1.100000e+04  6.430000e-02  6.430000e-02  3.495669e+08  3.465543e+08  2.598827e+14  2.598827e+11  1.616016e+06
561  1.100000e+04  6.430000e-02  6.430000e-02  3.465543e+08  3.435418e+08  2.716944e+14  2.716944e+11  1.545936e+06
562  1.100000e+04  6.430000e-02  6.430000e-02  3.435418e+08  3.405292e+08  2.854114e+14  2.854114e+11  1.471811e+06
563  1.100000e+04  6.430000e-02  6.430000e-02  3.405292e+08  3.375166e+08  3.013379e+14  3.013379e+11  1.394195e+06
564  1.100000e+04  6.430000e-02  6.430000e-02  3.375166e+08  3.345039e+08  3.198523e+14  3.198523e+11  1.313665e+06
565  1.100000e+04  6.430000e-02  6.430000e-02  3.345039e+08  3.314913e+08  3.414281e+14  3.414281e+11  1.230822e+06
566  1.100000e+04  6.430000e-02  6.430000e-02  3.314913e+08  3.284786e+08  3.666630e+14  3.666630e+11  1.146283e+06
567  1.100000e+04  6.430000e-02  6.430000e-02  3.284786e+08  3.254659e+08  3.963188e+14  3.963188e+11  1.060678e+06
568  1.100000e+04  6.430000e-02  6.430000e-02  3.254659e+08  3.224531e+08  4.313766e+14  4.313766e+11  9.746443e+05
569  1.100000e+04  6.430000e-02  6.430000e-02  3.224531e+08  3.194404e+08  4.731166e+14  4.731166e+11  8.888242e+05
570  1.100000e+04  6.430000e-02  6.430000e-02  3.194404e+08  3.164276e+08  5.232322e+14  5.232322e+11  8.038570e+05
571  1.100000e+04  6.430000e-02  6.430000e-02  3.164276e+08  3.134148e+08  5.839998e+14  5.839998e+11  7.203758e+05
572  1.100000e+04  6.430000e-02  6.430000e-02  3.134148e+08  3.104020e+08  6.585351e+14  6.585351e+11  6.390030e+05
573  1.100000e+04  6.430000e-02  6.430000e-02  3.104020e+08  3.073891e+08  7.511908e+14  7.511908e+11  5.603452e+05
574  1.100000e+04  6.430000e-02  6.430000e-02  3.073891e+08  3.043763e+08  8.681920e+14  8.681920e+11  4.849886e+05
575  1.100000e+04  6.430000e-02  6.430000e-02  3.043763e+08  3.013634e+08  1.018686e+15  1.018686e+12  4.134951e+05
576  1.100000e+04  6.430000e-02  6.430000e-02  3.013634e+08  2.983505e+08  1.216543e+15  1.216543e+12  3.463976e+05
577  1.100000e+04  6.430000e-02  6.430000e-02  2.983505e+08  2.953375e+08  1.483586e+15  1.483586e+12  2.841964e+05
578  1.100000e+04  6.430000e-02  6.430000e-02  2.953375e+08  2.923246e+08  1.855689e+15  1.855689e+12  2.273552e+05
579  1.100000e+04  6.430000e-02  6.430000e-02  2.923246e+08  2.893116e+08  2.395034e+15  2.395034e+12  1.762979e+05
580  1.100000e+04  6.430000e-02  6.430000e-02  2.893116e+08  2.862986e+08  3.216592e+15  3.216592e+12  1.314051e+05
581  1.100000e+04  6.430000e-02  6.430000e-02  2.862986e+08  2.832856e+08  4.550654e+15  4.550654e+12  9.301173e+04
582  1.100000e+04  6.430000e-02  6.430000e-02  2.832856e+08  2.802725e+08  6.906645e+15  6.906645e+12  6.140399e+04
583  1.100000e+04  6.430000e-02  6.430000e-02  2.802725e+08  2.772595e+08  1.155308e+16  1.155308e+13  3.681771e+04
584  1.100000e+04  6.430000e-02  6.430000e-02  2.772595e+08  2.742464e+08  2.199349e+16  2.199349e+13  1.943629e+04
585  1.100000e+04  6.430000e-02  6.430000e-02  2.742464e+08  2.712333e+08  4.595626e+16  4.595626e+13  9.389467e+03
586  1.100000e+04  6.430000e-02  6.430000e-02  2.712333e+08  2.682202e+08  4.851978e+16  3.481291e+16  6.673740e+03
587  1.100000e+04  6.430000e-02  6.430000e-02  2.682202e+08  2.652070e+08  5.030996e+16  3.717595e+16  6.671950e+03
588  1.100000e+04  6.430000e-02  6.430000e-02  2.652070e+08  2.621939e+08  5.210015e+16  3.953900e+16  6.670160e+03
589  1.100000e+04  6.430000e-02  6.430000e-02  2.621939e+08  2.591807e+08  5.389036e+16  4.190207e+16  6.668370e+03
590  1.100000e+04  6.430000e-02  6.430000e-02  2.591807e+08  2.561675e+08  5.571907e+16  4.452182e+16  6.666652e+03
591  1.100000e+04  6.430000e-02  6.430000e-02  2.561675e+08  2.531543e+08  5.767317e+16  4.797745e+16  6.665172e+03
592  1.100000e+04  6.430000e-02  6.430000e-02  2.531543e+08  2.501411e+08  5.962729e+16  5.143310e+16  6.663691e+03
593  1.100000e+04  6.430000e-02  6.430000e-02  2.501411e+08  2.471278e+08  6.158141e+16  5.488877e+16  6.662211e+03
594  1.100000e+04  6.430000e-02  6.430000e-02  2.471278e+08  2.441145e+08  6.353555e+16  5.834446e+16  6.660731e+03
595  1.100000e+04  6.430000e-02  6.430000e-02  2.441145e+08  2.411013e+08  6.564330e+16  6.293872e+16  6.659398e+03
596  1.100000e+04  6.430000e-02  6.430000e-02  2.411013e+08  2.380879e+08  6.790074e+16  6.864253e+16  6.658209e+03
597  1.100000e+04  6.430000e-02  6.430000e-02  2.380879e+08  2.350746e+08  7.015820e+16  7.434636e+16  6.657020e+03
598  1.100000e+04  6.430000e-02  6.430000e-02  2.350746e+08  2.320613e+08  7.241567e+16  8.005023e+16  6.655831e+03
599  1.100000e+04  6.430000e-02  6.430000e-02  2.320613e+08  2.290479e+08  7.467316e+16  8.575414e+16  6.654642e+03
600  1.100000e+04  6.430000e-02  6.430000e-02  2.290479e+08  2.260346e+08  7.693066e+16  9.145807e+16  6.653453e+03
601  1.100000e+04  6.430000e-02  6.430000e-02  2.260346e+08  2.230212e+08  7.918817e+16  9.716204e+16  6.652264e+03
602  1.100000e+04  6.430000e-02  6.430000e-02  2.230212e+08  2.200078e+08  8.169822e+16  1.065615e+17  6.651215e+03
603  1.100000e+04  6.430000e-02  6.430000e-02  2.200078e+08  2.169943e+08  8.428048e+16  1.170173e+17  6.650205e+03
604  1.100000e+04  6.430000e-02  6.430000e-02  2.169943e+08  2.139809e+08  8.686274e+16  1.274732e+17  6.649194e+03
605  1.100000e+04  6.430000e-02  6.430000e-02  2.139809e+08  2.109674e+08  8.944502e+16  1.379292e+17  6.648184e+03
606  1.100000e+04  6.430000e-02  6.430000e-02  2.109674e+08  2.079540e+08  9.202732e+16  1.483851e+17  6.647174e+03
607  1.100000e+04  6.430000e-02  6.430000e-02  2.079540e+08  2.049405e+08  9.460963e+16  1.588412e+17  6.646164e+03
608  1.100000e+04  6.430000e-02  6.430000e-02  2.049405e+08  2.019270e+08  9.719195e+16  1.692973e+17  6.645154e+03
609  1.100000e+04  6.430000e-02  6.430000e-02  2.019270e+08  1.989135e+08  9.977428e+16  1.797534e+17  6.644144e+03
610  1.100000e+04  6.430000e-02  6.430000e-02  1.989135e+08  1.958999e+08  1.023566e+17  1.902096e+17  6.643134e+03
611  1.100000e+04  6.430000e-02  6.430000e-02  1.958999e+08  1.928864e+08  1.048796e+17  2.106354e+17  6.642092e+03
612  1.100000e+04  6.430000e-02  6.430000e-02  1.928864e+08  1.898728e+08  1.073935e+17  2.325902e+17  6.641044e+03
613  1.100000e+04  6.430000e-02  6.430000e-02  1.898728e+08  1.868593e+08  1.099075e+17  2.545451e+17  6.639997e+03
614  1.100000e+04  6.430000e-02  6.430000e-02  1.868593e+08  1.838457e+08  1.124214e+17  2.765001e+17  6.638949e+03
615  1.100000e+04  6.430000e-02  6.430000e-02  1.838457e+08  1.808321e+08  1.149353e+17  2.984553e+17  6.637902e+03
616  1.100000e+04  6.430000e-02  6.430000e-02  1.808321e+08  1.778185e+08  1.174493e+17  3.204105e+17  6.636854e+03
617  1.100000e+04  6.430000e-02  6.430000e-02  1.778185e+08  1.748049e+08  1.199633e+17  3.423658e+17  6.635807e+03
618  1.100000e+04  6.430000e-02  6.430000e-02  1.748049e+08  1.717912e+08  1.224772e+17  3.643212e+17  6.634759e+03
619  1.100000e+04  6.430000e-02  6.430000e-02  1.717912e+08  1.687776e+08  1.249912e+17  3.862767e+17  6.633712e+03
620  1.100000e+04  6.430000e-02  6.430000e-02  1.687776e+08  1.657639e+08  1.272666e+17  4.155238e+17  6.632637e+03
621  1.100000e+04  6.430000e-02  6.430000e-02  1.657639e+08  1.627502e+08  1.290354e+17  4.602447e+17  6.631503e+03
622  1.100000e+04  6.430000e-02  6.430000e-02  1.627502e+08  1.597365e+08  1.308043e+17  5.049657e+17  6.630369e+03
623  1.100000e+04  6.430000e-02  6.430000e-02  1.597365e+08  1.567229e+08  1.325732e+17  5.496869e+17  6.629235e+03
624  1.100000e+04  6.430000e-02  6.430000e-02  1.567229e+08  1.537091e+08  1.343421e+17  5.944082e+17  6.628101e+03
625  1.100000e+04  6.430000e-02  6.430000e-02  1.537091e+08  1.506954e+08  1.361110e+17  6.391298e+17  6.626967e+03
626  1.100000e+04  6.430000e-02  6.430000e-02  1.506954e+08  1.476817e+08  1.378799e+17  6.838515e+17  6.625833e+03
627  1.100000e+04  6.430000e-02  6.430000e-02  1.476817e+08  1.446680e+08  1.396488e+17  7.285733e+17  6.624699e+03
628  1.100000e+04  6.430000e-02  6.430000e-02  1.446680e+08  1.416542e+08  1.414178e+17  7.732953e+17  6.623566e+03
629  1.100000e+04  6.430000e-02  6.430000e-02  1.416542e+08  1.386404e+08  1.423678e+17  8.446063e+17  6.622413e+03
630  1.100000e+04  6.430000e-02  6.430000e-02  1.386404e+08  1.356267e+08  1.425030e+17  9.423725e+17  6.621240e+03
631  1.100000e+04  6.430000e-02  6.430000e-02  1.356267e+08  1.326129e+08  1.426383e+17  1.040139e+18  6.620068e+03
632  1.100000e+04  6.430000e-02  6.430000e-02  1.326129e+08  1.295991e+08  1.427735e+17  1.137906e+18  6.618896e+03
633  1.100000e+04  6.430000e-02  6.430000e-02  1.295991e+08  1.265853e+08  1.429087e+17  1.235673e+18  6.617724e+03
634  1.100000e+04  6.430000e-02  6.430000e-02  1.265853e+08  1.235715e+08  1.430440e+17  1.333441e+18  6.616552e+03
635  1.100000e+04  6.430000e-02  6.430000e-02  1.235715e+08  1.205577e+08  1.431792e+17  1.431208e+18  6.615380e+03
636  1.100000e+04  6.430000e-02  6.430000e-02  1.205577e+08  1.175438e+08  1.433144e+17  1.528976e+18  6.614208e+03
637  1.100000e+04  6.430000e-02  6.430000e-02  1.175438e+08  1.145300e+08  1.434497e+17  1.626745e+18  6.613036e+03
638  1.100000e+04  6.430000e-02  6.430000e-02  1.145300e+08  1.115161e+08  1.435849e+17  1.724513e+18  6.611864e+03
639  1.100000e+04  6.430000e-02  6.430000e-02  1.115161e+08  1.085023e+08  1.437202e+17  1.822282e+18  6.610692e+03
640  1.100000e+04  6.430000e-02  6.430000e-02  1.085023e+08  1.054884e+08  1.440321e+17  1.960152e+18  6.609454e+03
641  1.100000e+04  6.430000e-02  6.430000e-02  1.054884e+08  1.024746e+08  1.445988e+17  2.155810e+18  6.608121e+03
642  1.100000e+04  6.430000e-02  6.430000e-02  1.024746e+08  9.946068e+07  1.451654e+17  2.351468e+18  6.606787e+03
643  1.100000e+04  6.430000e-02  6.430000e-02  9.946068e+07  9.644680e+07  1.457321e+17  2.547127e+18  6.605454e+03
644  1.100000e+04  6.430000e-02  6.430000e-02  9.644680e+07  9.343291e+07  1.462987e+17  2.742786e+18  6.604121e+03
645  1.100000e+04  6.430000e-02  6.430000e-02  9.343291e+07  9.041901e+07  1.468653e+17  2.938446e+18  6.602787e+03
646  1.100000e+04  6.430000e-02  6.430000e-02  9.041901e+07  8.740511e+07  1.474320e+17  3.134106e+18  6.601454e+03
647  1.100000e+04  6.430000e-02  6.430000e-02  8.740511e+07  8.439120e+07  1.479986e+17  3.329767e+18  6.600121e+03
648  1.100000e+04  6.430000e-02  6.430000e-02  8.439120e+07  8.137728e+07  1.485653e+17  3.525428e+18  6.598788e+03
649  1.100000e+04  6.430000e-02  6.430000e-02  8.137728e+07  7.836336e+07  1.503355e+17  3.783014e+18  6.596835e+03
650  1.100000e+04  6.430000e-02  6.430000e-02  7.836336e+07  7.534943e+07  1.538425e+17  4.129958e+18  6.593988e+03
651  1.100000e+04  6.430000e-02  6.430000e-02  7.534943e+07  7.233549e+07  1.573495e+17  4.476903e+18  6.591141e+03
652  1.100000e+04  6.430000e-02  6.430000e-02  7.233549e+07  6.932155e+07  1.608564e+17  4.823849e+18  6.588294e+03
653  1.100000e+04  6.430000e-02  6.430000e-02  6.932155e+07  6.630761e+07  1.643634e+17  5.170795e+18  6.585447e+03
654  1.100000e+04  6.430000e-02  6.430000e-02  6.630761e+07  6.329366e+07  1.678704e+17  5.517742e+18  6.582600e+03
655  1.100000e+04  6.430000e-02  6.430000e-02  6.329366e+07  6.027971e+07  1.713774e+17  5.864689e+18  6.579753e+03
656  1.100000e+04  6.430000e-02  6.430000e-02  6.027971e+07  5.726575e+07  1.748844e+17  6.211637e+18  6.576906e+03
657  1.100000e+04  6.430000e-02  6.430000e-02  5.726575e+07  5.425179e+07  1.784827e+17  6.720073e+18  6.571246e+03
658  1.100000e+04  6.430000e-02  6.430000e-02  5.425179e+07  5.123782e+07  1.821235e+17  7.303841e+18  6.564274e+03
659  1.100000e+04  6.430000e-02  6.430000e-02  5.123782e+07  4.822385e+07  1.857643e+17  7.887609e+18  6.557302e+03
660  1.100000e+04  6.430000e-02  6.430000e-02  4.822385e+07  4.520988e+07  1.894051e+17  8.471379e+18  6.550331e+03
661  1.100000e+04  6.430000e-02  6.430000e-02  4.520988e+07  4.219590e+07  1.930459e+17  9.055148e+18  6.543359e+03
662  1.100000e+04  6.430000e-02  6.430000e-02  4.219590e+07  3.918192e+07  1.966867e+17  9.638919e+18  6.536387e+03
663  1.100000e+04  6.430000e-02  6.430000e-02  3.918192e+07  3.616794e+07  2.001489e+17  1.028704e+19  6.527607e+03
664  1.100000e+04  6.430000e-02  6.430000e-02  3.616794e+07  3.315395e+07  2.030036e+17  1.115394e+19  6.512678e+03
665  1.100000e+04  6.430000e-02  6.430000e-02  3.315395e+07  3.013996e+07  2.058584e+17  1.202085e+19  6.497750e+03
666  1.100000e+04  6.430000e-02  6.430000e-02  3.013996e+07  2.712597e+07  2.087131e+17  1.288775e+19  6.482821e+03
667  1.100000e+04  6.430000e-02  6.430000e-02  2.712597e+07  2.411198e+07  2.102375e+17  1.387751e+19  6.464750e+03
668  1.100000e+04  6.430000e-02  6.430000e-02  2.411198e+07  2.109799e+07  2.098403e+17  1.504473e+19  6.442139e+03
669  1.100000e+04  6.430000e-02  6.430000e-02  2.109799e+07  1.808399e+07  2.094431e+17  1.621195e+19  6.419528e+03
670  1.100000e+04  6.430000e-02  6.430000e-02  1.808399e+07  1.507000e+07  2.087818e+17  1.742773e+19  6.396136e+03
671  1.100000e+04  6.430000e-02  6.430000e-02  1.507000e+07  1.205600e+07  2.064485e+17  1.895106e+19  6.367803e+03
672  1.100000e+04  6.430000e-02  6.430000e-02  1.205600e+07  9.041999e+06  2.041152e+17  2.047439e+19  6.339470e+03
673  1.100000e+04  6.430000e-02  6.430000e-02  9.041999e+06  6.028000e+06  2.014897e+17  2.205586e+19  6.310345e+03
674  1.100000e+04  6.430000e-02  6.430000e-02  6.028000e+06  3.014000e+06  1.970138e+17  2.400552e+19  6.276207e+03
675  1.100000e+04  6.430000e-02  6.430000e-02  3.014000e+06  1.367167e-06  1.925379e+17  2.595517e+19  6.242069e+03

[GHOSTS]
# tag      B_T          phi_g_Jpkg   ne_im3       nn_im3       T_K          T_e_factor
outer_0  6.430000e-02  1.367167e-06  1.925379e+17  2.595517e+19  6.242069e+03  1.000
outer_1  6.430000e-02  1.367167e-06  1.925379e+17  2.595517e+19  6.242069e+03  1.000
inner_0  6.430000e-02  0.000000e+00  1.925379e+17  2.595517e+19  6.242069e+03  1.000
inner_1  6.430000e-02  0.000000e+00  1.925379e+17  2.595517e+19  6.242069e+03  1.000
