# full-loop .dat — generated by util/make_loop_dat.py
# topology=full, half-length=90.0 Mm, apex_T=2.00 MK, footpoint |B|=643.0 G (uniform)
# chromosphere: Model C7 (two-fluid); TR+corona: hydrostatic, fully ionized (single-fluid via F_SLAVE)
# Units: SI (m, T, K, m^-3, J/kg)

[META]
ns=806
g_si=274.0
B_outer_T=6.430000e-02
phi_g_offset_Jpkg=0.0
topology=full
loop_half_length_m=9.000000e+07

[CELLS]
# i  ds_m         B_imh_T      B_iph_T      phi_g_imh    phi_g_iph    ne_im3       nn_im3       T_K
0  1.100000e+04  6.430000e-02  6.430000e-02  0.000000e+00  3.014000e+06  1.925379e+17  2.595517e+19  6.242069e+03
1  1.100000e+04  6.430000e-02  6.430000e-02  3.014000e+06  6.028000e+06  1.970138e+17  2.400552e+19  6.276207e+03
2  1.100000e+04  6.430000e-02  6.430000e-02  6.028000e+06  9.042000e+06  2.014897e+17  2.205586e+19  6.310345e+03
3  1.100000e+04  6.430000e-02  6.430000e-02  9.042000e+06  1.205600e+07  2.041152e+17  2.047439e+19  6.339470e+03
4  1.100000e+04  6.430000e-02  6.430000e-02  1.205600e+07  1.507000e+07  2.064485e+17  1.895106e+19  6.367803e+03
5  1.100000e+04  6.430000e-02  6.430000e-02  1.507000e+07  1.808400e+07  2.087818e+17  1.742773e+19  6.396136e+03
6  1.100000e+04  6.430000e-02  6.430000e-02  1.808400e+07  2.109799e+07  2.094431e+17  1.621195e+19  6.419528e+03
7  1.100000e+04  6.430000e-02  6.430000e-02  2.109799e+07  2.411199e+07  2.098403e+17  1.504473e+19  6.442139e+03
8  1.100000e+04  6.430000e-02  6.430000e-02  2.411199e+07  2.712599e+07  2.102375e+17  1.387750e+19  6.464750e+03
9  1.100000e+04  6.430000e-02  6.430000e-02  2.712599e+07  3.013998e+07  2.087131e+17  1.288774e+19  6.482821e+03
10  1.100000e+04  6.430000e-02  6.430000e-02  3.013998e+07  3.315398e+07  2.058584e+17  1.202084e+19  6.497750e+03
11  1.100000e+04  6.430000e-02  6.430000e-02  3.315398e+07  3.616797e+07  2.030036e+17  1.115394e+19  6.512678e+03
12  1.100000e+04  6.430000e-02  6.430000e-02  3.616797e+07  3.918196e+07  2.001488e+17  1.028703e+19  6.527607e+03
13  1.100000e+04  6.430000e-02  6.430000e-02  3.918196e+07  4.219595e+07  1.966867e+17  9.638910e+18  6.536387e+03
14  1.100000e+04  6.430000e-02  6.430000e-02  4.219595e+07  4.520994e+07  1.930458e+17  9.055138e+18  6.543359e+03
15  1.100000e+04  6.430000e-02  6.430000e-02  4.520994e+07  4.822392e+07  1.894050e+17  8.471365e+18  6.550331e+03
16  1.100000e+04  6.430000e-02  6.430000e-02  4.822392e+07  5.123791e+07  1.857642e+17  7.887594e+18  6.557303e+03
17  1.100000e+04  6.430000e-02  6.430000e-02  5.123791e+07  5.425189e+07  1.821234e+17  7.303822e+18  6.564274e+03
18  1.100000e+04  6.430000e-02  6.430000e-02  5.425189e+07  5.726587e+07  1.784825e+17  6.720051e+18  6.571246e+03
19  1.100000e+04  6.430000e-02  6.430000e-02  5.726587e+07  6.027985e+07  1.748843e+17  6.211622e+18  6.576906e+03
20  1.100000e+04  6.430000e-02  6.430000e-02  6.027985e+07  6.329383e+07  1.713772e+17  5.864671e+18  6.579753e+03
21  1.100000e+04  6.430000e-02  6.430000e-02  6.329383e+07  6.630780e+07  1.678702e+17  5.517721e+18  6.582600e+03
22  1.100000e+04  6.430000e-02  6.430000e-02  6.630780e+07  6.932177e+07  1.643632e+17  5.170771e+18  6.585447e+03
23  1.100000e+04  6.430000e-02  6.430000e-02  6.932177e+07  7.233574e+07  1.608562e+17  4.823822e+18  6.588294e+03
24  1.100000e+04  6.430000e-02  6.430000e-02  7.233574e+07  7.534971e+07  1.573491e+17  4.476873e+18  6.591141e+03
25  1.100000e+04  6.430000e-02  6.430000e-02  7.534971e+07  7.836367e+07  1.538421e+17  4.129924e+18  6.593988e+03
26  1.100000e+04  6.430000e-02  6.430000e-02  7.836367e+07  8.137764e+07  1.503351e+17  3.782975e+18  6.596835e+03
27  1.100000e+04  6.430000e-02  6.430000e-02  8.137764e+07  8.439159e+07  1.485652e+17  3.525404e+18  6.598788e+03
28  1.100000e+04  6.430000e-02  6.430000e-02  8.439159e+07  8.740555e+07  1.479986e+17  3.329740e+18  6.600121e+03
29  1.100000e+04  6.430000e-02  6.430000e-02  8.740555e+07  9.041950e+07  1.474319e+17  3.134076e+18  6.601454e+03
30  1.100000e+04  6.430000e-02  6.430000e-02  9.041950e+07  9.343345e+07  1.468653e+17  2.938413e+18  6.602788e+03
31  1.100000e+04  6.430000e-02  6.430000e-02  9.343345e+07  9.644739e+07  1.462986e+17  2.742750e+18  6.604121e+03
32  1.100000e+04  6.430000e-02  6.430000e-02  9.644739e+07  9.946133e+07  1.457319e+17  2.547087e+18  6.605454e+03
33  1.100000e+04  6.430000e-02  6.430000e-02  9.946133e+07  1.024753e+08  1.451653e+17  2.351424e+18  6.606788e+03
34  1.100000e+04  6.430000e-02  6.430000e-02  1.024753e+08  1.054892e+08  1.445986e+17  2.155761e+18  6.608121e+03
35  1.100000e+04  6.430000e-02  6.430000e-02  1.054892e+08  1.085031e+08  1.440320e+17  1.960099e+18  6.609454e+03
36  1.100000e+04  6.430000e-02  6.430000e-02  1.085031e+08  1.115171e+08  1.437201e+17  1.822254e+18  6.610692e+03
37  1.100000e+04  6.430000e-02  6.430000e-02  1.115171e+08  1.145310e+08  1.435849e+17  1.724482e+18  6.611864e+03
38  1.100000e+04  6.430000e-02  6.430000e-02  1.145310e+08  1.175449e+08  1.434496e+17  1.626711e+18  6.613036e+03
39  1.100000e+04  6.430000e-02  6.430000e-02  1.175449e+08  1.205588e+08  1.433144e+17  1.528940e+18  6.614209e+03
40  1.100000e+04  6.430000e-02  6.430000e-02  1.205588e+08  1.235727e+08  1.431792e+17  1.431169e+18  6.615381e+03
41  1.100000e+04  6.430000e-02  6.430000e-02  1.235727e+08  1.265866e+08  1.430439e+17  1.333399e+18  6.616553e+03
42  1.100000e+04  6.430000e-02  6.430000e-02  1.265866e+08  1.296005e+08  1.429087e+17  1.235628e+18  6.617725e+03
43  1.100000e+04  6.430000e-02  6.430000e-02  1.296005e+08  1.326144e+08  1.427734e+17  1.137858e+18  6.618897e+03
44  1.100000e+04  6.430000e-02  6.430000e-02  1.326144e+08  1.356283e+08  1.426382e+17  1.040087e+18  6.620069e+03
45  1.100000e+04  6.430000e-02  6.430000e-02  1.356283e+08  1.386422e+08  1.425029e+17  9.423172e+17  6.621241e+03
46  1.100000e+04  6.430000e-02  6.430000e-02  1.386422e+08  1.416561e+08  1.423677e+17  8.445473e+17  6.622413e+03
47  1.100000e+04  6.430000e-02  6.430000e-02  1.416561e+08  1.446700e+08  1.414166e+17  7.732666e+17  6.623566e+03
48  1.100000e+04  6.430000e-02  6.430000e-02  1.446700e+08  1.476838e+08  1.396476e+17  7.285427e+17  6.624700e+03
49  1.100000e+04  6.430000e-02  6.430000e-02  1.476838e+08  1.506977e+08  1.378786e+17  6.838189e+17  6.625834e+03
50  1.100000e+04  6.430000e-02  6.430000e-02  1.506977e+08  1.537115e+08  1.361096e+17  6.390952e+17  6.626968e+03
51  1.100000e+04  6.430000e-02  6.430000e-02  1.537115e+08  1.567254e+08  1.343407e+17  5.943715e+17  6.628102e+03
52  1.100000e+04  6.430000e-02  6.430000e-02  1.567254e+08  1.597392e+08  1.325717e+17  5.496480e+17  6.629236e+03
53  1.100000e+04  6.430000e-02  6.430000e-02  1.597392e+08  1.627531e+08  1.308027e+17  5.049245e+17  6.630370e+03
54  1.100000e+04  6.430000e-02  6.430000e-02  1.627531e+08  1.657669e+08  1.290337e+17  4.602012e+17  6.631504e+03
55  1.100000e+04  6.430000e-02  6.430000e-02  1.657669e+08  1.687807e+08  1.272647e+17  4.154779e+17  6.632638e+03
56  1.100000e+04  6.430000e-02  6.430000e-02  1.687807e+08  1.717946e+08  1.249885e+17  3.862529e+17  6.633713e+03
57  1.100000e+04  6.430000e-02  6.430000e-02  1.717946e+08  1.748084e+08  1.224744e+17  3.642961e+17  6.634761e+03
58  1.100000e+04  6.430000e-02  6.430000e-02  1.748084e+08  1.778222e+08  1.199602e+17  3.423394e+17  6.635808e+03
59  1.100000e+04  6.430000e-02  6.430000e-02  1.778222e+08  1.808360e+08  1.174461e+17  3.203827e+17  6.636856e+03
60  1.100000e+04  6.430000e-02  6.430000e-02  1.808360e+08  1.838498e+08  1.149320e+17  2.984261e+17  6.637903e+03
61  1.100000e+04  6.430000e-02  6.430000e-02  1.838498e+08  1.868636e+08  1.124179e+17  2.764695e+17  6.638951e+03
62  1.100000e+04  6.430000e-02  6.430000e-02  1.868636e+08  1.898774e+08  1.099038e+17  2.545129e+17  6.639998e+03
63  1.100000e+04  6.430000e-02  6.430000e-02  1.898774e+08  1.928911e+08  1.073897e+17  2.325564e+17  6.641046e+03
64  1.100000e+04  6.430000e-02  6.430000e-02  1.928911e+08  1.959049e+08  1.048756e+17  2.106000e+17  6.642094e+03
65  1.100000e+04  6.430000e-02  6.430000e-02  1.959049e+08  1.989187e+08  1.023523e+17  1.901920e+17  6.643136e+03
66  1.100000e+04  6.430000e-02  6.430000e-02  1.989187e+08  2.019324e+08  9.976972e+16  1.797350e+17  6.644146e+03
67  1.100000e+04  6.430000e-02  6.430000e-02  2.019324e+08  2.049462e+08  9.718718e+16  1.692780e+17  6.645156e+03
68  1.100000e+04  6.430000e-02  6.430000e-02  2.049462e+08  2.079599e+08  9.460464e+16  1.588210e+17  6.646166e+03
69  1.100000e+04  6.430000e-02  6.430000e-02  2.079599e+08  2.109736e+08  9.202211e+16  1.483641e+17  6.647176e+03
70  1.100000e+04  6.430000e-02  6.430000e-02  2.109736e+08  2.139874e+08  8.943959e+16  1.379072e+17  6.648187e+03
71  1.100000e+04  6.430000e-02  6.430000e-02  2.139874e+08  2.170011e+08  8.685707e+16  1.274503e+17  6.649197e+03
72  1.100000e+04  6.430000e-02  6.430000e-02  2.170011e+08  2.200148e+08  8.427457e+16  1.169934e+17  6.650207e+03
73  1.100000e+04  6.430000e-02  6.430000e-02  2.200148e+08  2.230285e+08  8.169207e+16  1.065366e+17  6.651217e+03
74  1.100000e+04  6.430000e-02  6.430000e-02  2.230285e+08  2.260422e+08  7.918256e+16  9.714787e+16  6.652267e+03
75  1.100000e+04  6.430000e-02  6.430000e-02  2.260422e+08  2.290559e+08  7.692482e+16  9.144333e+16  6.653456e+03
76  1.100000e+04  6.430000e-02  6.430000e-02  2.290559e+08  2.320695e+08  7.466709e+16  8.573880e+16  6.654645e+03
77  1.100000e+04  6.430000e-02  6.430000e-02  2.320695e+08  2.350832e+08  7.240936e+16  8.003429e+16  6.655834e+03
78  1.100000e+04  6.430000e-02  6.430000e-02  2.350832e+08  2.380969e+08  7.015164e+16  7.432979e+16  6.657023e+03
79  1.100000e+04  6.430000e-02  6.430000e-02  2.380969e+08  2.411105e+08  6.789393e+16  6.862531e+16  6.658213e+03
80  1.100000e+04  6.430000e-02  6.430000e-02  2.411105e+08  2.441242e+08  6.563622e+16  6.292085e+16  6.659402e+03
81  1.100000e+04  6.430000e-02  6.430000e-02  2.441242e+08  2.471378e+08  6.352919e+16  5.833323e+16  6.660735e+03
82  1.100000e+04  6.430000e-02  6.430000e-02  2.471378e+08  2.501514e+08  6.157482e+16  5.487712e+16  6.662216e+03
83  1.100000e+04  6.430000e-02  6.430000e-02  2.501514e+08  2.531650e+08  5.962045e+16  5.142102e+16  6.663697e+03
84  1.100000e+04  6.430000e-02  6.430000e-02  2.531650e+08  2.561786e+08  5.766609e+16  4.796493e+16  6.665177e+03
85  1.100000e+04  6.430000e-02  6.430000e-02  2.561786e+08  2.591922e+08  5.571174e+16  4.450885e+16  6.666658e+03
86  1.100000e+04  6.430000e-02  6.430000e-02  2.591922e+08  2.622058e+08  5.388340e+16  4.189289e+16  6.668377e+03
87  1.100000e+04  6.430000e-02  6.430000e-02  2.622058e+08  2.652194e+08  5.209295e+16  3.952949e+16  6.670167e+03
88  1.100000e+04  6.430000e-02  6.430000e-02  2.652194e+08  2.682329e+08  5.030251e+16  3.716611e+16  6.671957e+03
89  1.100000e+04  6.430000e-02  6.430000e-02  2.682329e+08  2.712465e+08  4.851207e+16  3.480274e+16  6.673748e+03
90  1.100000e+04  6.430000e-02  6.430000e-02  2.712465e+08  2.742600e+08  4.581166e+16  4.581166e+13  9.417812e+03
91  1.100000e+04  6.430000e-02  6.430000e-02  2.742600e+08  2.772736e+08  2.191976e+16  2.191976e+13  1.949955e+04
92  1.100000e+04  6.430000e-02  6.430000e-02  2.772736e+08  2.802871e+08  1.152070e+16  1.152070e+13  3.691767e+04
93  1.100000e+04  6.430000e-02  6.430000e-02  2.802871e+08  2.833006e+08  6.890518e+15  6.890518e+12  6.154221e+04
94  1.100000e+04  6.430000e-02  6.430000e-02  2.833006e+08  2.863141e+08  4.541585e+15  4.541585e+12  9.318946e+04
95  1.100000e+04  6.430000e-02  6.430000e-02  2.863141e+08  2.893276e+08  3.210990e+15  3.210990e+12  1.316234e+05
96  1.100000e+04  6.430000e-02  6.430000e-02  2.893276e+08  2.923411e+08  2.391318e+15  2.391318e+12  1.765573e+05
97  1.100000e+04  6.430000e-02  6.430000e-02  2.923411e+08  2.953546e+08  1.853086e+15  1.853086e+12  2.276561e+05
98  1.100000e+04  6.430000e-02  6.430000e-02  2.953546e+08  2.983680e+08  1.481682e+15  1.481682e+12  2.845386e+05
99  1.100000e+04  6.430000e-02  6.430000e-02  2.983680e+08  3.013815e+08  1.215101e+15  1.215101e+12  3.467807e+05
100  1.100000e+04  6.430000e-02  6.430000e-02  3.013815e+08  3.043949e+08  1.017563e+15  1.017563e+12  4.139183e+05
101  1.100000e+04  6.430000e-02  6.430000e-02  3.043949e+08  3.074084e+08  8.672968e+14  8.672968e+11  4.854505e+05
102  1.100000e+04  6.430000e-02  6.430000e-02  3.074084e+08  3.104218e+08  7.504629e+14  7.504629e+11  5.608440e+05
103  1.100000e+04  6.430000e-02  6.430000e-02  3.104218e+08  3.134352e+08  6.579334e+14  6.579334e+11  6.395367e+05
104  1.100000e+04  6.430000e-02  6.430000e-02  3.134352e+08  3.164486e+08  5.834952e+14  5.834952e+11  7.209416e+05
105  1.100000e+04  6.430000e-02  6.430000e-02  3.164486e+08  3.194619e+08  5.228039e+14  5.228039e+11  8.044519e+05
106  1.100000e+04  6.430000e-02  6.430000e-02  3.194619e+08  3.224753e+08  4.727492e+14  4.727492e+11  8.894447e+05
107  1.100000e+04  6.430000e-02  6.430000e-02  3.224753e+08  3.254887e+08  4.310586e+14  4.310586e+11  9.752864e+05
108  1.100000e+04  6.430000e-02  6.430000e-02  3.254887e+08  3.285020e+08  3.960413e+14  3.960413e+11  1.061337e+06
109  1.100000e+04  6.430000e-02  6.430000e-02  3.285020e+08  3.315154e+08  3.664194e+14  3.664194e+11  1.146955e+06
110  1.100000e+04  6.430000e-02  6.430000e-02  3.315154e+08  3.345287e+08  3.412129e+14  3.412129e+11  1.231501e+06
111  1.100000e+04  6.430000e-02  6.430000e-02  3.345287e+08  3.375420e+08  3.196614e+14  3.196614e+11  1.314346e+06
112  1.100000e+04  6.430000e-02  6.430000e-02  3.375420e+08  3.405553e+08  3.011680e+14  3.011680e+11  1.394872e+06
113  1.100000e+04  6.430000e-02  6.430000e-02  3.405553e+08  3.435686e+08  2.852597e+14  2.852597e+11  1.472478e+06
114  1.100000e+04  6.430000e-02  6.430000e-02  3.435686e+08  3.465818e+08  2.715587e+14  2.715587e+11  1.546587e+06
115  1.100000e+04  6.430000e-02  6.430000e-02  3.465818e+08  3.495951e+08  2.597613e+14  2.597613e+11  1.616644e+06
116  1.100000e+04  6.430000e-02  6.430000e-02  3.495951e+08  3.526083e+08  2.496218e+14  2.496218e+11  1.682129e+06
117  1.100000e+04  6.430000e-02  6.430000e-02  3.526083e+08  3.556216e+08  2.409408e+14  2.409408e+11  1.742553e+06
118  1.100000e+04  6.430000e-02  6.430000e-02  3.556216e+08  3.586348e+08  2.335564e+14  2.335564e+11  1.797465e+06
119  1.100000e+04  6.430000e-02  6.430000e-02  3.586348e+08  3.616480e+08  2.273370e+14  2.273370e+11  1.846457e+06
120  1.100000e+04  6.430000e-02  6.430000e-02  3.616480e+08  3.646612e+08  2.221765e+14  2.221765e+11  1.889163e+06
121  1.100000e+04  6.430000e-02  6.430000e-02  3.646612e+08  3.676744e+08  2.179897e+14  2.179897e+11  1.925264e+06
122  1.100000e+04  6.430000e-02  6.430000e-02  3.676744e+08  3.706875e+08  2.147097e+14  2.147097e+11  1.954492e+06
123  1.100000e+04  6.430000e-02  6.430000e-02  3.706875e+08  3.737007e+08  2.122855e+14  2.122855e+11  1.976629e+06
124  1.100000e+04  6.430000e-02  6.430000e-02  3.737007e+08  3.767138e+08  2.106800e+14  2.106800e+11  1.991510e+06
125  1.100000e+04  6.430000e-02  6.430000e-02  3.767138e+08  3.797270e+08  2.098689e+14  2.098689e+11  1.999025e+06
126  1.100000e+04  6.430000e-02  6.430000e-02  3.797270e+08  3.827401e+08  2.097474e+14  2.097474e+11  2.000000e+06
127  1.100000e+04  6.430000e-02  6.430000e-02  3.827401e+08  3.857532e+08  2.097282e+14  2.097282e+11  2.000000e+06
128  1.100000e+04  6.430000e-02  6.430000e-02  3.857532e+08  3.887663e+08  2.097091e+14  2.097091e+11  2.000000e+06
129  1.100000e+04  6.430000e-02  6.430000e-02  3.887663e+08  3.917793e+08  2.096900e+14  2.096900e+11  2.000000e+06
130  1.100000e+04  6.430000e-02  6.430000e-02  3.917793e+08  3.947924e+08  2.096708e+14  2.096708e+11  2.000000e+06
131  1.100000e+04  6.430000e-02  6.430000e-02  3.947924e+08  3.978054e+08  2.096517e+14  2.096517e+11  2.000000e+06
132  1.100000e+04  6.430000e-02  6.430000e-02  3.978054e+08  4.008184e+08  2.096326e+14  2.096326e+11  2.000000e+06
133  1.100000e+04  6.430000e-02  6.430000e-02  4.008184e+08  4.038315e+08  2.096134e+14  2.096134e+11  2.000000e+06
134  1.100000e+04  6.430000e-02  6.430000e-02  4.038315e+08  4.068444e+08  2.095943e+14  2.095943e+11  2.000000e+06
135  1.100000e+04  6.430000e-02  6.430000e-02  4.068444e+08  4.098574e+08  2.095752e+14  2.095752e+11  2.000000e+06
136  1.100000e+04  6.430000e-02  6.430000e-02  4.098574e+08  4.128704e+08  2.095560e+14  2.095560e+11  2.000000e+06
137  1.166000e+04  6.430000e-02  6.430000e-02  4.128704e+08  4.160641e+08  2.095364e+14  2.095364e+11  2.000000e+06
138  1.235960e+04  6.430000e-02  6.430000e-02  4.160641e+08  4.194494e+08  2.095155e+14  2.095155e+11  2.000000e+06
139  1.310118e+04  6.430000e-02  6.430000e-02  4.194494e+08  4.230379e+08  2.094934e+14  2.094934e+11  2.000000e+06
140  1.388725e+04  6.430000e-02  6.430000e-02  4.230379e+08  4.268416e+08  2.094699e+14  2.094699e+11  2.000000e+06
141  1.472048e+04  6.430000e-02  6.430000e-02  4.268416e+08  4.308735e+08  2.094450e+14  2.094450e+11  2.000000e+06
142  1.560371e+04  6.430000e-02  6.430000e-02  4.308735e+08  4.351473e+08  2.094187e+14  2.094187e+11  2.000000e+06
143  1.653993e+04  6.430000e-02  6.430000e-02  4.351473e+08  4.396775e+08  2.093908e+14  2.093908e+11  2.000000e+06
144  1.753233e+04  6.430000e-02  6.430000e-02  4.396775e+08  4.444794e+08  2.093612e+14  2.093612e+11  2.000000e+06
145  1.858427e+04  6.430000e-02  6.430000e-02  4.444794e+08  4.495694e+08  2.093298e+14  2.093298e+11  2.000000e+06
146  1.969932e+04  6.430000e-02  6.430000e-02  4.495694e+08  4.549648e+08  2.092966e+14  2.092966e+11  2.000000e+06
147  2.088128e+04  6.430000e-02  6.430000e-02  4.549648e+08  4.606839e+08  2.092614e+14  2.092614e+11  2.000000e+06
148  2.213416e+04  6.430000e-02  6.430000e-02  4.606839e+08  4.667460e+08  2.092241e+14  2.092241e+11  2.000000e+06
149  2.346221e+04  6.430000e-02  6.430000e-02  4.667460e+08  4.731717e+08  2.091845e+14  2.091845e+11  2.000000e+06
150  2.486994e+04  6.430000e-02  6.430000e-02  4.731717e+08  4.799830e+08  2.091426e+14  2.091426e+11  2.000000e+06
151  2.636214e+04  6.430000e-02  6.430000e-02  4.799830e+08  4.872028e+08  2.090981e+14  2.090981e+11  2.000000e+06
152  2.794387e+04  6.430000e-02  6.430000e-02  4.872028e+08  4.948556e+08  2.090510e+14  2.090510e+11  2.000000e+06
153  2.962050e+04  6.430000e-02  6.430000e-02  4.948556e+08  5.029676e+08  2.090011e+14  2.090011e+11  2.000000e+06
154  3.139773e+04  6.430000e-02  6.430000e-02  5.029676e+08  5.115660e+08  2.089483e+14  2.089483e+11  2.000000e+06
155  3.328159e+04  6.430000e-02  6.430000e-02  5.115660e+08  5.206803e+08  2.088922e+14  2.088922e+11  2.000000e+06
156  3.527849e+04  6.430000e-02  6.430000e-02  5.206803e+08  5.303412e+08  2.088328e+14  2.088328e+11  2.000000e+06
157  3.739520e+04  6.430000e-02  6.430000e-02  5.303412e+08  5.405815e+08  2.087699e+14  2.087699e+11  2.000000e+06
158  3.963891e+04  6.430000e-02  6.430000e-02  5.405815e+08  5.514360e+08  2.087032e+14  2.087032e+11  2.000000e+06
159  4.201725e+04  6.430000e-02  6.430000e-02  5.514360e+08  5.629414e+08  2.086326e+14  2.086326e+11  2.000000e+06
160  4.453828e+04  6.430000e-02  6.430000e-02  5.629414e+08  5.751369e+08  2.085577e+14  2.085577e+11  2.000000e+06
161  4.721058e+04  6.430000e-02  6.430000e-02  5.751369e+08  5.880637e+08  2.084784e+14  2.084784e+11  2.000000e+06
162  5.004321e+04  6.430000e-02  6.430000e-02  5.880637e+08  6.017657e+08  2.083943e+14  2.083943e+11  2.000000e+06
163  5.304581e+04  6.430000e-02  6.430000e-02  6.017657e+08  6.162893e+08  2.083053e+14  2.083053e+11  2.000000e+06
164  5.622855e+04  6.430000e-02  6.430000e-02  6.162893e+08  6.316838e+08  2.082109e+14  2.082109e+11  2.000000e+06
165  5.960227e+04  6.430000e-02  6.430000e-02  6.316838e+08  6.480012e+08  2.081110e+14  2.081110e+11  2.000000e+06
166  6.317840e+04  6.430000e-02  6.430000e-02  6.480012e+08  6.652970e+08  2.080051e+14  2.080051e+11  2.000000e+06
167  6.696911e+04  6.430000e-02  6.430000e-02  6.652970e+08  6.836296e+08  2.078929e+14  2.078929e+11  2.000000e+06
168  7.098725e+04  6.430000e-02  6.430000e-02  6.836296e+08  7.030611e+08  2.077740e+14  2.077740e+11  2.000000e+06
169  7.524649e+04  6.430000e-02  6.430000e-02  7.030611e+08  7.236573e+08  2.076481e+14  2.076481e+11  2.000000e+06
170  7.976128e+04  6.430000e-02  6.430000e-02  7.236573e+08  7.454880e+08  2.075147e+14  2.075147e+11  2.000000e+06
171  8.454695e+04  6.430000e-02  6.430000e-02  7.454880e+08  7.686269e+08  2.073735e+14  2.073735e+11  2.000000e+06
172  8.961977e+04  6.430000e-02  6.430000e-02  7.686269e+08  7.931523e+08  2.072239e+14  2.072239e+11  2.000000e+06
173  9.499696e+04  6.430000e-02  6.430000e-02  7.931523e+08  8.191471e+08  2.070654e+14  2.070654e+11  2.000000e+06
174  1.006968e+05  6.430000e-02  6.430000e-02  8.191471e+08  8.466992e+08  2.068976e+14  2.068976e+11  2.000000e+06
175  1.067386e+05  6.430000e-02  6.430000e-02  8.466992e+08  8.759015e+08  2.067198e+14  2.067198e+11  2.000000e+06
176  1.131429e+05  6.430000e-02  6.430000e-02  8.759015e+08  9.068526e+08  2.065316e+14  2.065316e+11  2.000000e+06
177  1.199315e+05  6.430000e-02  6.430000e-02  9.068526e+08  9.396570e+08  2.063323e+14  2.063323e+11  2.000000e+06
178  1.271274e+05  6.430000e-02  6.430000e-02  9.396570e+08  9.744251e+08  2.061213e+14  2.061213e+11  2.000000e+06
179  1.347550e+05  6.430000e-02  6.430000e-02  9.744251e+08  1.011274e+09  2.058979e+14  2.058979e+11  2.000000e+06
180  1.428403e+05  6.430000e-02  6.430000e-02  1.011274e+09  1.050328e+09  2.056614e+14  2.056614e+11  2.000000e+06
181  1.514107e+05  6.430000e-02  6.430000e-02  1.050328e+09  1.091718e+09  2.054110e+14  2.054110e+11  2.000000e+06
182  1.604954e+05  6.430000e-02  6.430000e-02  1.091718e+09  1.135583e+09  2.051460e+14  2.051460e+11  2.000000e+06
183  1.701251e+05  6.430000e-02  6.430000e-02  1.135583e+09  1.182070e+09  2.048656e+14  2.048656e+11  2.000000e+06
184  1.803326e+05  6.430000e-02  6.430000e-02  1.182070e+09  1.231335e+09  2.045687e+14  2.045687e+11  2.000000e+06
185  1.911525e+05  6.430000e-02  6.430000e-02  1.231335e+09  1.283542e+09  2.042547e+14  2.042547e+11  2.000000e+06
186  2.026217e+05  6.430000e-02  6.430000e-02  1.283542e+09  1.338866e+09  2.039224e+14  2.039224e+11  2.000000e+06
187  2.147790e+05  6.430000e-02  6.430000e-02  1.338866e+09  1.397492e+09  2.035709e+14  2.035709e+11  2.000000e+06
188  2.276657e+05  6.430000e-02  6.430000e-02  1.397492e+09  1.459614e+09  2.031990e+14  2.031990e+11  2.000000e+06
189  2.413257e+05  6.430000e-02  6.430000e-02  1.459614e+09  1.525437e+09  2.028058e+14  2.028058e+11  2.000000e+06
190  2.558052e+05  6.430000e-02  6.430000e-02  1.525437e+09  1.595181e+09  2.023899e+14  2.023899e+11  2.000000e+06
191  2.711535e+05  6.430000e-02  6.430000e-02  1.595181e+09  1.669074e+09  2.019503e+14  2.019503e+11  2.000000e+06
192  2.874227e+05  6.430000e-02  6.430000e-02  1.669074e+09  1.747360e+09  2.014855e+14  2.014855e+11  2.000000e+06
193  3.046681e+05  6.430000e-02  6.430000e-02  1.747360e+09  1.830296e+09  2.009944e+14  2.009944e+11  2.000000e+06
194  3.229482e+05  6.430000e-02  6.430000e-02  1.830296e+09  1.918150e+09  2.004753e+14  2.004753e+11  2.000000e+06
195  3.423251e+05  6.430000e-02  6.430000e-02  1.918150e+09  2.011210e+09  1.999271e+14  1.999271e+11  2.000000e+06
196  3.628646e+05  6.430000e-02  6.430000e-02  2.011210e+09  2.109775e+09  1.993480e+14  1.993480e+11  2.000000e+06
197  3.846365e+05  6.430000e-02  6.430000e-02  2.109775e+09  2.214161e+09  1.987365e+14  1.987365e+11  2.000000e+06
198  4.000000e+05  6.430000e-02  6.430000e-02  2.214161e+09  2.322610e+09  1.980973e+14  1.980973e+11  2.000000e+06
199  4.000000e+05  6.430000e-02  6.430000e-02  2.322610e+09  2.430947e+09  1.974484e+14  1.974484e+11  2.000000e+06
200  4.000000e+05  6.430000e-02  6.430000e-02  2.430947e+09  2.539165e+09  1.968023e+14  1.968023e+11  2.000000e+06
201  4.000000e+05  6.430000e-02  6.430000e-02  2.539165e+09  2.647259e+09  1.961590e+14  1.961590e+11  2.000000e+06
202  4.000000e+05  6.430000e-02  6.430000e-02  2.647259e+09  2.755224e+09  1.955186e+14  1.955186e+11  2.000000e+06
203  4.000000e+05  6.430000e-02  6.430000e-02  2.755224e+09  2.863055e+09  1.948811e+14  1.948811e+11  2.000000e+06
204  4.000000e+05  6.430000e-02  6.430000e-02  2.863055e+09  2.970746e+09  1.942465e+14  1.942465e+11  2.000000e+06
205  4.000000e+05  6.430000e-02  6.430000e-02  2.970746e+09  3.078293e+09  1.936149e+14  1.936149e+11  2.000000e+06
206  4.000000e+05  6.430000e-02  6.430000e-02  3.078293e+09  3.185689e+09  1.929861e+14  1.929861e+11  2.000000e+06
207  4.000000e+05  6.430000e-02  6.430000e-02  3.185689e+09  3.292930e+09  1.923603e+14  1.923603e+11  2.000000e+06
208  4.000000e+05  6.430000e-02  6.430000e-02  3.292930e+09  3.400011e+09  1.917375e+14  1.917375e+11  2.000000e+06
209  4.000000e+05  6.430000e-02  6.430000e-02  3.400011e+09  3.506926e+09  1.911176e+14  1.911176e+11  2.000000e+06
210  4.000000e+05  6.430000e-02  6.430000e-02  3.506926e+09  3.613670e+09  1.905007e+14  1.905007e+11  2.000000e+06
211  4.000000e+05  6.430000e-02  6.430000e-02  3.613670e+09  3.720238e+09  1.898868e+14  1.898868e+11  2.000000e+06
212  4.000000e+05  6.430000e-02  6.430000e-02  3.720238e+09  3.826625e+09  1.892760e+14  1.892760e+11  2.000000e+06
213  4.000000e+05  6.430000e-02  6.430000e-02  3.826625e+09  3.932825e+09  1.886682e+14  1.886682e+11  2.000000e+06
214  4.000000e+05  6.430000e-02  6.430000e-02  3.932825e+09  4.038834e+09  1.880634e+14  1.880634e+11  2.000000e+06
215  4.000000e+05  6.430000e-02  6.430000e-02  4.038834e+09  4.144645e+09  1.874617e+14  1.874617e+11  2.000000e+06
216  4.000000e+05  6.430000e-02  6.430000e-02  4.144645e+09  4.250255e+09  1.868630e+14  1.868630e+11  2.000000e+06
217  4.000000e+05  6.430000e-02  6.430000e-02  4.250255e+09  4.355657e+09  1.862674e+14  1.862674e+11  2.000000e+06
218  4.000000e+05  6.430000e-02  6.430000e-02  4.355657e+09  4.460848e+09  1.856750e+14  1.856750e+11  2.000000e+06
219  4.000000e+05  6.430000e-02  6.430000e-02  4.460848e+09  4.565820e+09  1.850856e+14  1.850856e+11  2.000000e+06
220  4.000000e+05  6.430000e-02  6.430000e-02  4.565820e+09  4.670571e+09  1.844993e+14  1.844993e+11  2.000000e+06
221  4.000000e+05  6.430000e-02  6.430000e-02  4.670571e+09  4.775093e+09  1.839162e+14  1.839162e+11  2.000000e+06
222  4.000000e+05  6.430000e-02  6.430000e-02  4.775093e+09  4.879383e+09  1.833362e+14  1.833362e+11  2.000000e+06
223  4.000000e+05  6.430000e-02  6.430000e-02  4.879383e+09  4.983435e+09  1.827593e+14  1.827593e+11  2.000000e+06
224  4.000000e+05  6.430000e-02  6.430000e-02  4.983435e+09  5.087244e+09  1.821856e+14  1.821856e+11  2.000000e+06
225  4.000000e+05  6.430000e-02  6.430000e-02  5.087244e+09  5.190806e+09  1.816151e+14  1.816151e+11  2.000000e+06
226  4.000000e+05  6.430000e-02  6.430000e-02  5.190806e+09  5.294114e+09  1.810477e+14  1.810477e+11  2.000000e+06
227  4.000000e+05  6.430000e-02  6.430000e-02  5.294114e+09  5.397164e+09  1.804835e+14  1.804835e+11  2.000000e+06
228  4.000000e+05  6.430000e-02  6.430000e-02  5.397164e+09  5.499951e+09  1.799225e+14  1.799225e+11  2.000000e+06
229  4.000000e+05  6.430000e-02  6.430000e-02  5.499951e+09  5.602470e+09  1.793647e+14  1.793647e+11  2.000000e+06
230  4.000000e+05  6.430000e-02  6.430000e-02  5.602470e+09  5.704716e+09  1.788101e+14  1.788101e+11  2.000000e+06
231  4.000000e+05  6.430000e-02  6.430000e-02  5.704716e+09  5.806684e+09  1.782588e+14  1.782588e+11  2.000000e+06
232  4.000000e+05  6.430000e-02  6.430000e-02  5.806684e+09  5.908369e+09  1.777106e+14  1.777106e+11  2.000000e+06
233  4.000000e+05  6.430000e-02  6.430000e-02  5.908369e+09  6.009766e+09  1.771657e+14  1.771657e+11  2.000000e+06
234  4.000000e+05  6.430000e-02  6.430000e-02  6.009766e+09  6.110871e+09  1.766240e+14  1.766240e+11  2.000000e+06
235  4.000000e+05  6.430000e-02  6.430000e-02  6.110871e+09  6.211677e+09  1.760856e+14  1.760856e+11  2.000000e+06
236  4.000000e+05  6.430000e-02  6.430000e-02  6.211677e+09  6.312180e+09  1.755504e+14  1.755504e+11  2.000000e+06
237  4.000000e+05  6.430000e-02  6.430000e-02  6.312180e+09  6.412376e+09  1.750185e+14  1.750185e+11  2.000000e+06
238  4.000000e+05  6.430000e-02  6.430000e-02  6.412376e+09  6.512260e+09  1.744899e+14  1.744899e+11  2.000000e+06
239  4.000000e+05  6.430000e-02  6.430000e-02  6.512260e+09  6.611826e+09  1.739645e+14  1.739645e+11  2.000000e+06
240  4.000000e+05  6.430000e-02  6.430000e-02  6.611826e+09  6.711069e+09  1.734423e+14  1.734423e+11  2.000000e+06
241  4.000000e+05  6.430000e-02  6.430000e-02  6.711069e+09  6.809986e+09  1.729235e+14  1.729235e+11  2.000000e+06
242  4.000000e+05  6.430000e-02  6.430000e-02  6.809986e+09  6.908571e+09  1.724080e+14  1.724080e+11  2.000000e+06
243  4.000000e+05  6.430000e-02  6.430000e-02  6.908571e+09  7.006819e+09  1.718957e+14  1.718957e+11  2.000000e+06
244  4.000000e+05  6.430000e-02  6.430000e-02  7.006819e+09  7.104725e+09  1.713867e+14  1.713867e+11  2.000000e+06
245  4.000000e+05  6.430000e-02  6.430000e-02  7.104725e+09  7.202285e+09  1.708811e+14  1.708811e+11  2.000000e+06
246  4.000000e+05  6.430000e-02  6.430000e-02  7.202285e+09  7.299495e+09  1.703787e+14  1.703787e+11  2.000000e+06
247  4.000000e+05  6.430000e-02  6.430000e-02  7.299495e+09  7.396348e+09  1.698796e+14  1.698796e+11  2.000000e+06
248  4.000000e+05  6.430000e-02  6.430000e-02  7.396348e+09  7.492841e+09  1.693839e+14  1.693839e+11  2.000000e+06
249  4.000000e+05  6.430000e-02  6.430000e-02  7.492841e+09  7.588969e+09  1.688915e+14  1.688915e+11  2.000000e+06
250  4.000000e+05  6.430000e-02  6.430000e-02  7.588969e+09  7.684727e+09  1.684024e+14  1.684024e+11  2.000000e+06
251  4.000000e+05  6.430000e-02  6.430000e-02  7.684727e+09  7.780110e+09  1.679166e+14  1.679166e+11  2.000000e+06
252  4.000000e+05  6.430000e-02  6.430000e-02  7.780110e+09  7.875114e+09  1.674341e+14  1.674341e+11  2.000000e+06
253  4.000000e+05  6.430000e-02  6.430000e-02  7.875114e+09  7.969735e+09  1.669550e+14  1.669550e+11  2.000000e+06
254  4.000000e+05  6.430000e-02  6.430000e-02  7.969735e+09  8.063966e+09  1.664792e+14  1.664792e+11  2.000000e+06
255  4.000000e+05  6.430000e-02  6.430000e-02  8.063966e+09  8.157805e+09  1.660067e+14  1.660067e+11  2.000000e+06
256  4.000000e+05  6.430000e-02  6.430000e-02  8.157805e+09  8.251247e+09  1.655375e+14  1.655375e+11  2.000000e+06
257  4.000000e+05  6.430000e-02  6.430000e-02  8.251247e+09  8.344286e+09  1.650717e+14  1.650717e+11  2.000000e+06
258  4.000000e+05  6.430000e-02  6.430000e-02  8.344286e+09  8.436918e+09  1.646093e+14  1.646093e+11  2.000000e+06
259  4.000000e+05  6.430000e-02  6.430000e-02  8.436918e+09  8.529139e+09  1.641501e+14  1.641501e+11  2.000000e+06
260  4.000000e+05  6.430000e-02  6.430000e-02  8.529139e+09  8.620945e+09  1.636943e+14  1.636943e+11  2.000000e+06
261  4.000000e+05  6.430000e-02  6.430000e-02  8.620945e+09  8.712330e+09  1.632419e+14  1.632419e+11  2.000000e+06
262  4.000000e+05  6.430000e-02  6.430000e-02  8.712330e+09  8.803291e+09  1.627928e+14  1.627928e+11  2.000000e+06
263  4.000000e+05  6.430000e-02  6.430000e-02  8.803291e+09  8.893823e+09  1.623470e+14  1.623470e+11  2.000000e+06
264  4.000000e+05  6.430000e-02  6.430000e-02  8.893823e+09  8.983921e+09  1.619046e+14  1.619046e+11  2.000000e+06
265  4.000000e+05  6.430000e-02  6.430000e-02  8.983921e+09  9.073581e+09  1.614656e+14  1.614656e+11  2.000000e+06
266  4.000000e+05  6.430000e-02  6.430000e-02  9.073581e+09  9.162799e+09  1.610299e+14  1.610299e+11  2.000000e+06
267  4.000000e+05  6.430000e-02  6.430000e-02  9.162799e+09  9.251571e+09  1.605975e+14  1.605975e+11  2.000000e+06
268  4.000000e+05  6.430000e-02  6.430000e-02  9.251571e+09  9.339891e+09  1.601685e+14  1.601685e+11  2.000000e+06
269  4.000000e+05  6.430000e-02  6.430000e-02  9.339891e+09  9.427757e+09  1.597428e+14  1.597428e+11  2.000000e+06
270  4.000000e+05  6.430000e-02  6.430000e-02  9.427757e+09  9.515163e+09  1.593205e+14  1.593205e+11  2.000000e+06
271  4.000000e+05  6.430000e-02  6.430000e-02  9.515163e+09  9.602105e+09  1.589015e+14  1.589015e+11  2.000000e+06
272  4.000000e+05  6.430000e-02  6.430000e-02  9.602105e+09  9.688579e+09  1.584859e+14  1.584859e+11  2.000000e+06
273  4.000000e+05  6.430000e-02  6.430000e-02  9.688579e+09  9.774581e+09  1.580736e+14  1.580736e+11  2.000000e+06
274  4.000000e+05  6.430000e-02  6.430000e-02  9.774581e+09  9.860106e+09  1.576647e+14  1.576647e+11  2.000000e+06
275  4.000000e+05  6.430000e-02  6.430000e-02  9.860106e+09  9.945151e+09  1.572591e+14  1.572591e+11  2.000000e+06
276  4.000000e+05  6.430000e-02  6.430000e-02  9.945151e+09  1.002971e+10  1.568569e+14  1.568569e+11  2.000000e+06
277  4.000000e+05  6.430000e-02  6.430000e-02  1.002971e+10  1.011378e+10  1.564580e+14  1.564580e+11  2.000000e+06
278  4.000000e+05  6.430000e-02  6.430000e-02  1.011378e+10  1.019736e+10  1.560624e+14  1.560624e+11  2.000000e+06
279  4.000000e+05  6.430000e-02  6.430000e-02  1.019736e+10  1.028044e+10  1.556702e+14  1.556702e+11  2.000000e+06
280  4.000000e+05  6.430000e-02  6.430000e-02  1.028044e+10  1.036302e+10  1.552814e+14  1.552814e+11  2.000000e+06
281  4.000000e+05  6.430000e-02  6.430000e-02  1.036302e+10  1.044510e+10  1.548958e+14  1.548958e+11  2.000000e+06
282  4.000000e+05  6.430000e-02  6.430000e-02  1.044510e+10  1.052666e+10  1.545137e+14  1.545137e+11  2.000000e+06
283  4.000000e+05  6.430000e-02  6.430000e-02  1.052666e+10  1.060772e+10  1.541348e+14  1.541348e+11  2.000000e+06
284  4.000000e+05  6.430000e-02  6.430000e-02  1.060772e+10  1.068825e+10  1.537593e+14  1.537593e+11  2.000000e+06
285  4.000000e+05  6.430000e-02  6.430000e-02  1.068825e+10  1.076827e+10  1.533871e+14  1.533871e+11  2.000000e+06
286  4.000000e+05  6.430000e-02  6.430000e-02  1.076827e+10  1.084776e+10  1.530183e+14  1.530183e+11  2.000000e+06
287  4.000000e+05  6.430000e-02  6.430000e-02  1.084776e+10  1.092672e+10  1.526528e+14  1.526528e+11  2.000000e+06
288  4.000000e+05  6.430000e-02  6.430000e-02  1.092672e+10  1.100515e+10  1.522906e+14  1.522906e+11  2.000000e+06
289  4.000000e+05  6.430000e-02  6.430000e-02  1.100515e+10  1.108304e+10  1.519318e+14  1.519318e+11  2.000000e+06
290  4.000000e+05  6.430000e-02  6.430000e-02  1.108304e+10  1.116040e+10  1.515762e+14  1.515762e+11  2.000000e+06
291  4.000000e+05  6.430000e-02  6.430000e-02  1.116040e+10  1.123721e+10  1.512240e+14  1.512240e+11  2.000000e+06
292  4.000000e+05  6.430000e-02  6.430000e-02  1.123721e+10  1.131347e+10  1.508752e+14  1.508752e+11  2.000000e+06
293  4.000000e+05  6.430000e-02  6.430000e-02  1.131347e+10  1.138918e+10  1.505296e+14  1.505296e+11  2.000000e+06
294  4.000000e+05  6.430000e-02  6.430000e-02  1.138918e+10  1.146433e+10  1.501873e+14  1.501873e+11  2.000000e+06
295  4.000000e+05  6.430000e-02  6.430000e-02  1.146433e+10  1.153893e+10  1.498484e+14  1.498484e+11  2.000000e+06
296  4.000000e+05  6.430000e-02  6.430000e-02  1.153893e+10  1.161296e+10  1.495128e+14  1.495128e+11  2.000000e+06
297  4.000000e+05  6.430000e-02  6.430000e-02  1.161296e+10  1.168643e+10  1.491805e+14  1.491805e+11  2.000000e+06
298  4.000000e+05  6.430000e-02  6.430000e-02  1.168643e+10  1.175932e+10  1.488515e+14  1.488515e+11  2.000000e+06
299  4.000000e+05  6.430000e-02  6.430000e-02  1.175932e+10  1.183165e+10  1.485258e+14  1.485258e+11  2.000000e+06
300  4.000000e+05  6.430000e-02  6.430000e-02  1.183165e+10  1.190340e+10  1.482034e+14  1.482034e+11  2.000000e+06
301  4.000000e+05  6.430000e-02  6.430000e-02  1.190340e+10  1.197457e+10  1.478843e+14  1.478843e+11  2.000000e+06
302  4.000000e+05  6.430000e-02  6.430000e-02  1.197457e+10  1.204515e+10  1.475685e+14  1.475685e+11  2.000000e+06
303  4.000000e+05  6.430000e-02  6.430000e-02  1.204515e+10  1.211515e+10  1.472560e+14  1.472560e+11  2.000000e+06
304  4.000000e+05  6.430000e-02  6.430000e-02  1.211515e+10  1.218455e+10  1.469467e+14  1.469467e+11  2.000000e+06
305  4.000000e+05  6.430000e-02  6.430000e-02  1.218455e+10  1.225337e+10  1.466408e+14  1.466408e+11  2.000000e+06
306  4.000000e+05  6.430000e-02  6.430000e-02  1.225337e+10  1.232158e+10  1.463381e+14  1.463381e+11  2.000000e+06
307  4.000000e+05  6.430000e-02  6.430000e-02  1.232158e+10  1.238920e+10  1.460388e+14  1.460388e+11  2.000000e+06
308  4.000000e+05  6.430000e-02  6.430000e-02  1.238920e+10  1.245621e+10  1.457427e+14  1.457427e+11  2.000000e+06
309  4.000000e+05  6.430000e-02  6.430000e-02  1.245621e+10  1.252261e+10  1.454499e+14  1.454499e+11  2.000000e+06
310  4.000000e+05  6.430000e-02  6.430000e-02  1.252261e+10  1.258841e+10  1.451603e+14  1.451603e+11  2.000000e+06
311  4.000000e+05  6.430000e-02  6.430000e-02  1.258841e+10  1.265359e+10  1.448740e+14  1.448740e+11  2.000000e+06
312  4.000000e+05  6.430000e-02  6.430000e-02  1.265359e+10  1.271815e+10  1.445910e+14  1.445910e+11  2.000000e+06
313  4.000000e+05  6.430000e-02  6.430000e-02  1.271815e+10  1.278209e+10  1.443113e+14  1.443113e+11  2.000000e+06
314  4.000000e+05  6.430000e-02  6.430000e-02  1.278209e+10  1.284541e+10  1.440348e+14  1.440348e+11  2.000000e+06
315  4.000000e+05  6.430000e-02  6.430000e-02  1.284541e+10  1.290811e+10  1.437615e+14  1.437615e+11  2.000000e+06
316  4.000000e+05  6.430000e-02  6.430000e-02  1.290811e+10  1.297017e+10  1.434915e+14  1.434915e+11  2.000000e+06
317  4.000000e+05  6.430000e-02  6.430000e-02  1.297017e+10  1.303161e+10  1.432248e+14  1.432248e+11  2.000000e+06
318  4.000000e+05  6.430000e-02  6.430000e-02  1.303161e+10  1.309241e+10  1.429613e+14  1.429613e+11  2.000000e+06
319  4.000000e+05  6.430000e-02  6.430000e-02  1.309241e+10  1.315257e+10  1.427011e+14  1.427011e+11  2.000000e+06
320  4.000000e+05  6.430000e-02  6.430000e-02  1.315257e+10  1.321209e+10  1.424441e+14  1.424441e+11  2.000000e+06
321  4.000000e+05  6.430000e-02  6.430000e-02  1.321209e+10  1.327096e+10  1.421903e+14  1.421903e+11  2.000000e+06
322  4.000000e+05  6.430000e-02  6.430000e-02  1.327096e+10  1.332919e+10  1.419397e+14  1.419397e+11  2.000000e+06
323  4.000000e+05  6.430000e-02  6.430000e-02  1.332919e+10  1.338677e+10  1.416924e+14  1.416924e+11  2.000000e+06
324  4.000000e+05  6.430000e-02  6.430000e-02  1.338677e+10  1.344369e+10  1.414484e+14  1.414484e+11  2.000000e+06
325  4.000000e+05  6.430000e-02  6.430000e-02  1.344369e+10  1.349996e+10  1.412075e+14  1.412075e+11  2.000000e+06
326  4.000000e+05  6.430000e-02  6.430000e-02  1.349996e+10  1.355558e+10  1.409698e+14  1.409698e+11  2.000000e+06
327  4.000000e+05  6.430000e-02  6.430000e-02  1.355558e+10  1.361053e+10  1.407354e+14  1.407354e+11  2.000000e+06
328  4.000000e+05  6.430000e-02  6.430000e-02  1.361053e+10  1.366482e+10  1.405042e+14  1.405042e+11  2.000000e+06
329  4.000000e+05  6.430000e-02  6.430000e-02  1.366482e+10  1.371844e+10  1.402762e+14  1.402762e+11  2.000000e+06
330  4.000000e+05  6.430000e-02  6.430000e-02  1.371844e+10  1.377140e+10  1.400514e+14  1.400514e+11  2.000000e+06
331  4.000000e+05  6.430000e-02  6.430000e-02  1.377140e+10  1.382368e+10  1.398298e+14  1.398298e+11  2.000000e+06
332  4.000000e+05  6.430000e-02  6.430000e-02  1.382368e+10  1.387529e+10  1.396114e+14  1.396114e+11  2.000000e+06
333  4.000000e+05  6.430000e-02  6.430000e-02  1.387529e+10  1.392622e+10  1.393962e+14  1.393962e+11  2.000000e+06
334  4.000000e+05  6.430000e-02  6.430000e-02  1.392622e+10  1.397648e+10  1.391842e+14  1.391842e+11  2.000000e+06
335  4.000000e+05  6.430000e-02  6.430000e-02  1.397648e+10  1.402605e+10  1.389754e+14  1.389754e+11  2.000000e+06
336  4.000000e+05  6.430000e-02  6.430000e-02  1.402605e+10  1.407494e+10  1.387698e+14  1.387698e+11  2.000000e+06
337  4.000000e+05  6.430000e-02  6.430000e-02  1.407494e+10  1.412314e+10  1.385673e+14  1.385673e+11  2.000000e+06
338  4.000000e+05  6.430000e-02  6.430000e-02  1.412314e+10  1.417066e+10  1.383680e+14  1.383680e+11  2.000000e+06
339  4.000000e+05  6.430000e-02  6.430000e-02  1.417066e+10  1.421748e+10  1.381720e+14  1.381720e+11  2.000000e+06
340  4.000000e+05  6.430000e-02  6.430000e-02  1.421748e+10  1.426362e+10  1.379790e+14  1.379790e+11  2.000000e+06
341  4.000000e+05  6.430000e-02  6.430000e-02  1.426362e+10  1.430905e+10  1.377893e+14  1.377893e+11  2.000000e+06
342  4.000000e+05  6.430000e-02  6.430000e-02  1.430905e+10  1.435379e+10  1.376027e+14  1.376027e+11  2.000000e+06
343  4.000000e+05  6.430000e-02  6.430000e-02  1.435379e+10  1.439783e+10  1.374193e+14  1.374193e+11  2.000000e+06
344  4.000000e+05  6.430000e-02  6.430000e-02  1.439783e+10  1.444117e+10  1.372390e+14  1.372390e+11  2.000000e+06
345  4.000000e+05  6.430000e-02  6.430000e-02  1.444117e+10  1.448380e+10  1.370619e+14  1.370619e+11  2.000000e+06
346  4.000000e+05  6.430000e-02  6.430000e-02  1.448380e+10  1.452573e+10  1.368880e+14  1.368880e+11  2.000000e+06
347  4.000000e+05  6.430000e-02  6.430000e-02  1.452573e+10  1.456695e+10  1.367172e+14  1.367172e+11  2.000000e+06
348  4.000000e+05  6.430000e-02  6.430000e-02  1.456695e+10  1.460746e+10  1.365496e+14  1.365496e+11  2.000000e+06
349  4.000000e+05  6.430000e-02  6.430000e-02  1.460746e+10  1.464726e+10  1.363851e+14  1.363851e+11  2.000000e+06
350  4.000000e+05  6.430000e-02  6.430000e-02  1.464726e+10  1.468634e+10  1.362237e+14  1.362237e+11  2.000000e+06
351  4.000000e+05  6.430000e-02  6.430000e-02  1.468634e+10  1.472471e+10  1.360655e+14  1.360655e+11  2.000000e+06
352  4.000000e+05  6.430000e-02  6.430000e-02  1.472471e+10  1.476236e+10  1.359105e+14  1.359105e+11  2.000000e+06
353  4.000000e+05  6.430000e-02  6.430000e-02  1.476236e+10  1.479929e+10  1.357585e+14  1.357585e+11  2.000000e+06
354  4.000000e+05  6.430000e-02  6.430000e-02  1.479929e+10  1.483550e+10  1.356097e+14  1.356097e+11  2.000000e+06
355  4.000000e+05  6.430000e-02  6.430000e-02  1.483550e+10  1.487099e+10  1.354640e+14  1.354640e+11  2.000000e+06
356  4.000000e+05  6.430000e-02  6.430000e-02  1.487099e+10  1.490575e+10  1.353215e+14  1.353215e+11  2.000000e+06
357  4.000000e+05  6.430000e-02  6.430000e-02  1.490575e+10  1.493979e+10  1.351821e+14  1.351821e+11  2.000000e+06
358  4.000000e+05  6.430000e-02  6.430000e-02  1.493979e+10  1.497310e+10  1.350458e+14  1.350458e+11  2.000000e+06
359  4.000000e+05  6.430000e-02  6.430000e-02  1.497310e+10  1.500567e+10  1.349126e+14  1.349126e+11  2.000000e+06
360  4.000000e+05  6.430000e-02  6.430000e-02  1.500567e+10  1.503752e+10  1.347825e+14  1.347825e+11  2.000000e+06
361  4.000000e+05  6.430000e-02  6.430000e-02  1.503752e+10  1.506863e+10  1.346556e+14  1.346556e+11  2.000000e+06
362  4.000000e+05  6.430000e-02  6.430000e-02  1.506863e+10  1.509901e+10  1.345317e+14  1.345317e+11  2.000000e+06
363  4.000000e+05  6.430000e-02  6.430000e-02  1.509901e+10  1.512866e+10  1.344110e+14  1.344110e+11  2.000000e+06
364  4.000000e+05  6.430000e-02  6.430000e-02  1.512866e+10  1.515756e+10  1.342934e+14  1.342934e+11  2.000000e+06
365  4.000000e+05  6.430000e-02  6.430000e-02  1.515756e+10  1.518573e+10  1.341789e+14  1.341789e+11  2.000000e+06
366  4.000000e+05  6.430000e-02  6.430000e-02  1.518573e+10  1.521316e+10  1.340675e+14  1.340675e+11  2.000000e+06
367  4.000000e+05  6.430000e-02  6.430000e-02  1.521316e+10  1.523984e+10  1.339591e+14  1.339591e+11  2.000000e+06
368  4.000000e+05  6.430000e-02  6.430000e-02  1.523984e+10  1.526578e+10  1.338539e+14  1.338539e+11  2.000000e+06
369  4.000000e+05  6.430000e-02  6.430000e-02  1.526578e+10  1.529098e+10  1.337518e+14  1.337518e+11  2.000000e+06
370  4.000000e+05  6.430000e-02  6.430000e-02  1.529098e+10  1.531544e+10  1.336528e+14  1.336528e+11  2.000000e+06
371  4.000000e+05  6.430000e-02  6.430000e-02  1.531544e+10  1.533914e+10  1.335569e+14  1.335569e+11  2.000000e+06
372  4.000000e+05  6.430000e-02  6.430000e-02  1.533914e+10  1.536210e+10  1.334640e+14  1.334640e+11  2.000000e+06
373  4.000000e+05  6.430000e-02  6.430000e-02  1.536210e+10  1.538431e+10  1.333743e+14  1.333743e+11  2.000000e+06
374  4.000000e+05  6.430000e-02  6.430000e-02  1.538431e+10  1.540577e+10  1.332876e+14  1.332876e+11  2.000000e+06
375  4.000000e+05  6.430000e-02  6.430000e-02  1.540577e+10  1.542648e+10  1.332040e+14  1.332040e+11  2.000000e+06
376  4.000000e+05  6.430000e-02  6.430000e-02  1.542648e+10  1.544644e+10  1.331235e+14  1.331235e+11  2.000000e+06
377  4.000000e+05  6.430000e-02  6.430000e-02  1.544644e+10  1.546565e+10  1.330461e+14  1.330461e+11  2.000000e+06
378  4.000000e+05  6.430000e-02  6.430000e-02  1.546565e+10  1.548410e+10  1.329718e+14  1.329718e+11  2.000000e+06
379  4.000000e+05  6.430000e-02  6.430000e-02  1.548410e+10  1.550180e+10  1.329005e+14  1.329005e+11  2.000000e+06
380  4.000000e+05  6.430000e-02  6.430000e-02  1.550180e+10  1.551874e+10  1.328324e+14  1.328324e+11  2.000000e+06
381  4.000000e+05  6.430000e-02  6.430000e-02  1.551874e+10  1.553492e+10  1.327673e+14  1.327673e+11  2.000000e+06
382  4.000000e+05  6.430000e-02  6.430000e-02  1.553492e+10  1.555035e+10  1.327053e+14  1.327053e+11  2.000000e+06
383  4.000000e+05  6.430000e-02  6.430000e-02  1.555035e+10  1.556502e+10  1.326463e+14  1.326463e+11  2.000000e+06
384  4.000000e+05  6.430000e-02  6.430000e-02  1.556502e+10  1.557893e+10  1.325904e+14  1.325904e+11  2.000000e+06
385  4.000000e+05  6.430000e-02  6.430000e-02  1.557893e+10  1.559208e+10  1.325376e+14  1.325376e+11  2.000000e+06
386  4.000000e+05  6.430000e-02  6.430000e-02  1.559208e+10  1.560447e+10  1.324879e+14  1.324879e+11  2.000000e+06
387  4.000000e+05  6.430000e-02  6.430000e-02  1.560447e+10  1.561611e+10  1.324412e+14  1.324412e+11  2.000000e+06
388  4.000000e+05  6.430000e-02  6.430000e-02  1.561611e+10  1.562698e+10  1.323976e+14  1.323976e+11  2.000000e+06
389  4.000000e+05  6.430000e-02  6.430000e-02  1.562698e+10  1.563708e+10  1.323571e+14  1.323571e+11  2.000000e+06
390  4.000000e+05  6.430000e-02  6.430000e-02  1.563708e+10  1.564643e+10  1.323196e+14  1.323196e+11  2.000000e+06
391  4.000000e+05  6.430000e-02  6.430000e-02  1.564643e+10  1.565502e+10  1.322852e+14  1.322852e+11  2.000000e+06
392  4.000000e+05  6.430000e-02  6.430000e-02  1.565502e+10  1.566284e+10  1.322539e+14  1.322539e+11  2.000000e+06
393  4.000000e+05  6.430000e-02  6.430000e-02  1.566284e+10  1.566989e+10  1.322256e+14  1.322256e+11  2.000000e+06
394  4.000000e+05  6.430000e-02  6.430000e-02  1.566989e+10  1.567619e+10  1.322004e+14  1.322004e+11  2.000000e+06
395  4.000000e+05  6.430000e-02  6.430000e-02  1.567619e+10  1.568172e+10  1.321783e+14  1.321783e+11  2.000000e+06
396  4.000000e+05  6.430000e-02  6.430000e-02  1.568172e+10  1.568648e+10  1.321592e+14  1.321592e+11  2.000000e+06
397  4.000000e+05  6.430000e-02  6.430000e-02  1.568648e+10  1.569048e+10  1.321432e+14  1.321432e+11  2.000000e+06
398  4.000000e+05  6.430000e-02  6.430000e-02  1.569048e+10  1.569372e+10  1.321303e+14  1.321303e+11  2.000000e+06
399  4.000000e+05  6.430000e-02  6.430000e-02  1.569372e+10  1.569619e+10  1.321204e+14  1.321204e+11  2.000000e+06
400  4.000000e+05  6.430000e-02  6.430000e-02  1.569619e+10  1.569790e+10  1.321135e+14  1.321135e+11  2.000000e+06
401  4.000000e+05  6.430000e-02  6.430000e-02  1.569790e+10  1.569884e+10  1.321098e+14  1.321098e+11  2.000000e+06
402  2.920889e+05  6.430000e-02  6.430000e-02  1.569884e+10  1.569904e+10  1.321088e+14  1.321088e+11  2.000000e+06
403  2.920889e+05  6.430000e-02  6.430000e-02  1.569904e+10  1.569884e+10  1.321088e+14  1.321088e+11  2.000000e+06
404  4.000000e+05  6.430000e-02  6.430000e-02  1.569884e+10  1.569790e+10  1.321098e+14  1.321098e+11  2.000000e+06
405  4.000000e+05  6.430000e-02  6.430000e-02  1.569790e+10  1.569619e+10  1.321135e+14  1.321135e+11  2.000000e+06
406  4.000000e+05  6.430000e-02  6.430000e-02  1.569619e+10  1.569372e+10  1.321204e+14  1.321204e+11  2.000000e+06
407  4.000000e+05  6.430000e-02  6.430000e-02  1.569372e+10  1.569048e+10  1.321303e+14  1.321303e+11  2.000000e+06
408  4.000000e+05  6.430000e-02  6.430000e-02  1.569048e+10  1.568648e+10  1.321432e+14  1.321432e+11  2.000000e+06
409  4.000000e+05  6.430000e-02  6.430000e-02  1.568648e+10  1.568172e+10  1.321592e+14  1.321592e+11  2.000000e+06
410  4.000000e+05  6.430000e-02  6.430000e-02  1.568172e+10  1.567619e+10  1.321783e+14  1.321783e+11  2.000000e+06
411  4.000000e+05  6.430000e-02  6.430000e-02  1.567619e+10  1.566989e+10  1.322004e+14  1.322004e+11  2.000000e+06
412  4.000000e+05  6.430000e-02  6.430000e-02  1.566989e+10  1.566284e+10  1.322256e+14  1.322256e+11  2.000000e+06
413  4.000000e+05  6.430000e-02  6.430000e-02  1.566284e+10  1.565502e+10  1.322539e+14  1.322539e+11  2.000000e+06
414  4.000000e+05  6.430000e-02  6.430000e-02  1.565502e+10  1.564643e+10  1.322852e+14  1.322852e+11  2.000000e+06
415  4.000000e+05  6.430000e-02  6.430000e-02  1.564643e+10  1.563708e+10  1.323196e+14  1.323196e+11  2.000000e+06
416  4.000000e+05  6.430000e-02  6.430000e-02  1.563708e+10  1.562698e+10  1.323571e+14  1.323571e+11  2.000000e+06
417  4.000000e+05  6.430000e-02  6.430000e-02  1.562698e+10  1.561611e+10  1.323976e+14  1.323976e+11  2.000000e+06
418  4.000000e+05  6.430000e-02  6.430000e-02  1.561611e+10  1.560447e+10  1.324412e+14  1.324412e+11  2.000000e+06
419  4.000000e+05  6.430000e-02  6.430000e-02  1.560447e+10  1.559208e+10  1.324879e+14  1.324879e+11  2.000000e+06
420  4.000000e+05  6.430000e-02  6.430000e-02  1.559208e+10  1.557893e+10  1.325376e+14  1.325376e+11  2.000000e+06
421  4.000000e+05  6.430000e-02  6.430000e-02  1.557893e+10  1.556502e+10  1.325904e+14  1.325904e+11  2.000000e+06
422  4.000000e+05  6.430000e-02  6.430000e-02  1.556502e+10  1.555035e+10  1.326463e+14  1.326463e+11  2.000000e+06
423  4.000000e+05  6.430000e-02  6.430000e-02  1.555035e+10  1.553492e+10  1.327053e+14  1.327053e+11  2.000000e+06
424  4.000000e+05  6.430000e-02  6.430000e-02  1.553492e+10  1.551874e+10  1.327673e+14  1.327673e+11  2.000000e+06
425  4.000000e+05  6.430000e-02  6.430000e-02  1.551874e+10  1.550180e+10  1.328324e+14  1.328324e+11  2.000000e+06
426  4.000000e+05  6.430000e-02  6.430000e-02  1.550180e+10  1.548410e+10  1.329005e+14  1.329005e+11  2.000000e+06
427  4.000000e+05  6.430000e-02  6.430000e-02  1.548410e+10  1.546565e+10  1.329718e+14  1.329718e+11  2.000000e+06
428  4.000000e+05  6.430000e-02  6.430000e-02  1.546565e+10  1.544644e+10  1.330461e+14  1.330461e+11  2.000000e+06
429  4.000000e+05  6.430000e-02  6.430000e-02  1.544644e+10  1.542648e+10  1.331235e+14  1.331235e+11  2.000000e+06
430  4.000000e+05  6.430000e-02  6.430000e-02  1.542648e+10  1.540577e+10  1.332040e+14  1.332040e+11  2.000000e+06
431  4.000000e+05  6.430000e-02  6.430000e-02  1.540577e+10  1.538431e+10  1.332876e+14  1.332876e+11  2.000000e+06
432  4.000000e+05  6.430000e-02  6.430000e-02  1.538431e+10  1.536210e+10  1.333743e+14  1.333743e+11  2.000000e+06
433  4.000000e+05  6.430000e-02  6.430000e-02  1.536210e+10  1.533914e+10  1.334640e+14  1.334640e+11  2.000000e+06
434  4.000000e+05  6.430000e-02  6.430000e-02  1.533914e+10  1.531544e+10  1.335569e+14  1.335569e+11  2.000000e+06
435  4.000000e+05  6.430000e-02  6.430000e-02  1.531544e+10  1.529098e+10  1.336528e+14  1.336528e+11  2.000000e+06
436  4.000000e+05  6.430000e-02  6.430000e-02  1.529098e+10  1.526578e+10  1.337518e+14  1.337518e+11  2.000000e+06
437  4.000000e+05  6.430000e-02  6.430000e-02  1.526578e+10  1.523984e+10  1.338539e+14  1.338539e+11  2.000000e+06
438  4.000000e+05  6.430000e-02  6.430000e-02  1.523984e+10  1.521316e+10  1.339591e+14  1.339591e+11  2.000000e+06
439  4.000000e+05  6.430000e-02  6.430000e-02  1.521316e+10  1.518573e+10  1.340675e+14  1.340675e+11  2.000000e+06
440  4.000000e+05  6.430000e-02  6.430000e-02  1.518573e+10  1.515756e+10  1.341789e+14  1.341789e+11  2.000000e+06
441  4.000000e+05  6.430000e-02  6.430000e-02  1.515756e+10  1.512866e+10  1.342934e+14  1.342934e+11  2.000000e+06
442  4.000000e+05  6.430000e-02  6.430000e-02  1.512866e+10  1.509901e+10  1.344110e+14  1.344110e+11  2.000000e+06
443  4.000000e+05  6.430000e-02  6.430000e-02  1.509901e+10  1.506863e+10  1.345317e+14  1.345317e+11  2.000000e+06
444  4.000000e+05  6.430000e-02  6.430000e-02  1.506863e+10  1.503752e+10  1.346556e+14  1.346556e+11  2.000000e+06
445  4.000000e+05  6.430000e-02  6.430000e-02  1.503752e+10  1.500567e+10  1.347825e+14  1.347825e+11  2.000000e+06
446  4.000000e+05  6.430000e-02  6.430000e-02  1.500567e+10  1.497310e+10  1.349126e+14  1.349126e+11  2.000000e+06
447  4.000000e+05  6.430000e-02  6.430000e-02  1.497310e+10  1.493979e+10  1.350458e+14  1.350458e+11  2.000000e+06
448  4.000000e+05  6.430000e-02  6.430000e-02  1.493979e+10  1.490575e+10  1.351821e+14  1.351821e+11  2.000000e+06
449  4.000000e+05  6.430000e-02  6.430000e-02  1.490575e+10  1.487099e+10  1.353215e+14  1.353215e+11  2.000000e+06
450  4.000000e+05  6.430000e-02  6.430000e-02  1.487099e+10  1.483550e+10  1.354640e+14  1.354640e+11  2.000000e+06
451  4.000000e+05  6.430000e-02  6.430000e-02  1.483550e+10  1.479929e+10  1.356097e+14  1.356097e+11  2.000000e+06
452  4.000000e+05  6.430000e-02  6.430000e-02  1.479929e+10  1.476236e+10  1.357585e+14  1.357585e+11  2.000000e+06
453  4.000000e+05  6.430000e-02  6.430000e-02  1.476236e+10  1.472471e+10  1.359105e+14  1.359105e+11  2.000000e+06
454  4.000000e+05  6.430000e-02  6.430000e-02  1.472471e+10  1.468634e+10  1.360655e+14  1.360655e+11  2.000000e+06
455  4.000000e+05  6.430000e-02  6.430000e-02  1.468634e+10  1.464726e+10  1.362237e+14  1.362237e+11  2.000000e+06
456  4.000000e+05  6.430000e-02  6.430000e-02  1.464726e+10  1.460746e+10  1.363851e+14  1.363851e+11  2.000000e+06
457  4.000000e+05  6.430000e-02  6.430000e-02  1.460746e+10  1.456695e+10  1.365496e+14  1.365496e+11  2.000000e+06
458  4.000000e+05  6.430000e-02  6.430000e-02  1.456695e+10  1.452573e+10  1.367172e+14  1.367172e+11  2.000000e+06
459  4.000000e+05  6.430000e-02  6.430000e-02  1.452573e+10  1.448380e+10  1.368880e+14  1.368880e+11  2.000000e+06
460  4.000000e+05  6.430000e-02  6.430000e-02  1.448380e+10  1.444117e+10  1.370619e+14  1.370619e+11  2.000000e+06
461  4.000000e+05  6.430000e-02  6.430000e-02  1.444117e+10  1.439783e+10  1.372390e+14  1.372390e+11  2.000000e+06
462  4.000000e+05  6.430000e-02  6.430000e-02  1.439783e+10  1.435379e+10  1.374193e+14  1.374193e+11  2.000000e+06
463  4.000000e+05  6.430000e-02  6.430000e-02  1.435379e+10  1.430905e+10  1.376027e+14  1.376027e+11  2.000000e+06
464  4.000000e+05  6.430000e-02  6.430000e-02  1.430905e+10  1.426362e+10  1.377893e+14  1.377893e+11  2.000000e+06
465  4.000000e+05  6.430000e-02  6.430000e-02  1.426362e+10  1.421748e+10  1.379790e+14  1.379790e+11  2.000000e+06
466  4.000000e+05  6.430000e-02  6.430000e-02  1.421748e+10  1.417066e+10  1.381720e+14  1.381720e+11  2.000000e+06
467  4.000000e+05  6.430000e-02  6.430000e-02  1.417066e+10  1.412314e+10  1.383680e+14  1.383680e+11  2.000000e+06
468  4.000000e+05  6.430000e-02  6.430000e-02  1.412314e+10  1.407494e+10  1.385673e+14  1.385673e+11  2.000000e+06
469  4.000000e+05  6.430000e-02  6.430000e-02  1.407494e+10  1.402605e+10  1.387698e+14  1.387698e+11  2.000000e+06
470  4.000000e+05  6.430000e-02  6.430000e-02  1.402605e+10  1.397648e+10  1.389754e+14  1.389754e+11  2.000000e+06
471  4.000000e+05  6.430000e-02  6.430000e-02  1.397648e+10  1.392622e+10  1.391842e+14  1.391842e+11  2.000000e+06
472  4.000000e+05  6.430000e-02  6.430000e-02  1.392622e+10  1.387529e+10  1.393962e+14  1.393962e+11  2.000000e+06
473  4.000000e+05  6.430000e-02  6.430000e-02  1.387529e+10  1.382368e+10  1.396114e+14  1.396114e+11  2.000000e+06
474  4.000000e+05  6.430000e-02  6.430000e-02  1.382368e+10  1.377140e+10  1.398298e+14  1.398298e+11  2.000000e+06
475  4.000000e+05  6.430000e-02  6.430000e-02  1.377140e+10  1.371844e+10  1.400514e+14  1.400514e+11  2.000000e+06
476  4.000000e+05  6.430000e-02  6.430000e-02  1.371844e+10  1.366482e+10  1.402762e+14  1.402762e+11  2.000000e+06
477  4.000000e+05  6.430000e-02  6.430000e-02  1.366482e+10  1.361053e+10  1.405042e+14  1.405042e+11  2.000000e+06
478  4.000000e+05  6.430000e-02  6.430000e-02  1.361053e+10  1.355558e+10  1.407354e+14  1.407354e+11  2.000000e+06
479  4.000000e+05  6.430000e-02  6.430000e-02  1.355558e+10  1.349996e+10  1.409698e+14  1.409698e+11  2.000000e+06
480  4.000000e+05  6.430000e-02  6.430000e-02  1.349996e+10  1.344369e+10  1.412075e+14  1.412075e+11  2.000000e+06
481  4.000000e+05  6.430000e-02  6.430000e-02  1.344369e+10  1.338677e+10  1.414484e+14  1.414484e+11  2.000000e+06
482  4.000000e+05  6.430000e-02  6.430000e-02  1.338677e+10  1.332919e+10  1.416924e+14  1.416924e+11  2.000000e+06
483  4.000000e+05  6.430000e-02  6.430000e-02  1.332919e+10  1.327096e+10  1.419397e+14  1.419397e+11  2.000000e+06
484  4.000000e+05  6.430000e-02  6.430000e-02  1.327096e+10  1.321209e+10  1.421903e+14  1.421903e+11  2.000000e+06
485  4.000000e+05  6.430000e-02  6.430000e-02  1.321209e+10  1.315257e+10  1.424441e+14  1.424441e+11  2.000000e+06
486  4.000000e+05  6.430000e-02  6.430000e-02  1.315257e+10  1.309241e+10  1.427011e+14  1.427011e+11  2.000000e+06
487  4.000000e+05  6.430000e-02  6.430000e-02  1.309241e+10  1.303161e+10  1.429613e+14  1.429613e+11  2.000000e+06
488  4.000000e+05  6.430000e-02  6.430000e-02  1.303161e+10  1.297017e+10  1.432248e+14  1.432248e+11  2.000000e+06
489  4.000000e+05  6.430000e-02  6.430000e-02  1.297017e+10  1.290811e+10  1.434915e+14  1.434915e+11  2.000000e+06
490  4.000000e+05  6.430000e-02  6.430000e-02  1.290811e+10  1.284541e+10  1.437615e+14  1.437615e+11  2.000000e+06
491  4.000000e+05  6.430000e-02  6.430000e-02  1.284541e+10  1.278209e+10  1.440348e+14  1.440348e+11  2.000000e+06
492  4.000000e+05  6.430000e-02  6.430000e-02  1.278209e+10  1.271815e+10  1.443113e+14  1.443113e+11  2.000000e+06
493  4.000000e+05  6.430000e-02  6.430000e-02  1.271815e+10  1.265359e+10  1.445910e+14  1.445910e+11  2.000000e+06
494  4.000000e+05  6.430000e-02  6.430000e-02  1.265359e+10  1.258841e+10  1.448740e+14  1.448740e+11  2.000000e+06
495  4.000000e+05  6.430000e-02  6.430000e-02  1.258841e+10  1.252261e+10  1.451603e+14  1.451603e+11  2.000000e+06
496  4.000000e+05  6.430000e-02  6.430000e-02  1.252261e+10  1.245621e+10  1.454499e+14  1.454499e+11  2.000000e+06
497  4.000000e+05  6.430000e-02  6.430000e-02  1.245621e+10  1.238920e+10  1.457427e+14  1.457427e+11  2.000000e+06
498  4.000000e+05  6.430000e-02  6.430000e-02  1.238920e+10  1.232158e+10  1.460388e+14  1.460388e+11  2.000000e+06
499  4.000000e+05  6.430000e-02  6.430000e-02  1.232158e+10  1.225337e+10  1.463381e+14  1.463381e+11  2.000000e+06
500  4.000000e+05  6.430000e-02  6.430000e-02  1.225337e+10  1.218455e+10  1.466408e+14  1.466408e+11  2.000000e+06
501  4.000000e+05  6.430000e-02  6.430000e-02  1.218455e+10  1.211515e+10  1.469467e+14  1.469467e+11  2.000000e+06
502  4.000000e+05  6.430000e-02  6.430000e-02  1.211515e+10  1.204515e+10  1.472560e+14  1.472560e+11  2.000000e+06
503  4.000000e+05  6.430000e-02  6.430000e-02  1.204515e+10  1.197457e+10  1.475685e+14  1.475685e+11  2.000000e+06
504  4.000000e+05  6.430000e-02  6.430000e-02  1.197457e+10  1.190340e+10  1.478843e+14  1.478843e+11  2.000000e+06
505  4.000000e+05  6.430000e-02  6.430000e-02  1.190340e+10  1.183165e+10  1.482034e+14  1.482034e+11  2.000000e+06
506  4.000000e+05  6.430000e-02  6.430000e-02  1.183165e+10  1.175932e+10  1.485258e+14  1.485258e+11  2.000000e+06
507  4.000000e+05  6.430000e-02  6.430000e-02  1.175932e+10  1.168643e+10  1.488515e+14  1.488515e+11  2.000000e+06
508  4.000000e+05  6.430000e-02  6.430000e-02  1.168643e+10  1.161296e+10  1.491805e+14  1.491805e+11  2.000000e+06
509  4.000000e+05  6.430000e-02  6.430000e-02  1.161296e+10  1.153893e+10  1.495128e+14  1.495128e+11  2.000000e+06
510  4.000000e+05  6.430000e-02  6.430000e-02  1.153893e+10  1.146433e+10  1.498484e+14  1.498484e+11  2.000000e+06
511  4.000000e+05  6.430000e-02  6.430000e-02  1.146433e+10  1.138918e+10  1.501873e+14  1.501873e+11  2.000000e+06
512  4.000000e+05  6.430000e-02  6.430000e-02  1.138918e+10  1.131347e+10  1.505296e+14  1.505296e+11  2.000000e+06
513  4.000000e+05  6.430000e-02  6.430000e-02  1.131347e+10  1.123721e+10  1.508752e+14  1.508752e+11  2.000000e+06
514  4.000000e+05  6.430000e-02  6.430000e-02  1.123721e+10  1.116040e+10  1.512240e+14  1.512240e+11  2.000000e+06
515  4.000000e+05  6.430000e-02  6.430000e-02  1.116040e+10  1.108304e+10  1.515762e+14  1.515762e+11  2.000000e+06
516  4.000000e+05  6.430000e-02  6.430000e-02  1.108304e+10  1.100515e+10  1.519318e+14  1.519318e+11  2.000000e+06
517  4.000000e+05  6.430000e-02  6.430000e-02  1.100515e+10  1.092672e+10  1.522906e+14  1.522906e+11  2.000000e+06
518  4.000000e+05  6.430000e-02  6.430000e-02  1.092672e+10  1.084776e+10  1.526528e+14  1.526528e+11  2.000000e+06
519  4.000000e+05  6.430000e-02  6.430000e-02  1.084776e+10  1.076827e+10  1.530183e+14  1.530183e+11  2.000000e+06
520  4.000000e+05  6.430000e-02  6.430000e-02  1.076827e+10  1.068825e+10  1.533871e+14  1.533871e+11  2.000000e+06
521  4.000000e+05  6.430000e-02  6.430000e-02  1.068825e+10  1.060772e+10  1.537593e+14  1.537593e+11  2.000000e+06
522  4.000000e+05  6.430000e-02  6.430000e-02  1.060772e+10  1.052666e+10  1.541348e+14  1.541348e+11  2.000000e+06
523  4.000000e+05  6.430000e-02  6.430000e-02  1.052666e+10  1.044510e+10  1.545137e+14  1.545137e+11  2.000000e+06
524  4.000000e+05  6.430000e-02  6.430000e-02  1.044510e+10  1.036302e+10  1.548958e+14  1.548958e+11  2.000000e+06
525  4.000000e+05  6.430000e-02  6.430000e-02  1.036302e+10  1.028044e+10  1.552814e+14  1.552814e+11  2.000000e+06
526  4.000000e+05  6.430000e-02  6.430000e-02  1.028044e+10  1.019736e+10  1.556702e+14  1.556702e+11  2.000000e+06
527  4.000000e+05  6.430000e-02  6.430000e-02  1.019736e+10  1.011378e+10  1.560624e+14  1.560624e+11  2.000000e+06
528  4.000000e+05  6.430000e-02  6.430000e-02  1.011378e+10  1.002971e+10  1.564580e+14  1.564580e+11  2.000000e+06
529  4.000000e+05  6.430000e-02  6.430000e-02  1.002971e+10  9.945151e+09  1.568569e+14  1.568569e+11  2.000000e+06
530  4.000000e+05  6.430000e-02  6.430000e-02  9.945151e+09  9.860106e+09  1.572591e+14  1.572591e+11  2.000000e+06
531  4.000000e+05  6.430000e-02  6.430000e-02  9.860106e+09  9.774581e+09  1.576647e+14  1.576647e+11  2.000000e+06
532  4.000000e+05  6.430000e-02  6.430000e-02  9.774581e+09  9.688579e+09  1.580736e+14  1.580736e+11  2.000000e+06
533  4.000000e+05  6.430000e-02  6.430000e-02  9.688579e+09  9.602105e+09  1.584859e+14  1.584859e+11  2.000000e+06
534  4.000000e+05  6.430000e-02  6.430000e-02  9.602105e+09  9.515163e+09  1.589015e+14  1.589015e+11  2.000000e+06
535  4.000000e+05  6.430000e-02  6.430000e-02  9.515163e+09  9.427757e+09  1.593205e+14  1.593205e+11  2.000000e+06
536  4.000000e+05  6.430000e-02  6.430000e-02  9.427757e+09  9.339891e+09  1.597428e+14  1.597428e+11  2.000000e+06
537  4.000000e+05  6.430000e-02  6.430000e-02  9.339891e+09  9.251571e+09  1.601685e+14  1.601685e+11  2.000000e+06
538  4.000000e+05  6.430000e-02  6.430000e-02  9.251571e+09  9.162799e+09  1.605975e+14  1.605975e+11  2.000000e+06
539  4.000000e+05  6.430000e-02  6.430000e-02  9.162799e+09  9.073581e+09  1.610299e+14  1.610299e+11  2.000000e+06
540  4.000000e+05  6.430000e-02  6.430000e-02  9.073581e+09  8.983921e+09  1.614656e+14  1.614656e+11  2.000000e+06
541  4.000000e+05  6.430000e-02  6.430000e-02  8.983921e+09  8.893823e+09  1.619046e+14  1.619046e+11  2.000000e+06
542  4.000000e+05  6.430000e-02  6.430000e-02  8.893823e+09  8.803291e+09  1.623470e+14  1.623470e+11  2.000000e+06
543  4.000000e+05  6.430000e-02  6.430000e-02  8.803291e+09  8.712330e+09  1.627928e+14  1.627928e+11  2.000000e+06
544  4.000000e+05  6.430000e-02  6.430000e-02  8.712330e+09  8.620945e+09  1.632419e+14  1.632419e+11  2.000000e+06
545  4.000000e+05  6.430000e-02  6.430000e-02  8.620945e+09  8.529139e+09  1.636943e+14  1.636943e+11  2.000000e+06
546  4.000000e+05  6.430000e-02  6.430000e-02  8.529139e+09  8.436918e+09  1.641501e+14  1.641501e+11  2.000000e+06
547  4.000000e+05  6.430000e-02  6.430000e-02  8.436918e+09  8.344286e+09  1.646093e+14  1.646093e+11  2.000000e+06
548  4.000000e+05  6.430000e-02  6.430000e-02  8.344286e+09  8.251247e+09  1.650717e+14  1.650717e+11  2.000000e+06
549  4.000000e+05  6.430000e-02  6.430000e-02  8.251247e+09  8.157805e+09  1.655375e+14  1.655375e+11  2.000000e+06
550  4.000000e+05  6.430000e-02  6.430000e-02  8.157805e+09  8.063966e+09  1.660067e+14  1.660067e+11  2.000000e+06
551  4.000000e+05  6.430000e-02  6.430000e-02  8.063966e+09  7.969735e+09  1.664792e+14  1.664792e+11  2.000000e+06
552  4.000000e+05  6.430000e-02  6.430000e-02  7.969735e+09  7.875114e+09  1.669550e+14  1.669550e+11  2.000000e+06
553  4.000000e+05  6.430000e-02  6.430000e-02  7.875114e+09  7.780110e+09  1.674341e+14  1.674341e+11  2.000000e+06
554  4.000000e+05  6.430000e-02  6.430000e-02  7.780110e+09  7.684727e+09  1.679166e+14  1.679166e+11  2.000000e+06
555  4.000000e+05  6.430000e-02  6.430000e-02  7.684727e+09  7.588969e+09  1.684024e+14  1.684024e+11  2.000000e+06
556  4.000000e+05  6.430000e-02  6.430000e-02  7.588969e+09  7.492841e+09  1.688915e+14  1.688915e+11  2.000000e+06
557  4.000000e+05  6.430000e-02  6.430000e-02  7.492841e+09  7.396348e+09  1.693839e+14  1.693839e+11  2.000000e+06
558  4.000000e+05  6.430000e-02  6.430000e-02  7.396348e+09  7.299495e+09  1.698796e+14  1.698796e+11  2.000000e+06
559  4.000000e+05  6.430000e-02  6.430000e-02  7.299495e+09  7.202285e+09  1.703787e+14  1.703787e+11  2.000000e+06
560  4.000000e+05  6.430000e-02  6.430000e-02  7.202285e+09  7.104725e+09  1.708811e+14  1.708811e+11  2.000000e+06
561  4.000000e+05  6.430000e-02  6.430000e-02  7.104725e+09  7.006819e+09  1.713867e+14  1.713867e+11  2.000000e+06
562  4.000000e+05  6.430000e-02  6.430000e-02  7.006819e+09  6.908571e+09  1.718957e+14  1.718957e+11  2.000000e+06
563  4.000000e+05  6.430000e-02  6.430000e-02  6.908571e+09  6.809986e+09  1.724080e+14  1.724080e+11  2.000000e+06
564  4.000000e+05  6.430000e-02  6.430000e-02  6.809986e+09  6.711069e+09  1.729235e+14  1.729235e+11  2.000000e+06
565  4.000000e+05  6.430000e-02  6.430000e-02  6.711069e+09  6.611826e+09  1.734423e+14  1.734423e+11  2.000000e+06
566  4.000000e+05  6.430000e-02  6.430000e-02  6.611826e+09  6.512260e+09  1.739645e+14  1.739645e+11  2.000000e+06
567  4.000000e+05  6.430000e-02  6.430000e-02  6.512260e+09  6.412376e+09  1.744899e+14  1.744899e+11  2.000000e+06
568  4.000000e+05  6.430000e-02  6.430000e-02  6.412376e+09  6.312180e+09  1.750185e+14  1.750185e+11  2.000000e+06
569  4.000000e+05  6.430000e-02  6.430000e-02  6.312180e+09  6.211677e+09  1.755504e+14  1.755504e+11  2.000000e+06
570  4.000000e+05  6.430000e-02  6.430000e-02  6.211677e+09  6.110871e+09  1.760856e+14  1.760856e+11  2.000000e+06
571  4.000000e+05  6.430000e-02  6.430000e-02  6.110871e+09  6.009766e+09  1.766240e+14  1.766240e+11  2.000000e+06
572  4.000000e+05  6.430000e-02  6.430000e-02  6.009766e+09  5.908369e+09  1.771657e+14  1.771657e+11  2.000000e+06
573  4.000000e+05  6.430000e-02  6.430000e-02  5.908369e+09  5.806684e+09  1.777106e+14  1.777106e+11  2.000000e+06
574  4.000000e+05  6.430000e-02  6.430000e-02  5.806684e+09  5.704716e+09  1.782588e+14  1.782588e+11  2.000000e+06
575  4.000000e+05  6.430000e-02  6.430000e-02  5.704716e+09  5.602470e+09  1.788101e+14  1.788101e+11  2.000000e+06
576  4.000000e+05  6.430000e-02  6.430000e-02  5.602470e+09  5.499951e+09  1.793647e+14  1.793647e+11  2.000000e+06
577  4.000000e+05  6.430000e-02  6.430000e-02  5.499951e+09  5.397164e+09  1.799225e+14  1.799225e+11  2.000000e+06
578  4.000000e+05  6.430000e-02  6.430000e-02  5.397164e+09  5.294114e+09  1.804835e+14  1.804835e+11  2.000000e+06
579  4.000000e+05  6.430000e-02  6.430000e-02  5.294114e+09  5.190806e+09  1.810477e+14  1.810477e+11  2.000000e+06
580  4.000000e+05  6.430000e-02  6.430000e-02  5.190806e+09  5.087244e+09  1.816151e+14  1.816151e+11  2.000000e+06
581  4.000000e+05  6.430000e-02  6.430000e-02  5.087244e+09  4.983435e+09  1.821856e+14  1.821856e+11  2.000000e+06
582  4.000000e+05  6.430000e-02  6.430000e-02  4.983435e+09  4.879383e+09  1.827593e+14  1.827593e+11  2.000000e+06
583  4.000000e+05  6.430000e-02  6.430000e-02  4.879383e+09  4.775093e+09  1.833362e+14  1.833362e+11  2.000000e+06
584  4.000000e+05  6.430000e-02  6.430000e-02  4.775093e+09  4.670571e+09  1.839162e+14  1.839162e+11  2.000000e+06
585  4.000000e+05  6.430000e-02  6.430000e-02  4.670571e+09  4.565820e+09  1.844993e+14  1.844993e+11  2.000000e+06
586  4.000000e+05  6.430000e-02  6.430000e-02  4.565820e+09  4.460848e+09  1.850856e+14  1.850856e+11  2.000000e+06
587  4.000000e+05  6.430000e-02  6.430000e-02  4.460848e+09  4.355657e+09  1.856750e+14  1.856750e+11  2.000000e+06
588  4.000000e+05  6.430000e-02  6.430000e-02  4.355657e+09  4.250255e+09  1.862674e+14  1.862674e+11  2.000000e+06
589  4.000000e+05  6.430000e-02  6.430000e-02  4.250255e+09  4.144645e+09  1.868630e+14  1.868630e+11  2.000000e+06
590  4.000000e+05  6.430000e-02  6.430000e-02  4.144645e+09  4.038834e+09  1.874617e+14  1.874617e+11  2.000000e+06
591  4.000000e+05  6.430000e-02  6.430000e-02  4.038834e+09  3.932825e+09  1.880634e+14  1.880634e+11  2.000000e+06
592  4.000000e+05  6.430000e-02  6.430000e-02  3.932825e+09  3.826625e+09  1.886682e+14  1.886682e+11  2.000000e+06
593  4.000000e+05  6.430000e-02  6.430000e-02  3.826625e+09  3.720238e+09  1.892760e+14  1.892760e+11  2.000000e+06
594  4.000000e+05  6.430000e-02  6.430000e-02  3.720238e+09  3.613670e+09  1.898868e+14  1.898868e+11  2.000000e+06
595  4.000000e+05  6.430000e-02  6.430000e-02  3.613670e+09  3.506926e+09  1.905007e+14  1.905007e+11  2.000000e+06
596  4.000000e+05  6.430000e-02  6.430000e-02  3.506926e+09  3.400011e+09  1.911176e+14  1.911176e+11  2.000000e+06
597  4.000000e+05  6.430000e-02  6.430000e-02  3.400011e+09  3.292930e+09  1.917375e+14  1.917375e+11  2.000000e+06
598  4.000000e+05  6.430000e-02  6.430000e-02  3.292930e+09  3.185689e+09  1.923603e+14  1.923603e+11  2.000000e+06
599  4.000000e+05  6.430000e-02  6.430000e-02  3.185689e+09  3.078293e+09  1.929861e+14  1.929861e+11  2.000000e+06
600  4.000000e+05  6.430000e-02  6.430000e-02  3.078293e+09  2.970746e+09  1.936149e+14  1.936149e+11  2.000000e+06
601  4.000000e+05  6.430000e-02  6.430000e-02  2.970746e+09  2.863055e+09  1.942465e+14  1.942465e+11  2.000000e+06
602  4.000000e+05  6.430000e-02  6.430000e-02  2.863055e+09  2.755224e+09  1.948811e+14  1.948811e+11  2.000000e+06
603  4.000000e+05  6.430000e-02  6.430000e-02  2.755224e+09  2.647259e+09  1.955186e+14  1.955186e+11  2.000000e+06
604  4.000000e+05  6.430000e-02  6.430000e-02  2.647259e+09  2.539165e+09  1.961590e+14  1.961590e+11  2.000000e+06
605  4.000000e+05  6.430000e-02  6.430000e-02  2.539165e+09  2.430947e+09  1.968023e+14  1.968023e+11  2.000000e+06
606  4.000000e+05  6.430000e-02  6.430000e-02  2.430947e+09  2.322610e+09  1.974484e+14  1.974484e+11  2.000000e+06
607  4.000000e+05  6.430000e-02  6.430000e-02  2.322610e+09  2.214161e+09  1.980973e+14  1.980973e+11  2.000000e+06
608  3.846365e+05  6.430000e-02  6.430000e-02  2.214161e+09  2.109775e+09  1.987365e+14  1.987365e+11  2.000000e+06
609  3.628646e+05  6.430000e-02  6.430000e-02  2.109775e+09  2.011210e+09  1.993480e+14  1.993480e+11  2.000000e+06
610  3.423251e+05  6.430000e-02  6.430000e-02  2.011210e+09  1.918150e+09  1.999271e+14  1.999271e+11  2.000000e+06
611  3.229482e+05  6.430000e-02  6.430000e-02  1.918150e+09  1.830296e+09  2.004753e+14  2.004753e+11  2.000000e+06
612  3.046681e+05  6.430000e-02  6.430000e-02  1.830296e+09  1.747360e+09  2.009944e+14  2.009944e+11  2.000000e+06
613  2.874227e+05  6.430000e-02  6.430000e-02  1.747360e+09  1.669074e+09  2.014855e+14  2.014855e+11  2.000000e+06
614  2.711535e+05  6.430000e-02  6.430000e-02  1.669074e+09  1.595181e+09  2.019503e+14  2.019503e+11  2.000000e+06
615  2.558052e+05  6.430000e-02  6.430000e-02  1.595181e+09  1.525437e+09  2.023899e+14  2.023899e+11  2.000000e+06
616  2.413257e+05  6.430000e-02  6.430000e-02  1.525437e+09  1.459614e+09  2.028058e+14  2.028058e+11  2.000000e+06
617  2.276657e+05  6.430000e-02  6.430000e-02  1.459614e+09  1.397492e+09  2.031990e+14  2.031990e+11  2.000000e+06
618  2.147790e+05  6.430000e-02  6.430000e-02  1.397492e+09  1.338866e+09  2.035709e+14  2.035709e+11  2.000000e+06
619  2.026217e+05  6.430000e-02  6.430000e-02  1.338866e+09  1.283542e+09  2.039224e+14  2.039224e+11  2.000000e+06
620  1.911525e+05  6.430000e-02  6.430000e-02  1.283542e+09  1.231335e+09  2.042547e+14  2.042547e+11  2.000000e+06
621  1.803326e+05  6.430000e-02  6.430000e-02  1.231335e+09  1.182070e+09  2.045687e+14  2.045687e+11  2.000000e+06
622  1.701251e+05  6.430000e-02  6.430000e-02  1.182070e+09  1.135583e+09  2.048656e+14  2.048656e+11  2.000000e+06
623  1.604954e+05  6.430000e-02  6.430000e-02  1.135583e+09  1.091718e+09  2.051460e+14  2.051460e+11  2.000000e+06
624  1.514107e+05  6.430000e-02  6.430000e-02  1.091718e+09  1.050328e+09  2.054110e+14  2.054110e+11  2.000000e+06
625  1.428403e+05  6.430000e-02  6.430000e-02  1.050328e+09  1.011274e+09  2.056614e+14  2.056614e+11  2.000000e+06
626  1.347550e+05  6.430000e-02  6.430000e-02  1.011274e+09  9.744251e+08  2.058979e+14  2.058979e+11  2.000000e+06
627  1.271274e+05  6.430000e-02  6.430000e-02  9.744251e+08  9.396570e+08  2.061213e+14  2.061213e+11  2.000000e+06
628  1.199315e+05  6.430000e-02  6.430000e-02  9.396570e+08  9.068526e+08  2.063323e+14  2.063323e+11  2.000000e+06
629  1.131429e+05  6.430000e-02  6.430000e-02  9.068526e+08  8.759015e+08  2.065316e+14  2.065316e+11  2.000000e+06
630  1.067386e+05  6.430000e-02  6.430000e-02  8.759015e+08  8.466992e+08  2.067198e+14  2.067198e+11  2.000000e+06
631  1.006968e+05  6.430000e-02  6.430000e-02  8.466992e+08  8.191471e+08  2.068976e+14  2.068976e+11  2.000000e+06
632  9.499696e+04  6.430000e-02  6.430000e-02  8.191471e+08  7.931523e+08  2.070654e+14  2.070654e+11  2.000000e+06
633  8.961977e+04  6.430000e-02  6.430000e-02  7.931523e+08  7.686269e+08  2.072239e+14  2.072239e+11  2.000000e+06
634  8.454695e+04  6.430000e-02  6.430000e-02  7.686269e+08  7.454880e+08  2.073735e+14  2.073735e+11  2.000000e+06
635  7.976128e+04  6.430000e-02  6.430000e-02  7.454880e+08  7.236573e+08  2.075147e+14  2.075147e+11  2.000000e+06
636  7.524649e+04  6.430000e-02  6.430000e-02  7.236573e+08  7.030611e+08  2.076481e+14  2.076481e+11  2.000000e+06
637  7.098725e+04  6.430000e-02  6.430000e-02  7.030611e+08  6.836296e+08  2.077740e+14  2.077740e+11  2.000000e+06
638  6.696911e+04  6.430000e-02  6.430000e-02  6.836296e+08  6.652970e+08  2.078929e+14  2.078929e+11  2.000000e+06
639  6.317840e+04  6.430000e-02  6.430000e-02  6.652970e+08  6.480012e+08  2.080051e+14  2.080051e+11  2.000000e+06
640  5.960227e+04  6.430000e-02  6.430000e-02  6.480012e+08  6.316838e+08  2.081110e+14  2.081110e+11  2.000000e+06
641  5.622855e+04  6.430000e-02  6.430000e-02  6.316838e+08  6.162893e+08  2.082109e+14  2.082109e+11  2.000000e+06
642  5.304581e+04  6.430000e-02  6.430000e-02  6.162893e+08  6.017657e+08  2.083053e+14  2.083053e+11  2.000000e+06
643  5.004321e+04  6.430000e-02  6.430000e-02  6.017657e+08  5.880637e+08  2.083943e+14  2.083943e+11  2.000000e+06
644  4.721058e+04  6.430000e-02  6.430000e-02  5.880637e+08  5.751369e+08  2.084784e+14  2.084784e+11  2.000000e+06
645  4.453828e+04  6.430000e-02  6.430000e-02  5.751369e+08  5.629414e+08  2.085577e+14  2.085577e+11  2.000000e+06
646  4.201725e+04  6.430000e-02  6.430000e-02  5.629414e+08  5.514360e+08  2.086326e+14  2.086326e+11  2.000000e+06
647  3.963891e+04  6.430000e-02  6.430000e-02  5.514360e+08  5.405815e+08  2.087032e+14  2.087032e+11  2.000000e+06
648  3.739520e+04  6.430000e-02  6.430000e-02  5.405815e+08  5.303412e+08  2.087699e+14  2.087699e+11  2.000000e+06
649  3.527849e+04  6.430000e-02  6.430000e-02  5.303412e+08  5.206803e+08  2.088328e+14  2.088328e+11  2.000000e+06
650  3.328159e+04  6.430000e-02  6.430000e-02  5.206803e+08  5.115660e+08  2.088922e+14  2.088922e+11  2.000000e+06
651  3.139773e+04  6.430000e-02  6.430000e-02  5.115660e+08  5.029676e+08  2.089483e+14  2.089483e+11  2.000000e+06
652  2.962050e+04  6.430000e-02  6.430000e-02  5.029676e+08  4.948556e+08  2.090011e+14  2.090011e+11  2.000000e+06
653  2.794387e+04  6.430000e-02  6.430000e-02  4.948556e+08  4.872028e+08  2.090510e+14  2.090510e+11  2.000000e+06
654  2.636214e+04  6.430000e-02  6.430000e-02  4.872028e+08  4.799830e+08  2.090981e+14  2.090981e+11  2.000000e+06
655  2.486994e+04  6.430000e-02  6.430000e-02  4.799830e+08  4.731717e+08  2.091426e+14  2.091426e+11  2.000000e+06
656  2.346221e+04  6.430000e-02  6.430000e-02  4.731717e+08  4.667460e+08  2.091845e+14  2.091845e+11  2.000000e+06
657  2.213416e+04  6.430000e-02  6.430000e-02  4.667460e+08  4.606839e+08  2.092241e+14  2.092241e+11  2.000000e+06
658  2.088128e+04  6.430000e-02  6.430000e-02  4.606839e+08  4.549648e+08  2.092614e+14  2.092614e+11  2.000000e+06
659  1.969932e+04  6.430000e-02  6.430000e-02  4.549648e+08  4.495694e+08  2.092966e+14  2.092966e+11  2.000000e+06
660  1.858427e+04  6.430000e-02  6.430000e-02  4.495694e+08  4.444794e+08  2.093298e+14  2.093298e+11  2.000000e+06
661  1.753233e+04  6.430000e-02  6.430000e-02  4.444794e+08  4.396775e+08  2.093612e+14  2.093612e+11  2.000000e+06
662  1.653993e+04  6.430000e-02  6.430000e-02  4.396775e+08  4.351473e+08  2.093908e+14  2.093908e+11  2.000000e+06
663  1.560371e+04  6.430000e-02  6.430000e-02  4.351473e+08  4.308735e+08  2.094187e+14  2.094187e+11  2.000000e+06
664  1.472048e+04  6.430000e-02  6.430000e-02  4.308735e+08  4.268416e+08  2.094450e+14  2.094450e+11  2.000000e+06
665  1.388725e+04  6.430000e-02  6.430000e-02  4.268416e+08  4.230379e+08  2.094699e+14  2.094699e+11  2.000000e+06
666  1.310118e+04  6.430000e-02  6.430000e-02  4.230379e+08  4.194494e+08  2.094934e+14  2.094934e+11  2.000000e+06
667  1.235960e+04  6.430000e-02  6.430000e-02  4.194494e+08  4.160641e+08  2.095155e+14  2.095155e+11  2.000000e+06
668  1.166000e+04  6.430000e-02  6.430000e-02  4.160641e+08  4.128704e+08  2.095364e+14  2.095364e+11  2.000000e+06
669  1.100000e+04  6.430000e-02  6.430000e-02  4.128704e+08  4.098574e+08  2.095560e+14  2.095560e+11  2.000000e+06
670  1.100000e+04  6.430000e-02  6.430000e-02  4.098574e+08  4.068444e+08  2.095752e+14  2.095752e+11  2.000000e+06
671  1.100000e+04  6.430000e-02  6.430000e-02  4.068444e+08  4.038315e+08  2.095943e+14  2.095943e+11  2.000000e+06
672  1.100000e+04  6.430000e-02  6.430000e-02  4.038315e+08  4.008184e+08  2.096134e+14  2.096134e+11  2.000000e+06
673  1.100000e+04  6.430000e-02  6.430000e-02  4.008184e+08  3.978054e+08  2.096326e+14  2.096326e+11  2.000000e+06
674  1.100000e+04  6.430000e-02  6.430000e-02  3.978054e+08  3.947924e+08  2.096517e+14  2.096517e+11  2.000000e+06
675  1.100000e+04  6.430000e-02  6.430000e-02  3.947924e+08  3.917793e+08  2.096708e+14  2.096708e+11  2.000000e+06
676  1.100000e+04  6.430000e-02  6.430000e-02  3.917793e+08  3.887663e+08  2.096900e+14  2.096900e+11  2.000000e+06
677  1.100000e+04  6.430000e-02  6.430000e-02  3.887663e+08  3.857532e+08  2.097091e+14  2.097091e+11  2.000000e+06
678  1.100000e+04  6.430000e-02  6.430000e-02  3.857532e+08  3.827401e+08  2.097282e+14  2.097282e+11  2.000000e+06
679  1.100000e+04  6.430000e-02  6.430000e-02  3.827401e+08  3.797270e+08  2.097474e+14  2.097474e+11  2.000000e+06
680  1.100000e+04  6.430000e-02  6.430000e-02  3.797270e+08  3.767138e+08  2.098689e+14  2.098689e+11  1.999025e+06
681  1.100000e+04  6.430000e-02  6.430000e-02  3.767138e+08  3.737007e+08  2.106800e+14  2.106800e+11  1.991510e+06
682  1.100000e+04  6.430000e-02  6.430000e-02  3.737007e+08  3.706875e+08  2.122855e+14  2.122855e+11  1.976629e+06
683  1.100000e+04  6.430000e-02  6.430000e-02  3.706875e+08  3.676744e+08  2.147097e+14  2.147097e+11  1.954492e+06
684  1.100000e+04  6.430000e-02  6.430000e-02  3.676744e+08  3.646612e+08  2.179897e+14  2.179897e+11  1.925264e+06
685  1.100000e+04  6.430000e-02  6.430000e-02  3.646612e+08  3.616480e+08  2.221765e+14  2.221765e+11  1.889163e+06
686  1.100000e+04  6.430000e-02  6.430000e-02  3.616480e+08  3.586348e+08  2.273370e+14  2.273370e+11  1.846457e+06
687  1.100000e+04  6.430000e-02  6.430000e-02  3.586348e+08  3.556216e+08  2.335564e+14  2.335564e+11  1.797465e+06
688  1.100000e+04  6.430000e-02  6.430000e-02  3.556216e+08  3.526083e+08  2.409408e+14  2.409408e+11  1.742553e+06
689  1.100000e+04  6.430000e-02  6.430000e-02  3.526083e+08  3.495951e+08  2.496218e+14  2.496218e+11  1.682129e+06
690  1.100000e+04  6.430000e-02  6.430000e-02  3.495951e+08  3.465818e+08  2.597613e+14  2.597613e+11  1.616644e+06
691  1.100000e+04  6.430000e-02  6.430000e-02  3.465818e+08  3.435686e+08  2.715587e+14  2.715587e+11  1.546587e+06
692  1.100000e+04  6.430000e-02  6.430000e-02  3.435686e+08  3.405553e+08  2.852597e+14  2.852597e+11  1.472478e+06
693  1.100000e+04  6.430000e-02  6.430000e-02  3.405553e+08  3.375420e+08  3.011680e+14  3.011680e+11  1.394872e+06
694  1.100000e+04  6.430000e-02  6.430000e-02  3.375420e+08  3.345287e+08  3.196614e+14  3.196614e+11  1.314346e+06
695  1.100000e+04  6.430000e-02  6.430000e-02  3.345287e+08  3.315154e+08  3.412129e+14  3.412129e+11  1.231501e+06
696  1.100000e+04  6.430000e-02  6.430000e-02  3.315154e+08  3.285020e+08  3.664194e+14  3.664194e+11  1.146955e+06
697  1.100000e+04  6.430000e-02  6.430000e-02  3.285020e+08  3.254887e+08  3.960413e+14  3.960413e+11  1.061337e+06
698  1.100000e+04  6.430000e-02  6.430000e-02  3.254887e+08  3.224753e+08  4.310586e+14  4.310586e+11  9.752864e+05
699  1.100000e+04  6.430000e-02  6.430000e-02  3.224753e+08  3.194619e+08  4.727492e+14  4.727492e+11  8.894447e+05
700  1.100000e+04  6.430000e-02  6.430000e-02  3.194619e+08  3.164486e+08  5.228039e+14  5.228039e+11  8.044519e+05
701  1.100000e+04  6.430000e-02  6.430000e-02  3.164486e+08  3.134352e+08  5.834952e+14  5.834952e+11  7.209416e+05
702  1.100000e+04  6.430000e-02  6.430000e-02  3.134352e+08  3.104218e+08  6.579334e+14  6.579334e+11  6.395367e+05
703  1.100000e+04  6.430000e-02  6.430000e-02  3.104218e+08  3.074084e+08  7.504629e+14  7.504629e+11  5.608440e+05
704  1.100000e+04  6.430000e-02  6.430000e-02  3.074084e+08  3.043949e+08  8.672968e+14  8.672968e+11  4.854505e+05
705  1.100000e+04  6.430000e-02  6.430000e-02  3.043949e+08  3.013815e+08  1.017563e+15  1.017563e+12  4.139183e+05
706  1.100000e+04  6.430000e-02  6.430000e-02  3.013815e+08  2.983680e+08  1.215101e+15  1.215101e+12  3.467807e+05
707  1.100000e+04  6.430000e-02  6.430000e-02  2.983680e+08  2.953546e+08  1.481682e+15  1.481682e+12  2.845386e+05
708  1.100000e+04  6.430000e-02  6.430000e-02  2.953546e+08  2.923411e+08  1.853086e+15  1.853086e+12  2.276561e+05
709  1.100000e+04  6.430000e-02  6.430000e-02  2.923411e+08  2.893276e+08  2.391318e+15  2.391318e+12  1.765573e+05
710  1.100000e+04  6.430000e-02  6.430000e-02  2.893276e+08  2.863141e+08  3.210990e+15  3.210990e+12  1.316234e+05
711  1.100000e+04  6.430000e-02  6.430000e-02  2.863141e+08  2.833006e+08  4.541585e+15  4.541585e+12  9.318946e+04
712  1.100000e+04  6.430000e-02  6.430000e-02  2.833006e+08  2.802871e+08  6.890518e+15  6.890518e+12  6.154221e+04
713  1.100000e+04  6.430000e-02  6.430000e-02  2.802871e+08  2.772736e+08  1.152070e+16  1.152070e+13  3.691767e+04
714  1.100000e+04  6.430000e-02  6.430000e-02  2.772736e+08  2.742600e+08  2.191976e+16  2.191976e+13  1.949955e+04
715  1.100000e+04  6.430000e-02  6.430000e-02  2.742600e+08  2.712465e+08  4.581166e+16  4.581166e+13  9.417812e+03
716  1.100000e+04  6.430000e-02  6.430000e-02  2.712465e+08  2.682329e+08  4.851207e+16  3.480274e+16  6.673748e+03
717  1.100000e+04  6.430000e-02  6.430000e-02  2.682329e+08  2.652194e+08  5.030251e+16  3.716611e+16  6.671957e+03
718  1.100000e+04  6.430000e-02  6.430000e-02  2.652194e+08  2.622058e+08  5.209295e+16  3.952949e+16  6.670167e+03
719  1.100000e+04  6.430000e-02  6.430000e-02  2.622058e+08  2.591922e+08  5.388340e+16  4.189289e+16  6.668377e+03
720  1.100000e+04  6.430000e-02  6.430000e-02  2.591922e+08  2.561786e+08  5.571174e+16  4.450885e+16  6.666658e+03
721  1.100000e+04  6.430000e-02  6.430000e-02  2.561786e+08  2.531650e+08  5.766609e+16  4.796493e+16  6.665177e+03
722  1.100000e+04  6.430000e-02  6.430000e-02  2.531650e+08  2.501514e+08  5.962045e+16  5.142102e+16  6.663697e+03
723  1.100000e+04  6.430000e-02  6.430000e-02  2.501514e+08  2.471378e+08  6.157482e+16  5.487712e+16  6.662216e+03
724  1.100000e+04  6.430000e-02  6.430000e-02  2.471378e+08  2.441242e+08  6.352919e+16  5.833323e+16  6.660735e+03
725  1.100000e+04  6.430000e-02  6.430000e-02  2.441242e+08  2.411105e+08  6.563622e+16  6.292085e+16  6.659402e+03
726  1.100000e+04  6.430000e-02  6.430000e-02  2.411105e+08  2.380969e+08  6.789393e+16  6.862531e+16  6.658213e+03
727  1.100000e+04  6.430000e-02  6.430000e-02  2.380969e+08  2.350832e+08  7.015164e+16  7.432979e+16  6.657023e+03
728  1.100000e+04  6.430000e-02  6.430000e-02  2.350832e+08  2.320695e+08  7.240936e+16  8.003429e+16  6.655834e+03
729  1.100000e+04  6.430000e-02  6.430000e-02  2.320695e+08  2.290559e+08  7.466709e+16  8.573880e+16  6.654645e+03
730  1.100000e+04  6.430000e-02  6.430000e-02  2.290559e+08  2.260422e+08  7.692482e+16  9.144333e+16  6.653456e+03
731  1.100000e+04  6.430000e-02  6.430000e-02  2.260422e+08  2.230285e+08  7.918256e+16  9.714787e+16  6.652267e+03
732  1.100000e+04  6.430000e-02  6.430000e-02  2.230285e+08  2.200148e+08  8.169207e+16  1.065366e+17  6.651217e+03
733  1.100000e+04  6.430000e-02  6.430000e-02  2.200148e+08  2.170011e+08  8.427457e+16  1.169934e+17  6.650207e+03
734  1.100000e+04  6.430000e-02  6.430000e-02  2.170011e+08  2.139874e+08  8.685707e+16  1.274503e+17  6.649197e+03
735  1.100000e+04  6.430000e-02  6.430000e-02  2.139874e+08  2.109736e+08  8.943959e+16  1.379072e+17  6.648187e+03
736  1.100000e+04  6.430000e-02  6.430000e-02  2.109736e+08  2.079599e+08  9.202211e+16  1.483641e+17  6.647176e+03
737  1.100000e+04  6.430000e-02  6.430000e-02  2.079599e+08  2.049462e+08  9.460464e+16  1.588210e+17  6.646166e+03
738  1.100000e+04  6.430000e-02  6.430000e-02  2.049462e+08  2.019324e+08  9.718718e+16  1.692780e+17  6.645156e+03
739  1.100000e+04  6.430000e-02  6.430000e-02  2.019324e+08  1.989187e+08  9.976972e+16  1.797350e+17  6.644146e+03
740  1.100000e+04  6.430000e-02  6.430000e-02  1.989187e+08  1.959049e+08  1.023523e+17  1.901920e+17  6.643136e+03
741  1.100000e+04  6.430000e-02  6.430000e-02  1.959049e+08  1.928911e+08  1.048756e+17  2.106000e+17  6.642094e+03
742  1.100000e+04  6.430000e-02  6.430000e-02  1.928911e+08  1.898774e+08  1.073897e+17  2.325564e+17  6.641046e+03
743  1.100000e+04  6.430000e-02  6.430000e-02  1.898774e+08  1.868636e+08  1.099038e+17  2.545129e+17  6.639998e+03
744  1.100000e+04  6.430000e-02  6.430000e-02  1.868636e+08  1.838498e+08  1.124179e+17  2.764695e+17  6.638951e+03
745  1.100000e+04  6.430000e-02  6.430000e-02  1.838498e+08  1.808360e+08  1.149320e+17  2.984261e+17  6.637903e+03
746  1.100000e+04  6.430000e-02  6.430000e-02  1.808360e+08  1.778222e+08  1.174461e+17  3.203827e+17  6.636856e+03
747  1.100000e+04  6.430000e-02  6.430000e-02  1.778222e+08  1.748084e+08  1.199602e+17  3.423394e+17  6.635808e+03
748  1.100000e+04  6.430000e-02  6.430000e-02  1.748084e+08  1.717946e+08  1.224744e+17  3.642961e+17  6.634761e+03
749  1.100000e+04  6.430000e-02  6.430000e-02  1.717946e+08  1.687807e+08  1.249885e+17  3.862529e+17  6.633713e+03
750  1.100000e+04  6.430000e-02  6.430000e-02  1.687807e+08  1.657669e+08  1.272647e+17  4.154779e+17  6.632638e+03
751  1.100000e+04  6.430000e-02  6.430000e-02  1.657669e+08  1.627531e+08  1.290337e+17  4.602012e+17  6.631504e+03
752  1.100000e+04  6.430000e-02  6.430000e-02  1.627531e+08  1.597392e+08  1.308027e+17  5.049245e+17  6.630370e+03
753  1.100000e+04  6.430000e-02  6.430000e-02  1.597392e+08  1.567254e+08  1.325717e+17  5.496480e+17  6.629236e+03
754  1.100000e+04  6.430000e-02  6.430000e-02  1.567254e+08  1.537115e+08  1.343407e+17  5.943715e+17  6.628102e+03
755  1.100000e+04  6.430000e-02  6.430000e-02  1.537115e+08  1.506977e+08  1.361096e+17  6.390952e+17  6.626968e+03
756  1.100000e+04  6.430000e-02  6.430000e-02  1.506977e+08  1.476838e+08  1.378786e+17  6.838189e+17  6.625834e+03
757  1.100000e+04  6.430000e-02  6.430000e-02  1.476838e+08  1.446700e+08  1.396476e+17  7.285427e+17  6.624700e+03
758  1.100000e+04  6.430000e-02  6.430000e-02  1.446700e+08  1.416561e+08  1.414166e+17  7.732666e+17  6.623566e+03
759  1.100000e+04  6.430000e-02  6.430000e-02  1.416561e+08  1.386422e+08  1.423677e+17  8.445473e+17  6.622413e+03
760  1.100000e+04  6.430000e-02  6.430000e-02  1.386422e+08  1.356283e+08  1.425029e+17  9.423172e+17  6.621241e+03
761  1.100000e+04  6.430000e-02  6.430000e-02  1.356283e+08  1.326144e+08  1.426382e+17  1.040087e+18  6.620069e+03
762  1.100000e+04  6.430000e-02  6.430000e-02  1.326144e+08  1.296005e+08  1.427734e+17  1.137858e+18  6.618897e+03
763  1.100000e+04  6.430000e-02  6.430000e-02  1.296005e+08  1.265866e+08  1.429087e+17  1.235628e+18  6.617725e+03
764  1.100000e+04  6.430000e-02  6.430000e-02  1.265866e+08  1.235727e+08  1.430439e+17  1.333399e+18  6.616553e+03
765  1.100000e+04  6.430000e-02  6.430000e-02  1.235727e+08  1.205588e+08  1.431792e+17  1.431169e+18  6.615381e+03
766  1.100000e+04  6.430000e-02  6.430000e-02  1.205588e+08  1.175449e+08  1.433144e+17  1.528940e+18  6.614209e+03
767  1.100000e+04  6.430000e-02  6.430000e-02  1.175449e+08  1.145310e+08  1.434496e+17  1.626711e+18  6.613036e+03
768  1.100000e+04  6.430000e-02  6.430000e-02  1.145310e+08  1.115171e+08  1.435849e+17  1.724482e+18  6.611864e+03
769  1.100000e+04  6.430000e-02  6.430000e-02  1.115171e+08  1.085031e+08  1.437201e+17  1.822254e+18  6.610692e+03
770  1.100000e+04  6.430000e-02  6.430000e-02  1.085031e+08  1.054892e+08  1.440320e+17  1.960099e+18  6.609454e+03
771  1.100000e+04  6.430000e-02  6.430000e-02  1.054892e+08  1.024753e+08  1.445986e+17  2.155761e+18  6.608121e+03
772  1.100000e+04  6.430000e-02  6.430000e-02  1.024753e+08  9.946133e+07  1.451653e+17  2.351424e+18  6.606788e+03
773  1.100000e+04  6.430000e-02  6.430000e-02  9.946133e+07  9.644739e+07  1.457319e+17  2.547087e+18  6.605454e+03
774  1.100000e+04  6.430000e-02  6.430000e-02  9.644739e+07  9.343345e+07  1.462986e+17  2.742750e+18  6.604121e+03
775  1.100000e+04  6.430000e-02  6.430000e-02  9.343345e+07  9.041950e+07  1.468653e+17  2.938413e+18  6.602788e+03
776  1.100000e+04  6.430000e-02  6.430000e-02  9.041950e+07  8.740555e+07  1.474319e+17  3.134076e+18  6.601454e+03
777  1.100000e+04  6.430000e-02  6.430000e-02  8.740555e+07  8.439159e+07  1.479986e+17  3.329740e+18  6.600121e+03
778  1.100000e+04  6.430000e-02  6.430000e-02  8.439159e+07  8.137764e+07  1.485652e+17  3.525404e+18  6.598788e+03
779  1.100000e+04  6.430000e-02  6.430000e-02  8.137764e+07  7.836367e+07  1.503351e+17  3.782975e+18  6.596835e+03
780  1.100000e+04  6.430000e-02  6.430000e-02  7.836367e+07  7.534971e+07  1.538421e+17  4.129924e+18  6.593988e+03
781  1.100000e+04  6.430000e-02  6.430000e-02  7.534971e+07  7.233574e+07  1.573491e+17  4.476873e+18  6.591141e+03
782  1.100000e+04  6.430000e-02  6.430000e-02  7.233574e+07  6.932177e+07  1.608562e+17  4.823822e+18  6.588294e+03
783  1.100000e+04  6.430000e-02  6.430000e-02  6.932177e+07  6.630780e+07  1.643632e+17  5.170771e+18  6.585447e+03
784  1.100000e+04  6.430000e-02  6.430000e-02  6.630780e+07  6.329383e+07  1.678702e+17  5.517721e+18  6.582600e+03
785  1.100000e+04  6.430000e-02  6.430000e-02  6.329383e+07  6.027985e+07  1.713772e+17  5.864671e+18  6.579753e+03
786  1.100000e+04  6.430000e-02  6.430000e-02  6.027985e+07  5.726587e+07  1.748843e+17  6.211622e+18  6.576906e+03
787  1.100000e+04  6.430000e-02  6.430000e-02  5.726587e+07  5.425189e+07  1.784825e+17  6.720051e+18  6.571246e+03
788  1.100000e+04  6.430000e-02  6.430000e-02  5.425189e+07  5.123791e+07  1.821234e+17  7.303822e+18  6.564274e+03
789  1.100000e+04  6.430000e-02  6.430000e-02  5.123791e+07  4.822392e+07  1.857642e+17  7.887594e+18  6.557303e+03
790  1.100000e+04  6.430000e-02  6.430000e-02  4.822392e+07  4.520994e+07  1.894050e+17  8.471365e+18  6.550331e+03
791  1.100000e+04  6.430000e-02  6.430000e-02  4.520994e+07  4.219595e+07  1.930458e+17  9.055138e+18  6.543359e+03
792  1.100000e+04  6.430000e-02  6.430000e-02  4.219595e+07  3.918196e+07  1.966867e+17  9.638910e+18  6.536387e+03
793  1.100000e+04  6.430000e-02  6.430000e-02  3.918196e+07  3.616797e+07  2.001488e+17  1.028703e+19  6.527607e+03
794  1.100000e+04  6.430000e-02  6.430000e-02  3.616797e+07  3.315398e+07  2.030036e+17  1.115394e+19  6.512678e+03
795  1.100000e+04  6.430000e-02  6.430000e-02  3.315398e+07  3.013998e+07  2.058584e+17  1.202084e+19  6.497750e+03
796  1.100000e+04  6.430000e-02  6.430000e-02  3.013998e+07  2.712599e+07  2.087131e+17  1.288774e+19  6.482821e+03
797  1.100000e+04  6.430000e-02  6.430000e-02  2.712599e+07  2.411199e+07  2.102375e+17  1.387750e+19  6.464750e+03
798  1.100000e+04  6.430000e-02  6.430000e-02  2.411199e+07  2.109799e+07  2.098403e+17  1.504473e+19  6.442139e+03
799  1.100000e+04  6.430000e-02  6.430000e-02  2.109799e+07  1.808400e+07  2.094431e+17  1.621195e+19  6.419528e+03
800  1.100000e+04  6.430000e-02  6.430000e-02  1.808400e+07  1.507000e+07  2.087818e+17  1.742773e+19  6.396136e+03
801  1.100000e+04  6.430000e-02  6.430000e-02  1.507000e+07  1.205600e+07  2.064485e+17  1.895106e+19  6.367803e+03
802  1.100000e+04  6.430000e-02  6.430000e-02  1.205600e+07  9.042000e+06  2.041152e+17  2.047439e+19  6.339470e+03
803  1.100000e+04  6.430000e-02  6.430000e-02  9.042000e+06  6.028000e+06  2.014897e+17  2.205586e+19  6.310345e+03
804  1.100000e+04  6.430000e-02  6.430000e-02  6.028000e+06  3.014000e+06  1.970138e+17  2.400552e+19  6.276207e+03
805  1.100000e+04  6.430000e-02  6.430000e-02  3.014000e+06  1.922578e-06  1.925379e+17  2.595517e+19  6.242069e+03

[GHOSTS]
# tag      B_T          phi_g_Jpkg   ne_im3       nn_im3       T_K          T_e_factor
outer_0  6.430000e-02  1.922578e-06  1.925379e+17  2.595517e+19  6.242069e+03  1.000
outer_1  6.430000e-02  1.922578e-06  1.925379e+17  2.595517e+19  6.242069e+03  1.000
inner_0  6.430000e-02  0.000000e+00  1.925379e+17  2.595517e+19  6.242069e+03  1.000
inner_1  6.430000e-02  0.000000e+00  1.925379e+17  2.595517e+19  6.242069e+03  1.000
