# full-loop .dat — generated by util/make_loop_dat.py
# topology=full, half-length=75.0 Mm, apex_T=2.00 MK, footpoint |B|=643.0 G (uniform)
# chromosphere: Model C7 (two-fluid); TR+corona: hydrostatic, fully ionized (single-fluid via F_SLAVE)
# Units: SI (m, T, K, m^-3, J/kg)

[META]
ns=732
g_si=274.0
B_outer_T=6.430000e-02
phi_g_offset_Jpkg=0.0
topology=full
loop_half_length_m=7.500000e+07

[CELLS]
# i  ds_m         B_imh_T      B_iph_T      phi_g_imh    phi_g_iph    ne_im3       nn_im3       T_K
0  1.100000e+04  6.430000e-02  6.430000e-02  0.000000e+00  3.014000e+06  1.925379e+17  2.595517e+19  6.242069e+03
1  1.100000e+04  6.430000e-02  6.430000e-02  3.014000e+06  6.028000e+06  1.970138e+17  2.400552e+19  6.276207e+03
2  1.100000e+04  6.430000e-02  6.430000e-02  6.028000e+06  9.041999e+06  2.014897e+17  2.205586e+19  6.310345e+03
3  1.100000e+04  6.430000e-02  6.430000e-02  9.041999e+06  1.205600e+07  2.041152e+17  2.047439e+19  6.339470e+03
4  1.100000e+04  6.430000e-02  6.430000e-02  1.205600e+07  1.507000e+07  2.064485e+17  1.895106e+19  6.367803e+03
5  1.100000e+04  6.430000e-02  6.430000e-02  1.507000e+07  1.808399e+07  2.087818e+17  1.742773e+19  6.396136e+03
6  1.100000e+04  6.430000e-02  6.430000e-02  1.808399e+07  2.109799e+07  2.094431e+17  1.621195e+19  6.419528e+03
7  1.100000e+04  6.430000e-02  6.430000e-02  2.109799e+07  2.411199e+07  2.098403e+17  1.504473e+19  6.442139e+03
8  1.100000e+04  6.430000e-02  6.430000e-02  2.411199e+07  2.712598e+07  2.102375e+17  1.387751e+19  6.464750e+03
9  1.100000e+04  6.430000e-02  6.430000e-02  2.712598e+07  3.013997e+07  2.087131e+17  1.288774e+19  6.482821e+03
10  1.100000e+04  6.430000e-02  6.430000e-02  3.013997e+07  3.315396e+07  2.058584e+17  1.202084e+19  6.497750e+03
11  1.100000e+04  6.430000e-02  6.430000e-02  3.315396e+07  3.616795e+07  2.030036e+17  1.115394e+19  6.512678e+03
12  1.100000e+04  6.430000e-02  6.430000e-02  3.616795e+07  3.918194e+07  2.001489e+17  1.028704e+19  6.527607e+03
13  1.100000e+04  6.430000e-02  6.430000e-02  3.918194e+07  4.219593e+07  1.966867e+17  9.638914e+18  6.536387e+03
14  1.100000e+04  6.430000e-02  6.430000e-02  4.219593e+07  4.520991e+07  1.930459e+17  9.055143e+18  6.543359e+03
15  1.100000e+04  6.430000e-02  6.430000e-02  4.520991e+07  4.822389e+07  1.894050e+17  8.471371e+18  6.550331e+03
16  1.100000e+04  6.430000e-02  6.430000e-02  4.822389e+07  5.123787e+07  1.857642e+17  7.887601e+18  6.557303e+03
17  1.100000e+04  6.430000e-02  6.430000e-02  5.123787e+07  5.425184e+07  1.821234e+17  7.303830e+18  6.564274e+03
18  1.100000e+04  6.430000e-02  6.430000e-02  5.425184e+07  5.726582e+07  1.784826e+17  6.720061e+18  6.571246e+03
19  1.100000e+04  6.430000e-02  6.430000e-02  5.726582e+07  6.027979e+07  1.748843e+17  6.211629e+18  6.576906e+03
20  1.100000e+04  6.430000e-02  6.430000e-02  6.027979e+07  6.329375e+07  1.713773e+17  5.864679e+18  6.579753e+03
21  1.100000e+04  6.430000e-02  6.430000e-02  6.329375e+07  6.630772e+07  1.678703e+17  5.517731e+18  6.582600e+03
22  1.100000e+04  6.430000e-02  6.430000e-02  6.630772e+07  6.932168e+07  1.643633e+17  5.170782e+18  6.585447e+03
23  1.100000e+04  6.430000e-02  6.430000e-02  6.932168e+07  7.233563e+07  1.608563e+17  4.823834e+18  6.588294e+03
24  1.100000e+04  6.430000e-02  6.430000e-02  7.233563e+07  7.534958e+07  1.573493e+17  4.476886e+18  6.591141e+03
25  1.100000e+04  6.430000e-02  6.430000e-02  7.534958e+07  7.836353e+07  1.538423e+17  4.129939e+18  6.593988e+03
26  1.100000e+04  6.430000e-02  6.430000e-02  7.836353e+07  8.137748e+07  1.503353e+17  3.782992e+18  6.596835e+03
27  1.100000e+04  6.430000e-02  6.430000e-02  8.137748e+07  8.439141e+07  1.485653e+17  3.525415e+18  6.598788e+03
28  1.100000e+04  6.430000e-02  6.430000e-02  8.439141e+07  8.740535e+07  1.479986e+17  3.329752e+18  6.600121e+03
29  1.100000e+04  6.430000e-02  6.430000e-02  8.740535e+07  9.041928e+07  1.474319e+17  3.134090e+18  6.601454e+03
30  1.100000e+04  6.430000e-02  6.430000e-02  9.041928e+07  9.343321e+07  1.468653e+17  2.938428e+18  6.602788e+03
31  1.100000e+04  6.430000e-02  6.430000e-02  9.343321e+07  9.644713e+07  1.462986e+17  2.742766e+18  6.604121e+03
32  1.100000e+04  6.430000e-02  6.430000e-02  9.644713e+07  9.946104e+07  1.457320e+17  2.547105e+18  6.605454e+03
33  1.100000e+04  6.430000e-02  6.430000e-02  9.946104e+07  1.024750e+08  1.451653e+17  2.351444e+18  6.606787e+03
34  1.100000e+04  6.430000e-02  6.430000e-02  1.024750e+08  1.054889e+08  1.445987e+17  2.155783e+18  6.608121e+03
35  1.100000e+04  6.430000e-02  6.430000e-02  1.054889e+08  1.085028e+08  1.440320e+17  1.960123e+18  6.609454e+03
36  1.100000e+04  6.430000e-02  6.430000e-02  1.085028e+08  1.115166e+08  1.437201e+17  1.822267e+18  6.610692e+03
37  1.100000e+04  6.430000e-02  6.430000e-02  1.115166e+08  1.145305e+08  1.435849e+17  1.724496e+18  6.611864e+03
38  1.100000e+04  6.430000e-02  6.430000e-02  1.145305e+08  1.175444e+08  1.434497e+17  1.626726e+18  6.613036e+03
39  1.100000e+04  6.430000e-02  6.430000e-02  1.175444e+08  1.205583e+08  1.433144e+17  1.528957e+18  6.614208e+03
40  1.100000e+04  6.430000e-02  6.430000e-02  1.205583e+08  1.235722e+08  1.431792e+17  1.431187e+18  6.615380e+03
41  1.100000e+04  6.430000e-02  6.430000e-02  1.235722e+08  1.265860e+08  1.430439e+17  1.333418e+18  6.616553e+03
42  1.100000e+04  6.430000e-02  6.430000e-02  1.265860e+08  1.295999e+08  1.429087e+17  1.235648e+18  6.617725e+03
43  1.100000e+04  6.430000e-02  6.430000e-02  1.295999e+08  1.326137e+08  1.427735e+17  1.137879e+18  6.618897e+03
44  1.100000e+04  6.430000e-02  6.430000e-02  1.326137e+08  1.356276e+08  1.426382e+17  1.040111e+18  6.620069e+03
45  1.100000e+04  6.430000e-02  6.430000e-02  1.356276e+08  1.386414e+08  1.425030e+17  9.423421e+17  6.621241e+03
46  1.100000e+04  6.430000e-02  6.430000e-02  1.386414e+08  1.416552e+08  1.423677e+17  8.445738e+17  6.622413e+03
47  1.100000e+04  6.430000e-02  6.430000e-02  1.416552e+08  1.446691e+08  1.414171e+17  7.732795e+17  6.623566e+03
48  1.100000e+04  6.430000e-02  6.430000e-02  1.446691e+08  1.476829e+08  1.396482e+17  7.285565e+17  6.624700e+03
49  1.100000e+04  6.430000e-02  6.430000e-02  1.476829e+08  1.506967e+08  1.378792e+17  6.838336e+17  6.625834e+03
50  1.100000e+04  6.430000e-02  6.430000e-02  1.506967e+08  1.537105e+08  1.361103e+17  6.391107e+17  6.626968e+03
51  1.100000e+04  6.430000e-02  6.430000e-02  1.537105e+08  1.567243e+08  1.343413e+17  5.943881e+17  6.628102e+03
52  1.100000e+04  6.430000e-02  6.430000e-02  1.567243e+08  1.597380e+08  1.325724e+17  5.496655e+17  6.629236e+03
53  1.100000e+04  6.430000e-02  6.430000e-02  1.597380e+08  1.627518e+08  1.308034e+17  5.049431e+17  6.630370e+03
54  1.100000e+04  6.430000e-02  6.430000e-02  1.627518e+08  1.657656e+08  1.290345e+17  4.602207e+17  6.631504e+03
55  1.100000e+04  6.430000e-02  6.430000e-02  1.657656e+08  1.687793e+08  1.272656e+17  4.154986e+17  6.632637e+03
56  1.100000e+04  6.430000e-02  6.430000e-02  1.687793e+08  1.717931e+08  1.249897e+17  3.862636e+17  6.633713e+03
57  1.100000e+04  6.430000e-02  6.430000e-02  1.717931e+08  1.748068e+08  1.224757e+17  3.643074e+17  6.634760e+03
58  1.100000e+04  6.430000e-02  6.430000e-02  1.748068e+08  1.778205e+08  1.199616e+17  3.423513e+17  6.635808e+03
59  1.100000e+04  6.430000e-02  6.430000e-02  1.778205e+08  1.808342e+08  1.174475e+17  3.203952e+17  6.636855e+03
60  1.100000e+04  6.430000e-02  6.430000e-02  1.808342e+08  1.838479e+08  1.149335e+17  2.984392e+17  6.637903e+03
61  1.100000e+04  6.430000e-02  6.430000e-02  1.838479e+08  1.868616e+08  1.124195e+17  2.764833e+17  6.638950e+03
62  1.100000e+04  6.430000e-02  6.430000e-02  1.868616e+08  1.898753e+08  1.099054e+17  2.545274e+17  6.639998e+03
63  1.100000e+04  6.430000e-02  6.430000e-02  1.898753e+08  1.928890e+08  1.073914e+17  2.325716e+17  6.641045e+03
64  1.100000e+04  6.430000e-02  6.430000e-02  1.928890e+08  1.959027e+08  1.048774e+17  2.106159e+17  6.642093e+03
65  1.100000e+04  6.430000e-02  6.430000e-02  1.959027e+08  1.989163e+08  1.023542e+17  1.901999e+17  6.643135e+03
66  1.100000e+04  6.430000e-02  6.430000e-02  1.989163e+08  2.019300e+08  9.977177e+16  1.797433e+17  6.644145e+03
67  1.100000e+04  6.430000e-02  6.430000e-02  2.019300e+08  2.049436e+08  9.718932e+16  1.692867e+17  6.645155e+03
68  1.100000e+04  6.430000e-02  6.430000e-02  2.049436e+08  2.079572e+08  9.460688e+16  1.588301e+17  6.646165e+03
69  1.100000e+04  6.430000e-02  6.430000e-02  2.079572e+08  2.109709e+08  9.202446e+16  1.483736e+17  6.647176e+03
70  1.100000e+04  6.430000e-02  6.430000e-02  2.109709e+08  2.139845e+08  8.944204e+16  1.379171e+17  6.648186e+03
71  1.100000e+04  6.430000e-02  6.430000e-02  2.139845e+08  2.169980e+08  8.685963e+16  1.274606e+17  6.649196e+03
72  1.100000e+04  6.430000e-02  6.430000e-02  2.169980e+08  2.200116e+08  8.427723e+16  1.170042e+17  6.650206e+03
73  1.100000e+04  6.430000e-02  6.430000e-02  2.200116e+08  2.230252e+08  8.169484e+16  1.065478e+17  6.651216e+03
74  1.100000e+04  6.430000e-02  6.430000e-02  2.230252e+08  2.260388e+08  7.918508e+16  9.715425e+16  6.652266e+03
75  1.100000e+04  6.430000e-02  6.430000e-02  2.260388e+08  2.290523e+08  7.692745e+16  9.144996e+16  6.653455e+03
76  1.100000e+04  6.430000e-02  6.430000e-02  2.290523e+08  2.320658e+08  7.466982e+16  8.574570e+16  6.654644e+03
77  1.100000e+04  6.430000e-02  6.430000e-02  2.320658e+08  2.350793e+08  7.241220e+16  8.004146e+16  6.655833e+03
78  1.100000e+04  6.430000e-02  6.430000e-02  2.350793e+08  2.380929e+08  7.015459e+16  7.433725e+16  6.657022e+03
79  1.100000e+04  6.430000e-02  6.430000e-02  2.380929e+08  2.411063e+08  6.789700e+16  6.863306e+16  6.658211e+03
80  1.100000e+04  6.430000e-02  6.430000e-02  2.411063e+08  2.441198e+08  6.563941e+16  6.292889e+16  6.659400e+03
81  1.100000e+04  6.430000e-02  6.430000e-02  2.441198e+08  2.471333e+08  6.353205e+16  5.833828e+16  6.660733e+03
82  1.100000e+04  6.430000e-02  6.430000e-02  2.471333e+08  2.501468e+08  6.157779e+16  5.488236e+16  6.662214e+03
83  1.100000e+04  6.430000e-02  6.430000e-02  2.501468e+08  2.531602e+08  5.962353e+16  5.142645e+16  6.663694e+03
84  1.100000e+04  6.430000e-02  6.430000e-02  2.531602e+08  2.561736e+08  5.766928e+16  4.797056e+16  6.665175e+03
85  1.100000e+04  6.430000e-02  6.430000e-02  2.561736e+08  2.591870e+08  5.571504e+16  4.451469e+16  6.666655e+03
86  1.100000e+04  6.430000e-02  6.430000e-02  2.591870e+08  2.622004e+08  5.388653e+16  4.189702e+16  6.668373e+03
87  1.100000e+04  6.430000e-02  6.430000e-02  2.622004e+08  2.652138e+08  5.209619e+16  3.953378e+16  6.670164e+03
88  1.100000e+04  6.430000e-02  6.430000e-02  2.652138e+08  2.682272e+08  5.030586e+16  3.717054e+16  6.671954e+03
89  1.100000e+04  6.430000e-02  6.430000e-02  2.682272e+08  2.712406e+08  4.851554e+16  3.480732e+16  6.673744e+03
90  1.100000e+04  6.430000e-02  6.430000e-02  2.712406e+08  2.742539e+08  4.587673e+16  4.587673e+13  9.405036e+03
91  1.100000e+04  6.430000e-02  6.430000e-02  2.742539e+08  2.772672e+08  2.195291e+16  2.195291e+13  1.947106e+04
92  1.100000e+04  6.430000e-02  6.430000e-02  2.772672e+08  2.802806e+08  1.153526e+16  1.153526e+13  3.687266e+04
93  1.100000e+04  6.430000e-02  6.430000e-02  2.802806e+08  2.832939e+08  6.897770e+15  6.897770e+12  6.147997e+04
94  1.100000e+04  6.430000e-02  6.430000e-02  2.832939e+08  2.863071e+08  4.545664e+15  4.545664e+12  9.310944e+04
95  1.100000e+04  6.430000e-02  6.430000e-02  2.863071e+08  2.893204e+08  3.213510e+15  3.213510e+12  1.315251e+05
96  1.100000e+04  6.430000e-02  6.430000e-02  2.893204e+08  2.923337e+08  2.392989e+15  2.392989e+12  1.764405e+05
97  1.100000e+04  6.430000e-02  6.430000e-02  2.923337e+08  2.953469e+08  1.854257e+15  1.854257e+12  2.275206e+05
98  1.100000e+04  6.430000e-02  6.430000e-02  2.953469e+08  2.983601e+08  1.482538e+15  1.482538e+12  2.843846e+05
99  1.100000e+04  6.430000e-02  6.430000e-02  2.983601e+08  3.013733e+08  1.215750e+15  1.215750e+12  3.466083e+05
100  1.100000e+04  6.430000e-02  6.430000e-02  3.013733e+08  3.043865e+08  1.018068e+15  1.018068e+12  4.137278e+05
101  1.100000e+04  6.430000e-02  6.430000e-02  3.043865e+08  3.073997e+08  8.676996e+14  8.676996e+11  4.852426e+05
102  1.100000e+04  6.430000e-02  6.430000e-02  3.073997e+08  3.104129e+08  7.507904e+14  7.507904e+11  5.606195e+05
103  1.100000e+04  6.430000e-02  6.430000e-02  3.104129e+08  3.134260e+08  6.582041e+14  6.582041e+11  6.392965e+05
104  1.100000e+04  6.430000e-02  6.430000e-02  3.134260e+08  3.164391e+08  5.837223e+14  5.837223e+11  7.206869e+05
105  1.100000e+04  6.430000e-02  6.430000e-02  3.164391e+08  3.194522e+08  5.229966e+14  5.229966e+11  8.041841e+05
106  1.100000e+04  6.430000e-02  6.430000e-02  3.194522e+08  3.224653e+08  4.729145e+14  4.729145e+11  8.891654e+05
107  1.100000e+04  6.430000e-02  6.430000e-02  3.224653e+08  3.254784e+08  4.312017e+14  4.312017e+11  9.749974e+05
108  1.100000e+04  6.430000e-02  6.430000e-02  3.254784e+08  3.284915e+08  3.961662e+14  3.961662e+11  1.061040e+06
109  1.100000e+04  6.430000e-02  6.430000e-02  3.284915e+08  3.315045e+08  3.665290e+14  3.665290e+11  1.146652e+06
110  1.100000e+04  6.430000e-02  6.430000e-02  3.315045e+08  3.345175e+08  3.413097e+14  3.413097e+11  1.231195e+06
111  1.100000e+04  6.430000e-02  6.430000e-02  3.345175e+08  3.375305e+08  3.197473e+14  3.197473e+11  1.314040e+06
112  1.100000e+04  6.430000e-02  6.430000e-02  3.375305e+08  3.405435e+08  3.012445e+14  3.012445e+11  1.394567e+06
113  1.100000e+04  6.430000e-02  6.430000e-02  3.405435e+08  3.435565e+08  2.853280e+14  2.853280e+11  1.472178e+06
114  1.100000e+04  6.430000e-02  6.430000e-02  3.435565e+08  3.465695e+08  2.716198e+14  2.716198e+11  1.546294e+06
115  1.100000e+04  6.430000e-02  6.430000e-02  3.465695e+08  3.495824e+08  2.598160e+14  2.598160e+11  1.616362e+06
116  1.100000e+04  6.430000e-02  6.430000e-02  3.495824e+08  3.525953e+08  2.496707e+14  2.496707e+11  1.681860e+06
117  1.100000e+04  6.430000e-02  6.430000e-02  3.525953e+08  3.556082e+08  2.409844e+14  2.409844e+11  1.742300e+06
118  1.100000e+04  6.430000e-02  6.430000e-02  3.556082e+08  3.586211e+08  2.335951e+14  2.335951e+11  1.797231e+06
119  1.100000e+04  6.430000e-02  6.430000e-02  3.586211e+08  3.616339e+08  2.273712e+14  2.273712e+11  1.846245e+06
120  1.100000e+04  6.430000e-02  6.430000e-02  3.616339e+08  3.646468e+08  2.222063e+14  2.222063e+11  1.888976e+06
121  1.100000e+04  6.430000e-02  6.430000e-02  3.646468e+08  3.676596e+08  2.180154e+14  2.180154e+11  1.925106e+06
122  1.100000e+04  6.430000e-02  6.430000e-02  3.676596e+08  3.706724e+08  2.147314e+14  2.147314e+11  1.954364e+06
123  1.100000e+04  6.430000e-02  6.430000e-02  3.706724e+08  3.736852e+08  2.123032e+14  2.123032e+11  1.976535e+06
124  1.100000e+04  6.430000e-02  6.430000e-02  3.736852e+08  3.766979e+08  2.106936e+14  2.106936e+11  1.991452e+06
125  1.100000e+04  6.430000e-02  6.430000e-02  3.766979e+08  3.797107e+08  2.098785e+14  2.098785e+11  1.999004e+06
126  1.100000e+04  6.430000e-02  6.430000e-02  3.797107e+08  3.827234e+08  2.097548e+14  2.097548e+11  2.000000e+06
127  1.100000e+04  6.430000e-02  6.430000e-02  3.827234e+08  3.857361e+08  2.097357e+14  2.097357e+11  2.000000e+06
128  1.100000e+04  6.430000e-02  6.430000e-02  3.857361e+08  3.887488e+08  2.097165e+14  2.097165e+11  2.000000e+06
129  1.100000e+04  6.430000e-02  6.430000e-02  3.887488e+08  3.917614e+08  2.096974e+14  2.096974e+11  2.000000e+06
130  1.100000e+04  6.430000e-02  6.430000e-02  3.917614e+08  3.947741e+08  2.096783e+14  2.096783e+11  2.000000e+06
131  1.100000e+04  6.430000e-02  6.430000e-02  3.947741e+08  3.977867e+08  2.096591e+14  2.096591e+11  2.000000e+06
132  1.100000e+04  6.430000e-02  6.430000e-02  3.977867e+08  4.007993e+08  2.096400e+14  2.096400e+11  2.000000e+06
133  1.100000e+04  6.430000e-02  6.430000e-02  4.007993e+08  4.038119e+08  2.096209e+14  2.096209e+11  2.000000e+06
134  1.100000e+04  6.430000e-02  6.430000e-02  4.038119e+08  4.068244e+08  2.096018e+14  2.096018e+11  2.000000e+06
135  1.100000e+04  6.430000e-02  6.430000e-02  4.068244e+08  4.098369e+08  2.095826e+14  2.095826e+11  2.000000e+06
136  1.100000e+04  6.430000e-02  6.430000e-02  4.098369e+08  4.128494e+08  2.095635e+14  2.095635e+11  2.000000e+06
137  1.166000e+04  6.430000e-02  6.430000e-02  4.128494e+08  4.160427e+08  2.095438e+14  2.095438e+11  2.000000e+06
138  1.235960e+04  6.430000e-02  6.430000e-02  4.160427e+08  4.194275e+08  2.095229e+14  2.095229e+11  2.000000e+06
139  1.310118e+04  6.430000e-02  6.430000e-02  4.194275e+08  4.230153e+08  2.095008e+14  2.095008e+11  2.000000e+06
140  1.388725e+04  6.430000e-02  6.430000e-02  4.230153e+08  4.268184e+08  2.094774e+14  2.094774e+11  2.000000e+06
141  1.472048e+04  6.430000e-02  6.430000e-02  4.268184e+08  4.308497e+08  2.094525e+14  2.094525e+11  2.000000e+06
142  1.560371e+04  6.430000e-02  6.430000e-02  4.308497e+08  4.351228e+08  2.094262e+14  2.094262e+11  2.000000e+06
143  1.653993e+04  6.430000e-02  6.430000e-02  4.351228e+08  4.396522e+08  2.093983e+14  2.093983e+11  2.000000e+06
144  1.753233e+04  6.430000e-02  6.430000e-02  4.396522e+08  4.444533e+08  2.093687e+14  2.093687e+11  2.000000e+06
145  1.858427e+04  6.430000e-02  6.430000e-02  4.444533e+08  4.495424e+08  2.093373e+14  2.093373e+11  2.000000e+06
146  1.969932e+04  6.430000e-02  6.430000e-02  4.495424e+08  4.549368e+08  2.093041e+14  2.093041e+11  2.000000e+06
147  2.088128e+04  6.430000e-02  6.430000e-02  4.549368e+08  4.606548e+08  2.092689e+14  2.092689e+11  2.000000e+06
148  2.213416e+04  6.430000e-02  6.430000e-02  4.606548e+08  4.667157e+08  2.092316e+14  2.092316e+11  2.000000e+06
149  2.346221e+04  6.430000e-02  6.430000e-02  4.667157e+08  4.731402e+08  2.091920e+14  2.091920e+11  2.000000e+06
150  2.486994e+04  6.430000e-02  6.430000e-02  4.731402e+08  4.799500e+08  2.091501e+14  2.091501e+11  2.000000e+06
151  2.636214e+04  6.430000e-02  6.430000e-02  4.799500e+08  4.871683e+08  2.091057e+14  2.091057e+11  2.000000e+06
152  2.794387e+04  6.430000e-02  6.430000e-02  4.871683e+08  4.948196e+08  2.090586e+14  2.090586e+11  2.000000e+06
153  2.962050e+04  6.430000e-02  6.430000e-02  4.948196e+08  5.029297e+08  2.090087e+14  2.090087e+11  2.000000e+06
154  3.139773e+04  6.430000e-02  6.430000e-02  5.029297e+08  5.115262e+08  2.089558e+14  2.089558e+11  2.000000e+06
155  3.328159e+04  6.430000e-02  6.430000e-02  5.115262e+08  5.206382e+08  2.088998e+14  2.088998e+11  2.000000e+06
156  3.527849e+04  6.430000e-02  6.430000e-02  5.206382e+08  5.302968e+08  2.088404e+14  2.088404e+11  2.000000e+06
157  3.739520e+04  6.430000e-02  6.430000e-02  5.302968e+08  5.405345e+08  2.087775e+14  2.087775e+11  2.000000e+06
158  3.963891e+04  6.430000e-02  6.430000e-02  5.405345e+08  5.513861e+08  2.087108e+14  2.087108e+11  2.000000e+06
159  4.201725e+04  6.430000e-02  6.430000e-02  5.513861e+08  5.628883e+08  2.086402e+14  2.086402e+11  2.000000e+06
160  4.453828e+04  6.430000e-02  6.430000e-02  5.628883e+08  5.750803e+08  2.085654e+14  2.085654e+11  2.000000e+06
161  4.721058e+04  6.430000e-02  6.430000e-02  5.750803e+08  5.880032e+08  2.084860e+14  2.084860e+11  2.000000e+06
162  5.004321e+04  6.430000e-02  6.430000e-02  5.880032e+08  6.017008e+08  2.084020e+14  2.084020e+11  2.000000e+06
163  5.304581e+04  6.430000e-02  6.430000e-02  6.017008e+08  6.162196e+08  2.083130e+14  2.083130e+11  2.000000e+06
164  5.622855e+04  6.430000e-02  6.430000e-02  6.162196e+08  6.316087e+08  2.082187e+14  2.082187e+11  2.000000e+06
165  5.960227e+04  6.430000e-02  6.430000e-02  6.316087e+08  6.479202e+08  2.081187e+14  2.081187e+11  2.000000e+06
166  6.317840e+04  6.430000e-02  6.430000e-02  6.479202e+08  6.652093e+08  2.080129e+14  2.080129e+11  2.000000e+06
167  6.696911e+04  6.430000e-02  6.430000e-02  6.652093e+08  6.835344e+08  2.079007e+14  2.079007e+11  2.000000e+06
168  7.098725e+04  6.430000e-02  6.430000e-02  6.835344e+08  7.029576e+08  2.077819e+14  2.077819e+11  2.000000e+06
169  7.524649e+04  6.430000e-02  6.430000e-02  7.029576e+08  7.235445e+08  2.076561e+14  2.076561e+11  2.000000e+06
170  7.976128e+04  6.430000e-02  6.430000e-02  7.235445e+08  7.453646e+08  2.075228e+14  2.075228e+11  2.000000e+06
171  8.454695e+04  6.430000e-02  6.430000e-02  7.453646e+08  7.684916e+08  2.073816e+14  2.073816e+11  2.000000e+06
172  8.961977e+04  6.430000e-02  6.430000e-02  7.684916e+08  7.930037e+08  2.072320e+14  2.072320e+11  2.000000e+06
173  9.499696e+04  6.430000e-02  6.430000e-02  7.930037e+08  8.189834e+08  2.070736e+14  2.070736e+11  2.000000e+06
174  1.006968e+05  6.430000e-02  6.430000e-02  8.189834e+08  8.465184e+08  2.069059e+14  2.069059e+11  2.000000e+06
175  1.067386e+05  6.430000e-02  6.430000e-02  8.465184e+08  8.757013e+08  2.067283e+14  2.067283e+11  2.000000e+06
176  1.131429e+05  6.430000e-02  6.430000e-02  8.757013e+08  9.066304e+08  2.065402e+14  2.065402e+11  2.000000e+06
177  1.199315e+05  6.430000e-02  6.430000e-02  9.066304e+08  9.394098e+08  2.063410e+14  2.063410e+11  2.000000e+06
178  1.271274e+05  6.430000e-02  6.430000e-02  9.394098e+08  9.741494e+08  2.061302e+14  2.061302e+11  2.000000e+06
179  1.347550e+05  6.430000e-02  6.430000e-02  9.741494e+08  1.010966e+09  2.059070e+14  2.059070e+11  2.000000e+06
180  1.428403e+05  6.430000e-02  6.430000e-02  1.010966e+09  1.049982e+09  2.056707e+14  2.056707e+11  2.000000e+06
181  1.514107e+05  6.430000e-02  6.430000e-02  1.049982e+09  1.091330e+09  2.054206e+14  2.054206e+11  2.000000e+06
182  1.604954e+05  6.430000e-02  6.430000e-02  1.091330e+09  1.135146e+09  2.051558e+14  2.051558e+11  2.000000e+06
183  1.701251e+05  6.430000e-02  6.430000e-02  1.135146e+09  1.181577e+09  2.048757e+14  2.048757e+11  2.000000e+06
184  1.803326e+05  6.430000e-02  6.430000e-02  1.181577e+09  1.230778e+09  2.045793e+14  2.045793e+11  2.000000e+06
185  1.911525e+05  6.430000e-02  6.430000e-02  1.230778e+09  1.282911e+09  2.042656e+14  2.042656e+11  2.000000e+06
186  2.026217e+05  6.430000e-02  6.430000e-02  1.282911e+09  1.338150e+09  2.039338e+14  2.039338e+11  2.000000e+06
187  2.147790e+05  6.430000e-02  6.430000e-02  1.338150e+09  1.396677e+09  2.035829e+14  2.035829e+11  2.000000e+06
188  2.276657e+05  6.430000e-02  6.430000e-02  1.396677e+09  1.458685e+09  2.032117e+14  2.032117e+11  2.000000e+06
189  2.413257e+05  6.430000e-02  6.430000e-02  1.458685e+09  1.524377e+09  2.028192e+14  2.028192e+11  2.000000e+06
190  2.558052e+05  6.430000e-02  6.430000e-02  1.524377e+09  1.593968e+09  2.024042e+14  2.024042e+11  2.000000e+06
191  2.711535e+05  6.430000e-02  6.430000e-02  1.593968e+09  1.667685e+09  2.019656e+14  2.019656e+11  2.000000e+06
192  2.874227e+05  6.430000e-02  6.430000e-02  1.667685e+09  1.745765e+09  2.015020e+14  2.015020e+11  2.000000e+06
193  3.046681e+05  6.430000e-02  6.430000e-02  1.745765e+09  1.828462e+09  2.010122e+14  2.010122e+11  2.000000e+06
194  3.229482e+05  6.430000e-02  6.430000e-02  1.828462e+09  1.916038e+09  2.004948e+14  2.004948e+11  2.000000e+06
195  3.423251e+05  6.430000e-02  6.430000e-02  1.916038e+09  2.008774e+09  1.999484e+14  1.999484e+11  2.000000e+06
196  3.628646e+05  6.430000e-02  6.430000e-02  2.008774e+09  2.106961e+09  1.993714e+14  1.993714e+11  2.000000e+06
197  3.846365e+05  6.430000e-02  6.430000e-02  2.106961e+09  2.210906e+09  1.987625e+14  1.987625e+11  2.000000e+06
198  4.000000e+05  6.430000e-02  6.430000e-02  2.210906e+09  2.318851e+09  1.981262e+14  1.981262e+11  2.000000e+06
199  4.000000e+05  6.430000e-02  6.430000e-02  2.318851e+09  2.426633e+09  1.974804e+14  1.974804e+11  2.000000e+06
200  4.000000e+05  6.430000e-02  6.430000e-02  2.426633e+09  2.534245e+09  1.968379e+14  1.968379e+11  2.000000e+06
201  4.000000e+05  6.430000e-02  6.430000e-02  2.534245e+09  2.641678e+09  1.961984e+14  1.961984e+11  2.000000e+06
202  4.000000e+05  6.430000e-02  6.430000e-02  2.641678e+09  2.748927e+09  1.955622e+14  1.955622e+11  2.000000e+06
203  4.000000e+05  6.430000e-02  6.430000e-02  2.748927e+09  2.855982e+09  1.949291e+14  1.949291e+11  2.000000e+06
204  4.000000e+05  6.430000e-02  6.430000e-02  2.855982e+09  2.962837e+09  1.942993e+14  1.942993e+11  2.000000e+06
205  4.000000e+05  6.430000e-02  6.430000e-02  2.962837e+09  3.069484e+09  1.936727e+14  1.936727e+11  2.000000e+06
206  4.000000e+05  6.430000e-02  6.430000e-02  3.069484e+09  3.175916e+09  1.930494e+14  1.930494e+11  2.000000e+06
207  4.000000e+05  6.430000e-02  6.430000e-02  3.175916e+09  3.282125e+09  1.924294e+14  1.924294e+11  2.000000e+06
208  4.000000e+05  6.430000e-02  6.430000e-02  3.282125e+09  3.388103e+09  1.918127e+14  1.918127e+11  2.000000e+06
209  4.000000e+05  6.430000e-02  6.430000e-02  3.388103e+09  3.493844e+09  1.911994e+14  1.911994e+11  2.000000e+06
210  4.000000e+05  6.430000e-02  6.430000e-02  3.493844e+09  3.599339e+09  1.905895e+14  1.905895e+11  2.000000e+06
211  4.000000e+05  6.430000e-02  6.430000e-02  3.599339e+09  3.704582e+09  1.899830e+14  1.899830e+11  2.000000e+06
212  4.000000e+05  6.430000e-02  6.430000e-02  3.704582e+09  3.809565e+09  1.893798e+14  1.893798e+11  2.000000e+06
213  4.000000e+05  6.430000e-02  6.430000e-02  3.809565e+09  3.914280e+09  1.887802e+14  1.887802e+11  2.000000e+06
214  4.000000e+05  6.430000e-02  6.430000e-02  3.914280e+09  4.018721e+09  1.881840e+14  1.881840e+11  2.000000e+06
215  4.000000e+05  6.430000e-02  6.430000e-02  4.018721e+09  4.122880e+09  1.875913e+14  1.875913e+11  2.000000e+06
216  4.000000e+05  6.430000e-02  6.430000e-02  4.122880e+09  4.226749e+09  1.870020e+14  1.870020e+11  2.000000e+06
217  4.000000e+05  6.430000e-02  6.430000e-02  4.226749e+09  4.330322e+09  1.864164e+14  1.864164e+11  2.000000e+06
218  4.000000e+05  6.430000e-02  6.430000e-02  4.330322e+09  4.433591e+09  1.858342e+14  1.858342e+11  2.000000e+06
219  4.000000e+05  6.430000e-02  6.430000e-02  4.433591e+09  4.536548e+09  1.852556e+14  1.852556e+11  2.000000e+06
220  4.000000e+05  6.430000e-02  6.430000e-02  4.536548e+09  4.639187e+09  1.846806e+14  1.846806e+11  2.000000e+06
221  4.000000e+05  6.430000e-02  6.430000e-02  4.639187e+09  4.741501e+09  1.841092e+14  1.841092e+11  2.000000e+06
222  4.000000e+05  6.430000e-02  6.430000e-02  4.741501e+09  4.843482e+09  1.835415e+14  1.835415e+11  2.000000e+06
223  4.000000e+05  6.430000e-02  6.430000e-02  4.843482e+09  4.945123e+09  1.829773e+14  1.829773e+11  2.000000e+06
224  4.000000e+05  6.430000e-02  6.430000e-02  4.945123e+09  5.046417e+09  1.824168e+14  1.824168e+11  2.000000e+06
225  4.000000e+05  6.430000e-02  6.430000e-02  5.046417e+09  5.147356e+09  1.818600e+14  1.818600e+11  2.000000e+06
226  4.000000e+05  6.430000e-02  6.430000e-02  5.147356e+09  5.247935e+09  1.813069e+14  1.813069e+11  2.000000e+06
227  4.000000e+05  6.430000e-02  6.430000e-02  5.247935e+09  5.348145e+09  1.807574e+14  1.807574e+11  2.000000e+06
228  4.000000e+05  6.430000e-02  6.430000e-02  5.348145e+09  5.447979e+09  1.802117e+14  1.802117e+11  2.000000e+06
229  4.000000e+05  6.430000e-02  6.430000e-02  5.447979e+09  5.547432e+09  1.796697e+14  1.796697e+11  2.000000e+06
230  4.000000e+05  6.430000e-02  6.430000e-02  5.547432e+09  5.646495e+09  1.791314e+14  1.791314e+11  2.000000e+06
231  4.000000e+05  6.430000e-02  6.430000e-02  5.646495e+09  5.745162e+09  1.785969e+14  1.785969e+11  2.000000e+06
232  4.000000e+05  6.430000e-02  6.430000e-02  5.745162e+09  5.843425e+09  1.780662e+14  1.780662e+11  2.000000e+06
233  4.000000e+05  6.430000e-02  6.430000e-02  5.843425e+09  5.941278e+09  1.775392e+14  1.775392e+11  2.000000e+06
234  4.000000e+05  6.430000e-02  6.430000e-02  5.941278e+09  6.038715e+09  1.770161e+14  1.770161e+11  2.000000e+06
235  4.000000e+05  6.430000e-02  6.430000e-02  6.038715e+09  6.135728e+09  1.764967e+14  1.764967e+11  2.000000e+06
236  4.000000e+05  6.430000e-02  6.430000e-02  6.135728e+09  6.232310e+09  1.759812e+14  1.759812e+11  2.000000e+06
237  4.000000e+05  6.430000e-02  6.430000e-02  6.232310e+09  6.328454e+09  1.754695e+14  1.754695e+11  2.000000e+06
238  4.000000e+05  6.430000e-02  6.430000e-02  6.328454e+09  6.424155e+09  1.749616e+14  1.749616e+11  2.000000e+06
239  4.000000e+05  6.430000e-02  6.430000e-02  6.424155e+09  6.519404e+09  1.744576e+14  1.744576e+11  2.000000e+06
240  4.000000e+05  6.430000e-02  6.430000e-02  6.519404e+09  6.614196e+09  1.739575e+14  1.739575e+11  2.000000e+06
241  4.000000e+05  6.430000e-02  6.430000e-02  6.614196e+09  6.708524e+09  1.734612e+14  1.734612e+11  2.000000e+06
242  4.000000e+05  6.430000e-02  6.430000e-02  6.708524e+09  6.802381e+09  1.729688e+14  1.729688e+11  2.000000e+06
243  4.000000e+05  6.430000e-02  6.430000e-02  6.802381e+09  6.895760e+09  1.724803e+14  1.724803e+11  2.000000e+06
244  4.000000e+05  6.430000e-02  6.430000e-02  6.895760e+09  6.988656e+09  1.719957e+14  1.719957e+11  2.000000e+06
245  4.000000e+05  6.430000e-02  6.430000e-02  6.988656e+09  7.081061e+09  1.715151e+14  1.715151e+11  2.000000e+06
246  4.000000e+05  6.430000e-02  6.430000e-02  7.081061e+09  7.172969e+09  1.710383e+14  1.710383e+11  2.000000e+06
247  4.000000e+05  6.430000e-02  6.430000e-02  7.172969e+09  7.264374e+09  1.705654e+14  1.705654e+11  2.000000e+06
248  4.000000e+05  6.430000e-02  6.430000e-02  7.264374e+09  7.355269e+09  1.700965e+14  1.700965e+11  2.000000e+06
249  4.000000e+05  6.430000e-02  6.430000e-02  7.355269e+09  7.445648e+09  1.696316e+14  1.696316e+11  2.000000e+06
250  4.000000e+05  6.430000e-02  6.430000e-02  7.445648e+09  7.535504e+09  1.691706e+14  1.691706e+11  2.000000e+06
251  4.000000e+05  6.430000e-02  6.430000e-02  7.535504e+09  7.624831e+09  1.687135e+14  1.687135e+11  2.000000e+06
252  4.000000e+05  6.430000e-02  6.430000e-02  7.624831e+09  7.713623e+09  1.682604e+14  1.682604e+11  2.000000e+06
253  4.000000e+05  6.430000e-02  6.430000e-02  7.713623e+09  7.801874e+09  1.678113e+14  1.678113e+11  2.000000e+06
254  4.000000e+05  6.430000e-02  6.430000e-02  7.801874e+09  7.889577e+09  1.673661e+14  1.673661e+11  2.000000e+06
255  4.000000e+05  6.430000e-02  6.430000e-02  7.889577e+09  7.976726e+09  1.669249e+14  1.669249e+11  2.000000e+06
256  4.000000e+05  6.430000e-02  6.430000e-02  7.976726e+09  8.063316e+09  1.664877e+14  1.664877e+11  2.000000e+06
257  4.000000e+05  6.430000e-02  6.430000e-02  8.063316e+09  8.149340e+09  1.660545e+14  1.660545e+11  2.000000e+06
258  4.000000e+05  6.430000e-02  6.430000e-02  8.149340e+09  8.234791e+09  1.656253e+14  1.656253e+11  2.000000e+06
259  4.000000e+05  6.430000e-02  6.430000e-02  8.234791e+09  8.319665e+09  1.652001e+14  1.652001e+11  2.000000e+06
260  4.000000e+05  6.430000e-02  6.430000e-02  8.319665e+09  8.403955e+09  1.647789e+14  1.647789e+11  2.000000e+06
261  4.000000e+05  6.430000e-02  6.430000e-02  8.403955e+09  8.487655e+09  1.643617e+14  1.643617e+11  2.000000e+06
262  4.000000e+05  6.430000e-02  6.430000e-02  8.487655e+09  8.570759e+09  1.639485e+14  1.639485e+11  2.000000e+06
263  4.000000e+05  6.430000e-02  6.430000e-02  8.570759e+09  8.653262e+09  1.635394e+14  1.635394e+11  2.000000e+06
264  4.000000e+05  6.430000e-02  6.430000e-02  8.653262e+09  8.735158e+09  1.631343e+14  1.631343e+11  2.000000e+06
265  4.000000e+05  6.430000e-02  6.430000e-02  8.735158e+09  8.816440e+09  1.627331e+14  1.627331e+11  2.000000e+06
266  4.000000e+05  6.430000e-02  6.430000e-02  8.816440e+09  8.897104e+09  1.623361e+14  1.623361e+11  2.000000e+06
267  4.000000e+05  6.430000e-02  6.430000e-02  8.897104e+09  8.977143e+09  1.619430e+14  1.619430e+11  2.000000e+06
268  4.000000e+05  6.430000e-02  6.430000e-02  8.977143e+09  9.056553e+09  1.615540e+14  1.615540e+11  2.000000e+06
269  4.000000e+05  6.430000e-02  6.430000e-02  9.056553e+09  9.135326e+09  1.611690e+14  1.611690e+11  2.000000e+06
270  4.000000e+05  6.430000e-02  6.430000e-02  9.135326e+09  9.213459e+09  1.607881e+14  1.607881e+11  2.000000e+06
271  4.000000e+05  6.430000e-02  6.430000e-02  9.213459e+09  9.290945e+09  1.604112e+14  1.604112e+11  2.000000e+06
272  4.000000e+05  6.430000e-02  6.430000e-02  9.290945e+09  9.367778e+09  1.600383e+14  1.600383e+11  2.000000e+06
273  4.000000e+05  6.430000e-02  6.430000e-02  9.367778e+09  9.443955e+09  1.596695e+14  1.596695e+11  2.000000e+06
274  4.000000e+05  6.430000e-02  6.430000e-02  9.443955e+09  9.519468e+09  1.593048e+14  1.593048e+11  2.000000e+06
275  4.000000e+05  6.430000e-02  6.430000e-02  9.519468e+09  9.594313e+09  1.589441e+14  1.589441e+11  2.000000e+06
276  4.000000e+05  6.430000e-02  6.430000e-02  9.594313e+09  9.668485e+09  1.585874e+14  1.585874e+11  2.000000e+06
277  4.000000e+05  6.430000e-02  6.430000e-02  9.668485e+09  9.741979e+09  1.582348e+14  1.582348e+11  2.000000e+06
278  4.000000e+05  6.430000e-02  6.430000e-02  9.741979e+09  9.814789e+09  1.578862e+14  1.578862e+11  2.000000e+06
279  4.000000e+05  6.430000e-02  6.430000e-02  9.814789e+09  9.886910e+09  1.575417e+14  1.575417e+11  2.000000e+06
280  4.000000e+05  6.430000e-02  6.430000e-02  9.886910e+09  9.958337e+09  1.572013e+14  1.572013e+11  2.000000e+06
281  4.000000e+05  6.430000e-02  6.430000e-02  9.958337e+09  1.002906e+10  1.568649e+14  1.568649e+11  2.000000e+06
282  4.000000e+05  6.430000e-02  6.430000e-02  1.002906e+10  1.009909e+10  1.565326e+14  1.565326e+11  2.000000e+06
283  4.000000e+05  6.430000e-02  6.430000e-02  1.009909e+10  1.016840e+10  1.562043e+14  1.562043e+11  2.000000e+06
284  4.000000e+05  6.430000e-02  6.430000e-02  1.016840e+10  1.023701e+10  1.558801e+14  1.558801e+11  2.000000e+06
285  4.000000e+05  6.430000e-02  6.430000e-02  1.023701e+10  1.030489e+10  1.555599e+14  1.555599e+11  2.000000e+06
286  4.000000e+05  6.430000e-02  6.430000e-02  1.030489e+10  1.037205e+10  1.552438e+14  1.552438e+11  2.000000e+06
287  4.000000e+05  6.430000e-02  6.430000e-02  1.037205e+10  1.043848e+10  1.549318e+14  1.549318e+11  2.000000e+06
288  4.000000e+05  6.430000e-02  6.430000e-02  1.043848e+10  1.050418e+10  1.546238e+14  1.546238e+11  2.000000e+06
289  4.000000e+05  6.430000e-02  6.430000e-02  1.050418e+10  1.056914e+10  1.543199e+14  1.543199e+11  2.000000e+06
290  4.000000e+05  6.430000e-02  6.430000e-02  1.056914e+10  1.063336e+10  1.540200e+14  1.540200e+11  2.000000e+06
291  4.000000e+05  6.430000e-02  6.430000e-02  1.063336e+10  1.069684e+10  1.537242e+14  1.537242e+11  2.000000e+06
292  4.000000e+05  6.430000e-02  6.430000e-02  1.069684e+10  1.075956e+10  1.534325e+14  1.534325e+11  2.000000e+06
293  4.000000e+05  6.430000e-02  6.430000e-02  1.075956e+10  1.082153e+10  1.531448e+14  1.531448e+11  2.000000e+06
294  4.000000e+05  6.430000e-02  6.430000e-02  1.082153e+10  1.088274e+10  1.528611e+14  1.528611e+11  2.000000e+06
295  4.000000e+05  6.430000e-02  6.430000e-02  1.088274e+10  1.094318e+10  1.525815e+14  1.525815e+11  2.000000e+06
296  4.000000e+05  6.430000e-02  6.430000e-02  1.094318e+10  1.100286e+10  1.523060e+14  1.523060e+11  2.000000e+06
297  4.000000e+05  6.430000e-02  6.430000e-02  1.100286e+10  1.106177e+10  1.520345e+14  1.520345e+11  2.000000e+06
298  4.000000e+05  6.430000e-02  6.430000e-02  1.106177e+10  1.111989e+10  1.517671e+14  1.517671e+11  2.000000e+06
299  4.000000e+05  6.430000e-02  6.430000e-02  1.111989e+10  1.117724e+10  1.515037e+14  1.515037e+11  2.000000e+06
300  4.000000e+05  6.430000e-02  6.430000e-02  1.117724e+10  1.123381e+10  1.512444e+14  1.512444e+11  2.000000e+06
301  4.000000e+05  6.430000e-02  6.430000e-02  1.123381e+10  1.128958e+10  1.509891e+14  1.509891e+11  2.000000e+06
302  4.000000e+05  6.430000e-02  6.430000e-02  1.128958e+10  1.134456e+10  1.507379e+14  1.507379e+11  2.000000e+06
303  4.000000e+05  6.430000e-02  6.430000e-02  1.134456e+10  1.139875e+10  1.504907e+14  1.504907e+11  2.000000e+06
304  4.000000e+05  6.430000e-02  6.430000e-02  1.139875e+10  1.145214e+10  1.502476e+14  1.502476e+11  2.000000e+06
305  4.000000e+05  6.430000e-02  6.430000e-02  1.145214e+10  1.150472e+10  1.500085e+14  1.500085e+11  2.000000e+06
306  4.000000e+05  6.430000e-02  6.430000e-02  1.150472e+10  1.155650e+10  1.497734e+14  1.497734e+11  2.000000e+06
307  4.000000e+05  6.430000e-02  6.430000e-02  1.155650e+10  1.160746e+10  1.495424e+14  1.495424e+11  2.000000e+06
308  4.000000e+05  6.430000e-02  6.430000e-02  1.160746e+10  1.165761e+10  1.493155e+14  1.493155e+11  2.000000e+06
309  4.000000e+05  6.430000e-02  6.430000e-02  1.165761e+10  1.170694e+10  1.490925e+14  1.490925e+11  2.000000e+06
310  4.000000e+05  6.430000e-02  6.430000e-02  1.170694e+10  1.175545e+10  1.488737e+14  1.488737e+11  2.000000e+06
311  4.000000e+05  6.430000e-02  6.430000e-02  1.175545e+10  1.180314e+10  1.486588e+14  1.486588e+11  2.000000e+06
312  4.000000e+05  6.430000e-02  6.430000e-02  1.180314e+10  1.184999e+10  1.484480e+14  1.484480e+11  2.000000e+06
313  4.000000e+05  6.430000e-02  6.430000e-02  1.184999e+10  1.189602e+10  1.482412e+14  1.482412e+11  2.000000e+06
314  4.000000e+05  6.430000e-02  6.430000e-02  1.189602e+10  1.194121e+10  1.480384e+14  1.480384e+11  2.000000e+06
315  4.000000e+05  6.430000e-02  6.430000e-02  1.194121e+10  1.198556e+10  1.478397e+14  1.478397e+11  2.000000e+06
316  4.000000e+05  6.430000e-02  6.430000e-02  1.198556e+10  1.202907e+10  1.476450e+14  1.476450e+11  2.000000e+06
317  4.000000e+05  6.430000e-02  6.430000e-02  1.202907e+10  1.207174e+10  1.474544e+14  1.474544e+11  2.000000e+06
318  4.000000e+05  6.430000e-02  6.430000e-02  1.207174e+10  1.211355e+10  1.472677e+14  1.472677e+11  2.000000e+06
319  4.000000e+05  6.430000e-02  6.430000e-02  1.211355e+10  1.215452e+10  1.470851e+14  1.470851e+11  2.000000e+06
320  4.000000e+05  6.430000e-02  6.430000e-02  1.215452e+10  1.219464e+10  1.469065e+14  1.469065e+11  2.000000e+06
321  4.000000e+05  6.430000e-02  6.430000e-02  1.219464e+10  1.223390e+10  1.467319e+14  1.467319e+11  2.000000e+06
322  4.000000e+05  6.430000e-02  6.430000e-02  1.223390e+10  1.227230e+10  1.465614e+14  1.465614e+11  2.000000e+06
323  4.000000e+05  6.430000e-02  6.430000e-02  1.227230e+10  1.230984e+10  1.463948e+14  1.463948e+11  2.000000e+06
324  4.000000e+05  6.430000e-02  6.430000e-02  1.230984e+10  1.234652e+10  1.462323e+14  1.462323e+11  2.000000e+06
325  4.000000e+05  6.430000e-02  6.430000e-02  1.234652e+10  1.238233e+10  1.460738e+14  1.460738e+11  2.000000e+06
326  4.000000e+05  6.430000e-02  6.430000e-02  1.238233e+10  1.241727e+10  1.459193e+14  1.459193e+11  2.000000e+06
327  4.000000e+05  6.430000e-02  6.430000e-02  1.241727e+10  1.245134e+10  1.457688e+14  1.457688e+11  2.000000e+06
328  4.000000e+05  6.430000e-02  6.430000e-02  1.245134e+10  1.248453e+10  1.456223e+14  1.456223e+11  2.000000e+06
329  4.000000e+05  6.430000e-02  6.430000e-02  1.248453e+10  1.251685e+10  1.454798e+14  1.454798e+11  2.000000e+06
330  4.000000e+05  6.430000e-02  6.430000e-02  1.251685e+10  1.254829e+10  1.453414e+14  1.453414e+11  2.000000e+06
331  4.000000e+05  6.430000e-02  6.430000e-02  1.254829e+10  1.257885e+10  1.452069e+14  1.452069e+11  2.000000e+06
332  4.000000e+05  6.430000e-02  6.430000e-02  1.257885e+10  1.260853e+10  1.450765e+14  1.450765e+11  2.000000e+06
333  4.000000e+05  6.430000e-02  6.430000e-02  1.260853e+10  1.263732e+10  1.449500e+14  1.449500e+11  2.000000e+06
334  4.000000e+05  6.430000e-02  6.430000e-02  1.263732e+10  1.266523e+10  1.448275e+14  1.448275e+11  2.000000e+06
335  4.000000e+05  6.430000e-02  6.430000e-02  1.266523e+10  1.269224e+10  1.447091e+14  1.447091e+11  2.000000e+06
336  4.000000e+05  6.430000e-02  6.430000e-02  1.269224e+10  1.271837e+10  1.445946e+14  1.445946e+11  2.000000e+06
337  4.000000e+05  6.430000e-02  6.430000e-02  1.271837e+10  1.274360e+10  1.444842e+14  1.444842e+11  2.000000e+06
338  4.000000e+05  6.430000e-02  6.430000e-02  1.274360e+10  1.276794e+10  1.443777e+14  1.443777e+11  2.000000e+06
339  4.000000e+05  6.430000e-02  6.430000e-02  1.276794e+10  1.279138e+10  1.442752e+14  1.442752e+11  2.000000e+06
340  4.000000e+05  6.430000e-02  6.430000e-02  1.279138e+10  1.281393e+10  1.441767e+14  1.441767e+11  2.000000e+06
341  4.000000e+05  6.430000e-02  6.430000e-02  1.281393e+10  1.283557e+10  1.440823e+14  1.440823e+11  2.000000e+06
342  4.000000e+05  6.430000e-02  6.430000e-02  1.283557e+10  1.285632e+10  1.439918e+14  1.439918e+11  2.000000e+06
343  4.000000e+05  6.430000e-02  6.430000e-02  1.285632e+10  1.287616e+10  1.439053e+14  1.439053e+11  2.000000e+06
344  4.000000e+05  6.430000e-02  6.430000e-02  1.287616e+10  1.289510e+10  1.438227e+14  1.438227e+11  2.000000e+06
345  4.000000e+05  6.430000e-02  6.430000e-02  1.289510e+10  1.291313e+10  1.437442e+14  1.437442e+11  2.000000e+06
346  4.000000e+05  6.430000e-02  6.430000e-02  1.291313e+10  1.293026e+10  1.436697e+14  1.436697e+11  2.000000e+06
347  4.000000e+05  6.430000e-02  6.430000e-02  1.293026e+10  1.294648e+10  1.435991e+14  1.435991e+11  2.000000e+06
348  4.000000e+05  6.430000e-02  6.430000e-02  1.294648e+10  1.296179e+10  1.435325e+14  1.435325e+11  2.000000e+06
349  4.000000e+05  6.430000e-02  6.430000e-02  1.296179e+10  1.297619e+10  1.434699e+14  1.434699e+11  2.000000e+06
350  4.000000e+05  6.430000e-02  6.430000e-02  1.297619e+10  1.298968e+10  1.434113e+14  1.434113e+11  2.000000e+06
351  4.000000e+05  6.430000e-02  6.430000e-02  1.298968e+10  1.300226e+10  1.433567e+14  1.433567e+11  2.000000e+06
352  4.000000e+05  6.430000e-02  6.430000e-02  1.300226e+10  1.301393e+10  1.433061e+14  1.433061e+11  2.000000e+06
353  4.000000e+05  6.430000e-02  6.430000e-02  1.301393e+10  1.302468e+10  1.432594e+14  1.432594e+11  2.000000e+06
354  4.000000e+05  6.430000e-02  6.430000e-02  1.302468e+10  1.303452e+10  1.432167e+14  1.432167e+11  2.000000e+06
355  4.000000e+05  6.430000e-02  6.430000e-02  1.303452e+10  1.304344e+10  1.431780e+14  1.431780e+11  2.000000e+06
356  4.000000e+05  6.430000e-02  6.430000e-02  1.304344e+10  1.305145e+10  1.431433e+14  1.431433e+11  2.000000e+06
357  4.000000e+05  6.430000e-02  6.430000e-02  1.305145e+10  1.305854e+10  1.431125e+14  1.431125e+11  2.000000e+06
358  4.000000e+05  6.430000e-02  6.430000e-02  1.305854e+10  1.306472e+10  1.430858e+14  1.430858e+11  2.000000e+06
359  4.000000e+05  6.430000e-02  6.430000e-02  1.306472e+10  1.306998e+10  1.430630e+14  1.430630e+11  2.000000e+06
360  4.000000e+05  6.430000e-02  6.430000e-02  1.306998e+10  1.307432e+10  1.430442e+14  1.430442e+11  2.000000e+06
361  4.000000e+05  6.430000e-02  6.430000e-02  1.307432e+10  1.307775e+10  1.430293e+14  1.430293e+11  2.000000e+06
362  4.000000e+05  6.430000e-02  6.430000e-02  1.307775e+10  1.308025e+10  1.430185e+14  1.430185e+11  2.000000e+06
363  4.000000e+05  6.430000e-02  6.430000e-02  1.308025e+10  1.308184e+10  1.430116e+14  1.430116e+11  2.000000e+06
364  4.000000e+05  6.430000e-02  6.430000e-02  1.308184e+10  1.308251e+10  1.430087e+14  1.430087e+11  2.000000e+06
365  9.208894e+04  6.430000e-02  6.430000e-02  1.308251e+10  1.308254e+10  1.430084e+14  1.430084e+11  2.000000e+06
366  9.208894e+04  6.430000e-02  6.430000e-02  1.308254e+10  1.308251e+10  1.430084e+14  1.430084e+11  2.000000e+06
367  4.000000e+05  6.430000e-02  6.430000e-02  1.308251e+10  1.308184e+10  1.430087e+14  1.430087e+11  2.000000e+06
368  4.000000e+05  6.430000e-02  6.430000e-02  1.308184e+10  1.308025e+10  1.430116e+14  1.430116e+11  2.000000e+06
369  4.000000e+05  6.430000e-02  6.430000e-02  1.308025e+10  1.307775e+10  1.430185e+14  1.430185e+11  2.000000e+06
370  4.000000e+05  6.430000e-02  6.430000e-02  1.307775e+10  1.307432e+10  1.430293e+14  1.430293e+11  2.000000e+06
371  4.000000e+05  6.430000e-02  6.430000e-02  1.307432e+10  1.306998e+10  1.430442e+14  1.430442e+11  2.000000e+06
372  4.000000e+05  6.430000e-02  6.430000e-02  1.306998e+10  1.306472e+10  1.430630e+14  1.430630e+11  2.000000e+06
373  4.000000e+05  6.430000e-02  6.430000e-02  1.306472e+10  1.305854e+10  1.430858e+14  1.430858e+11  2.000000e+06
374  4.000000e+05  6.430000e-02  6.430000e-02  1.305854e+10  1.305145e+10  1.431125e+14  1.431125e+11  2.000000e+06
375  4.000000e+05  6.430000e-02  6.430000e-02  1.305145e+10  1.304344e+10  1.431433e+14  1.431433e+11  2.000000e+06
376  4.000000e+05  6.430000e-02  6.430000e-02  1.304344e+10  1.303452e+10  1.431780e+14  1.431780e+11  2.000000e+06
377  4.000000e+05  6.430000e-02  6.430000e-02  1.303452e+10  1.302468e+10  1.432167e+14  1.432167e+11  2.000000e+06
378  4.000000e+05  6.430000e-02  6.430000e-02  1.302468e+10  1.301393e+10  1.432594e+14  1.432594e+11  2.000000e+06
379  4.000000e+05  6.430000e-02  6.430000e-02  1.301393e+10  1.300226e+10  1.433061e+14  1.433061e+11  2.000000e+06
380  4.000000e+05  6.430000e-02  6.430000e-02  1.300226e+10  1.298968e+10  1.433567e+14  1.433567e+11  2.000000e+06
381  4.000000e+05  6.430000e-02  6.430000e-02  1.298968e+10  1.297619e+10  1.434113e+14  1.434113e+11  2.000000e+06
382  4.000000e+05  6.430000e-02  6.430000e-02  1.297619e+10  1.296179e+10  1.434699e+14  1.434699e+11  2.000000e+06
383  4.000000e+05  6.430000e-02  6.430000e-02  1.296179e+10  1.294648e+10  1.435325e+14  1.435325e+11  2.000000e+06
384  4.000000e+05  6.430000e-02  6.430000e-02  1.294648e+10  1.293026e+10  1.435991e+14  1.435991e+11  2.000000e+06
385  4.000000e+05  6.430000e-02  6.430000e-02  1.293026e+10  1.291313e+10  1.436697e+14  1.436697e+11  2.000000e+06
386  4.000000e+05  6.430000e-02  6.430000e-02  1.291313e+10  1.289510e+10  1.437442e+14  1.437442e+11  2.000000e+06
387  4.000000e+05  6.430000e-02  6.430000e-02  1.289510e+10  1.287616e+10  1.438227e+14  1.438227e+11  2.000000e+06
388  4.000000e+05  6.430000e-02  6.430000e-02  1.287616e+10  1.285632e+10  1.439053e+14  1.439053e+11  2.000000e+06
389  4.000000e+05  6.430000e-02  6.430000e-02  1.285632e+10  1.283557e+10  1.439918e+14  1.439918e+11  2.000000e+06
390  4.000000e+05  6.430000e-02  6.430000e-02  1.283557e+10  1.281393e+10  1.440823e+14  1.440823e+11  2.000000e+06
391  4.000000e+05  6.430000e-02  6.430000e-02  1.281393e+10  1.279138e+10  1.441767e+14  1.441767e+11  2.000000e+06
392  4.000000e+05  6.430000e-02  6.430000e-02  1.279138e+10  1.276794e+10  1.442752e+14  1.442752e+11  2.000000e+06
393  4.000000e+05  6.430000e-02  6.430000e-02  1.276794e+10  1.274360e+10  1.443777e+14  1.443777e+11  2.000000e+06
394  4.000000e+05  6.430000e-02  6.430000e-02  1.274360e+10  1.271837e+10  1.444842e+14  1.444842e+11  2.000000e+06
395  4.000000e+05  6.430000e-02  6.430000e-02  1.271837e+10  1.269224e+10  1.445946e+14  1.445946e+11  2.000000e+06
396  4.000000e+05  6.430000e-02  6.430000e-02  1.269224e+10  1.266523e+10  1.447091e+14  1.447091e+11  2.000000e+06
397  4.000000e+05  6.430000e-02  6.430000e-02  1.266523e+10  1.263732e+10  1.448275e+14  1.448275e+11  2.000000e+06
398  4.000000e+05  6.430000e-02  6.430000e-02  1.263732e+10  1.260853e+10  1.449500e+14  1.449500e+11  2.000000e+06
399  4.000000e+05  6.430000e-02  6.430000e-02  1.260853e+10  1.257885e+10  1.450765e+14  1.450765e+11  2.000000e+06
400  4.000000e+05  6.430000e-02  6.430000e-02  1.257885e+10  1.254829e+10  1.452069e+14  1.452069e+11  2.000000e+06
401  4.000000e+05  6.430000e-02  6.430000e-02  1.254829e+10  1.251685e+10  1.453414e+14  1.453414e+11  2.000000e+06
402  4.000000e+05  6.430000e-02  6.430000e-02  1.251685e+10  1.248453e+10  1.454798e+14  1.454798e+11  2.000000e+06
403  4.000000e+05  6.430000e-02  6.430000e-02  1.248453e+10  1.245134e+10  1.456223e+14  1.456223e+11  2.000000e+06
404  4.000000e+05  6.430000e-02  6.430000e-02  1.245134e+10  1.241727e+10  1.457688e+14  1.457688e+11  2.000000e+06
405  4.000000e+05  6.430000e-02  6.430000e-02  1.241727e+10  1.238233e+10  1.459193e+14  1.459193e+11  2.000000e+06
406  4.000000e+05  6.430000e-02  6.430000e-02  1.238233e+10  1.234652e+10  1.460738e+14  1.460738e+11  2.000000e+06
407  4.000000e+05  6.430000e-02  6.430000e-02  1.234652e+10  1.230984e+10  1.462323e+14  1.462323e+11  2.000000e+06
408  4.000000e+05  6.430000e-02  6.430000e-02  1.230984e+10  1.227230e+10  1.463948e+14  1.463948e+11  2.000000e+06
409  4.000000e+05  6.430000e-02  6.430000e-02  1.227230e+10  1.223390e+10  1.465614e+14  1.465614e+11  2.000000e+06
410  4.000000e+05  6.430000e-02  6.430000e-02  1.223390e+10  1.219464e+10  1.467319e+14  1.467319e+11  2.000000e+06
411  4.000000e+05  6.430000e-02  6.430000e-02  1.219464e+10  1.215452e+10  1.469065e+14  1.469065e+11  2.000000e+06
412  4.000000e+05  6.430000e-02  6.430000e-02  1.215452e+10  1.211355e+10  1.470851e+14  1.470851e+11  2.000000e+06
413  4.000000e+05  6.430000e-02  6.430000e-02  1.211355e+10  1.207174e+10  1.472677e+14  1.472677e+11  2.000000e+06
414  4.000000e+05  6.430000e-02  6.430000e-02  1.207174e+10  1.202907e+10  1.474544e+14  1.474544e+11  2.000000e+06
415  4.000000e+05  6.430000e-02  6.430000e-02  1.202907e+10  1.198556e+10  1.476450e+14  1.476450e+11  2.000000e+06
416  4.000000e+05  6.430000e-02  6.430000e-02  1.198556e+10  1.194121e+10  1.478397e+14  1.478397e+11  2.000000e+06
417  4.000000e+05  6.430000e-02  6.430000e-02  1.194121e+10  1.189602e+10  1.480384e+14  1.480384e+11  2.000000e+06
418  4.000000e+05  6.430000e-02  6.430000e-02  1.189602e+10  1.184999e+10  1.482412e+14  1.482412e+11  2.000000e+06
419  4.000000e+05  6.430000e-02  6.430000e-02  1.184999e+10  1.180314e+10  1.484480e+14  1.484480e+11  2.000000e+06
420  4.000000e+05  6.430000e-02  6.430000e-02  1.180314e+10  1.175545e+10  1.486588e+14  1.486588e+11  2.000000e+06
421  4.000000e+05  6.430000e-02  6.430000e-02  1.175545e+10  1.170694e+10  1.488737e+14  1.488737e+11  2.000000e+06
422  4.000000e+05  6.430000e-02  6.430000e-02  1.170694e+10  1.165761e+10  1.490925e+14  1.490925e+11  2.000000e+06
423  4.000000e+05  6.430000e-02  6.430000e-02  1.165761e+10  1.160746e+10  1.493155e+14  1.493155e+11  2.000000e+06
424  4.000000e+05  6.430000e-02  6.430000e-02  1.160746e+10  1.155650e+10  1.495424e+14  1.495424e+11  2.000000e+06
425  4.000000e+05  6.430000e-02  6.430000e-02  1.155650e+10  1.150472e+10  1.497734e+14  1.497734e+11  2.000000e+06
426  4.000000e+05  6.430000e-02  6.430000e-02  1.150472e+10  1.145214e+10  1.500085e+14  1.500085e+11  2.000000e+06
427  4.000000e+05  6.430000e-02  6.430000e-02  1.145214e+10  1.139875e+10  1.502476e+14  1.502476e+11  2.000000e+06
428  4.000000e+05  6.430000e-02  6.430000e-02  1.139875e+10  1.134456e+10  1.504907e+14  1.504907e+11  2.000000e+06
429  4.000000e+05  6.430000e-02  6.430000e-02  1.134456e+10  1.128958e+10  1.507379e+14  1.507379e+11  2.000000e+06
430  4.000000e+05  6.430000e-02  6.430000e-02  1.128958e+10  1.123381e+10  1.509891e+14  1.509891e+11  2.000000e+06
431  4.000000e+05  6.430000e-02  6.430000e-02  1.123381e+10  1.117724e+10  1.512444e+14  1.512444e+11  2.000000e+06
432  4.000000e+05  6.430000e-02  6.430000e-02  1.117724e+10  1.111989e+10  1.515037e+14  1.515037e+11  2.000000e+06
433  4.000000e+05  6.430000e-02  6.430000e-02  1.111989e+10  1.106177e+10  1.517671e+14  1.517671e+11  2.000000e+06
434  4.000000e+05  6.430000e-02  6.430000e-02  1.106177e+10  1.100286e+10  1.520345e+14  1.520345e+11  2.000000e+06
435  4.000000e+05  6.430000e-02  6.430000e-02  1.100286e+10  1.094318e+10  1.523060e+14  1.523060e+11  2.000000e+06
436  4.000000e+05  6.430000e-02  6.430000e-02  1.094318e+10  1.088274e+10  1.525815e+14  1.525815e+11  2.000000e+06
437  4.000000e+05  6.430000e-02  6.430000e-02  1.088274e+10  1.082153e+10  1.528611e+14  1.528611e+11  2.000000e+06
438  4.000000e+05  6.430000e-02  6.430000e-02  1.082153e+10  1.075956e+10  1.531448e+14  1.531448e+11  2.000000e+06
439  4.000000e+05  6.430000e-02  6.430000e-02  1.075956e+10  1.069684e+10  1.534325e+14  1.534325e+11  2.000000e+06
440  4.000000e+05  6.430000e-02  6.430000e-02  1.069684e+10  1.063336e+10  1.537242e+14  1.537242e+11  2.000000e+06
441  4.000000e+05  6.430000e-02  6.430000e-02  1.063336e+10  1.056914e+10  1.540200e+14  1.540200e+11  2.000000e+06
442  4.000000e+05  6.430000e-02  6.430000e-02  1.056914e+10  1.050418e+10  1.543199e+14  1.543199e+11  2.000000e+06
443  4.000000e+05  6.430000e-02  6.430000e-02  1.050418e+10  1.043848e+10  1.546238e+14  1.546238e+11  2.000000e+06
444  4.000000e+05  6.430000e-02  6.430000e-02  1.043848e+10  1.037205e+10  1.549318e+14  1.549318e+11  2.000000e+06
445  4.000000e+05  6.430000e-02  6.430000e-02  1.037205e+10  1.030489e+10  1.552438e+14  1.552438e+11  2.000000e+06
446  4.000000e+05  6.430000e-02  6.430000e-02  1.030489e+10  1.023701e+10  1.555599e+14  1.555599e+11  2.000000e+06
447  4.000000e+05  6.430000e-02  6.430000e-02  1.023701e+10  1.016840e+10  1.558801e+14  1.558801e+11  2.000000e+06
448  4.000000e+05  6.430000e-02  6.430000e-02  1.016840e+10  1.009909e+10  1.562043e+14  1.562043e+11  2.000000e+06
449  4.000000e+05  6.430000e-02  6.430000e-02  1.009909e+10  1.002906e+10  1.565326e+14  1.565326e+11  2.000000e+06
450  4.000000e+05  6.430000e-02  6.430000e-02  1.002906e+10  9.958337e+09  1.568649e+14  1.568649e+11  2.000000e+06
451  4.000000e+05  6.430000e-02  6.430000e-02  9.958337e+09  9.886910e+09  1.572013e+14  1.572013e+11  2.000000e+06
452  4.000000e+05  6.430000e-02  6.430000e-02  9.886910e+09  9.814789e+09  1.575417e+14  1.575417e+11  2.000000e+06
453  4.000000e+05  6.430000e-02  6.430000e-02  9.814789e+09  9.741979e+09  1.578862e+14  1.578862e+11  2.000000e+06
454  4.000000e+05  6.430000e-02  6.430000e-02  9.741979e+09  9.668485e+09  1.582348e+14  1.582348e+11  2.000000e+06
455  4.000000e+05  6.430000e-02  6.430000e-02  9.668485e+09  9.594313e+09  1.585874e+14  1.585874e+11  2.000000e+06
456  4.000000e+05  6.430000e-02  6.430000e-02  9.594313e+09  9.519468e+09  1.589441e+14  1.589441e+11  2.000000e+06
457  4.000000e+05  6.430000e-02  6.430000e-02  9.519468e+09  9.443955e+09  1.593048e+14  1.593048e+11  2.000000e+06
458  4.000000e+05  6.430000e-02  6.430000e-02  9.443955e+09  9.367778e+09  1.596695e+14  1.596695e+11  2.000000e+06
459  4.000000e+05  6.430000e-02  6.430000e-02  9.367778e+09  9.290945e+09  1.600383e+14  1.600383e+11  2.000000e+06
460  4.000000e+05  6.430000e-02  6.430000e-02  9.290945e+09  9.213459e+09  1.604112e+14  1.604112e+11  2.000000e+06
461  4.000000e+05  6.430000e-02  6.430000e-02  9.213459e+09  9.135326e+09  1.607881e+14  1.607881e+11  2.000000e+06
462  4.000000e+05  6.430000e-02  6.430000e-02  9.135326e+09  9.056553e+09  1.611690e+14  1.611690e+11  2.000000e+06
463  4.000000e+05  6.430000e-02  6.430000e-02  9.056553e+09  8.977143e+09  1.615540e+14  1.615540e+11  2.000000e+06
464  4.000000e+05  6.430000e-02  6.430000e-02  8.977143e+09  8.897104e+09  1.619430e+14  1.619430e+11  2.000000e+06
465  4.000000e+05  6.430000e-02  6.430000e-02  8.897104e+09  8.816440e+09  1.623361e+14  1.623361e+11  2.000000e+06
466  4.000000e+05  6.430000e-02  6.430000e-02  8.816440e+09  8.735158e+09  1.627331e+14  1.627331e+11  2.000000e+06
467  4.000000e+05  6.430000e-02  6.430000e-02  8.735158e+09  8.653262e+09  1.631343e+14  1.631343e+11  2.000000e+06
468  4.000000e+05  6.430000e-02  6.430000e-02  8.653262e+09  8.570759e+09  1.635394e+14  1.635394e+11  2.000000e+06
469  4.000000e+05  6.430000e-02  6.430000e-02  8.570759e+09  8.487655e+09  1.639485e+14  1.639485e+11  2.000000e+06
470  4.000000e+05  6.430000e-02  6.430000e-02  8.487655e+09  8.403955e+09  1.643617e+14  1.643617e+11  2.000000e+06
471  4.000000e+05  6.430000e-02  6.430000e-02  8.403955e+09  8.319665e+09  1.647789e+14  1.647789e+11  2.000000e+06
472  4.000000e+05  6.430000e-02  6.430000e-02  8.319665e+09  8.234791e+09  1.652001e+14  1.652001e+11  2.000000e+06
473  4.000000e+05  6.430000e-02  6.430000e-02  8.234791e+09  8.149340e+09  1.656253e+14  1.656253e+11  2.000000e+06
474  4.000000e+05  6.430000e-02  6.430000e-02  8.149340e+09  8.063316e+09  1.660545e+14  1.660545e+11  2.000000e+06
475  4.000000e+05  6.430000e-02  6.430000e-02  8.063316e+09  7.976726e+09  1.664877e+14  1.664877e+11  2.000000e+06
476  4.000000e+05  6.430000e-02  6.430000e-02  7.976726e+09  7.889577e+09  1.669249e+14  1.669249e+11  2.000000e+06
477  4.000000e+05  6.430000e-02  6.430000e-02  7.889577e+09  7.801874e+09  1.673661e+14  1.673661e+11  2.000000e+06
478  4.000000e+05  6.430000e-02  6.430000e-02  7.801874e+09  7.713623e+09  1.678113e+14  1.678113e+11  2.000000e+06
479  4.000000e+05  6.430000e-02  6.430000e-02  7.713623e+09  7.624831e+09  1.682604e+14  1.682604e+11  2.000000e+06
480  4.000000e+05  6.430000e-02  6.430000e-02  7.624831e+09  7.535504e+09  1.687135e+14  1.687135e+11  2.000000e+06
481  4.000000e+05  6.430000e-02  6.430000e-02  7.535504e+09  7.445648e+09  1.691706e+14  1.691706e+11  2.000000e+06
482  4.000000e+05  6.430000e-02  6.430000e-02  7.445648e+09  7.355269e+09  1.696316e+14  1.696316e+11  2.000000e+06
483  4.000000e+05  6.430000e-02  6.430000e-02  7.355269e+09  7.264374e+09  1.700965e+14  1.700965e+11  2.000000e+06
484  4.000000e+05  6.430000e-02  6.430000e-02  7.264374e+09  7.172969e+09  1.705654e+14  1.705654e+11  2.000000e+06
485  4.000000e+05  6.430000e-02  6.430000e-02  7.172969e+09  7.081061e+09  1.710383e+14  1.710383e+11  2.000000e+06
486  4.000000e+05  6.430000e-02  6.430000e-02  7.081061e+09  6.988656e+09  1.715151e+14  1.715151e+11  2.000000e+06
487  4.000000e+05  6.430000e-02  6.430000e-02  6.988656e+09  6.895760e+09  1.719957e+14  1.719957e+11  2.000000e+06
488  4.000000e+05  6.430000e-02  6.430000e-02  6.895760e+09  6.802381e+09  1.724803e+14  1.724803e+11  2.000000e+06
489  4.000000e+05  6.430000e-02  6.430000e-02  6.802381e+09  6.708524e+09  1.729688e+14  1.729688e+11  2.000000e+06
490  4.000000e+05  6.430000e-02  6.430000e-02  6.708524e+09  6.614196e+09  1.734612e+14  1.734612e+11  2.000000e+06
491  4.000000e+05  6.430000e-02  6.430000e-02  6.614196e+09  6.519404e+09  1.739575e+14  1.739575e+11  2.000000e+06
492  4.000000e+05  6.430000e-02  6.430000e-02  6.519404e+09  6.424155e+09  1.744576e+14  1.744576e+11  2.000000e+06
493  4.000000e+05  6.430000e-02  6.430000e-02  6.424155e+09  6.328454e+09  1.749616e+14  1.749616e+11  2.000000e+06
494  4.000000e+05  6.430000e-02  6.430000e-02  6.328454e+09  6.232310e+09  1.754695e+14  1.754695e+11  2.000000e+06
495  4.000000e+05  6.430000e-02  6.430000e-02  6.232310e+09  6.135728e+09  1.759812e+14  1.759812e+11  2.000000e+06
496  4.000000e+05  6.430000e-02  6.430000e-02  6.135728e+09  6.038715e+09  1.764967e+14  1.764967e+11  2.000000e+06
497  4.000000e+05  6.430000e-02  6.430000e-02  6.038715e+09  5.941278e+09  1.770161e+14  1.770161e+11  2.000000e+06
498  4.000000e+05  6.430000e-02  6.430000e-02  5.941278e+09  5.843425e+09  1.775392e+14  1.775392e+11  2.000000e+06
499  4.000000e+05  6.430000e-02  6.430000e-02  5.843425e+09  5.745162e+09  1.780662e+14  1.780662e+11  2.000000e+06
500  4.000000e+05  6.430000e-02  6.430000e-02  5.745162e+09  5.646495e+09  1.785969e+14  1.785969e+11  2.000000e+06
501  4.000000e+05  6.430000e-02  6.430000e-02  5.646495e+09  5.547432e+09  1.791314e+14  1.791314e+11  2.000000e+06
502  4.000000e+05  6.430000e-02  6.430000e-02  5.547432e+09  5.447979e+09  1.796697e+14  1.796697e+11  2.000000e+06
503  4.000000e+05  6.430000e-02  6.430000e-02  5.447979e+09  5.348145e+09  1.802117e+14  1.802117e+11  2.000000e+06
504  4.000000e+05  6.430000e-02  6.430000e-02  5.348145e+09  5.247935e+09  1.807574e+14  1.807574e+11  2.000000e+06
505  4.000000e+05  6.430000e-02  6.430000e-02  5.247935e+09  5.147356e+09  1.813069e+14  1.813069e+11  2.000000e+06
506  4.000000e+05  6.430000e-02  6.430000e-02  5.147356e+09  5.046417e+09  1.818600e+14  1.818600e+11  2.000000e+06
507  4.000000e+05  6.430000e-02  6.430000e-02  5.046417e+09  4.945123e+09  1.824168e+14  1.824168e+11  2.000000e+06
508  4.000000e+05  6.430000e-02  6.430000e-02  4.945123e+09  4.843482e+09  1.829773e+14  1.829773e+11  2.000000e+06
509  4.000000e+05  6.430000e-02  6.430000e-02  4.843482e+09  4.741501e+09  1.835415e+14  1.835415e+11  2.000000e+06
510  4.000000e+05  6.430000e-02  6.430000e-02  4.741501e+09  4.639187e+09  1.841092e+14  1.841092e+11  2.000000e+06
511  4.000000e+05  6.430000e-02  6.430000e-02  4.639187e+09  4.536548e+09  1.846806e+14  1.846806e+11  2.000000e+06
512  4.000000e+05  6.430000e-02  6.430000e-02  4.536548e+09  4.433591e+09  1.852556e+14  1.852556e+11  2.000000e+06
513  4.000000e+05  6.430000e-02  6.430000e-02  4.433591e+09  4.330322e+09  1.858342e+14  1.858342e+11  2.000000e+06
514  4.000000e+05  6.430000e-02  6.430000e-02  4.330322e+09  4.226749e+09  1.864164e+14  1.864164e+11  2.000000e+06
515  4.000000e+05  6.430000e-02  6.430000e-02  4.226749e+09  4.122880e+09  1.870020e+14  1.870020e+11  2.000000e+06
516  4.000000e+05  6.430000e-02  6.430000e-02  4.122880e+09  4.018721e+09  1.875913e+14  1.875913e+11  2.000000e+06
517  4.000000e+05  6.430000e-02  6.430000e-02  4.018721e+09  3.914280e+09  1.881840e+14  1.881840e+11  2.000000e+06
518  4.000000e+05  6.430000e-02  6.430000e-02  3.914280e+09  3.809565e+09  1.887802e+14  1.887802e+11  2.000000e+06
519  4.000000e+05  6.430000e-02  6.430000e-02  3.809565e+09  3.704582e+09  1.893798e+14  1.893798e+11  2.000000e+06
520  4.000000e+05  6.430000e-02  6.430000e-02  3.704582e+09  3.599339e+09  1.899830e+14  1.899830e+11  2.000000e+06
521  4.000000e+05  6.430000e-02  6.430000e-02  3.599339e+09  3.493844e+09  1.905895e+14  1.905895e+11  2.000000e+06
522  4.000000e+05  6.430000e-02  6.430000e-02  3.493844e+09  3.388103e+09  1.911994e+14  1.911994e+11  2.000000e+06
523  4.000000e+05  6.430000e-02  6.430000e-02  3.388103e+09  3.282125e+09  1.918127e+14  1.918127e+11  2.000000e+06
524  4.000000e+05  6.430000e-02  6.430000e-02  3.282125e+09  3.175916e+09  1.924294e+14  1.924294e+11  2.000000e+06
525  4.000000e+05  6.430000e-02  6.430000e-02  3.175916e+09  3.069484e+09  1.930494e+14  1.930494e+11  2.000000e+06
526  4.000000e+05  6.430000e-02  6.430000e-02  3.069484e+09  2.962837e+09  1.936727e+14  1.936727e+11  2.000000e+06
527  4.000000e+05  6.430000e-02  6.430000e-02  2.962837e+09  2.855982e+09  1.942993e+14  1.942993e+11  2.000000e+06
528  4.000000e+05  6.430000e-02  6.430000e-02  2.855982e+09  2.748927e+09  1.949291e+14  1.949291e+11  2.000000e+06
529  4.000000e+05  6.430000e-02  6.430000e-02  2.748927e+09  2.641678e+09  1.955622e+14  1.955622e+11  2.000000e+06
530  4.000000e+05  6.430000e-02  6.430000e-02  2.641678e+09  2.534245e+09  1.961984e+14  1.961984e+11  2.000000e+06
531  4.000000e+05  6.430000e-02  6.430000e-02  2.534245e+09  2.426633e+09  1.968379e+14  1.968379e+11  2.000000e+06
532  4.000000e+05  6.430000e-02  6.430000e-02  2.426633e+09  2.318851e+09  1.974804e+14  1.974804e+11  2.000000e+06
533  4.000000e+05  6.430000e-02  6.430000e-02  2.318851e+09  2.210906e+09  1.981262e+14  1.981262e+11  2.000000e+06
534  3.846365e+05  6.430000e-02  6.430000e-02  2.210906e+09  2.106961e+09  1.987625e+14  1.987625e+11  2.000000e+06
535  3.628646e+05  6.430000e-02  6.430000e-02  2.106961e+09  2.008774e+09  1.993714e+14  1.993714e+11  2.000000e+06
536  3.423251e+05  6.430000e-02  6.430000e-02  2.008774e+09  1.916038e+09  1.999484e+14  1.999484e+11  2.000000e+06
537  3.229482e+05  6.430000e-02  6.430000e-02  1.916038e+09  1.828462e+09  2.004948e+14  2.004948e+11  2.000000e+06
538  3.046681e+05  6.430000e-02  6.430000e-02  1.828462e+09  1.745765e+09  2.010122e+14  2.010122e+11  2.000000e+06
539  2.874227e+05  6.430000e-02  6.430000e-02  1.745765e+09  1.667685e+09  2.015020e+14  2.015020e+11  2.000000e+06
540  2.711535e+05  6.430000e-02  6.430000e-02  1.667685e+09  1.593968e+09  2.019656e+14  2.019656e+11  2.000000e+06
541  2.558052e+05  6.430000e-02  6.430000e-02  1.593968e+09  1.524377e+09  2.024042e+14  2.024042e+11  2.000000e+06
542  2.413257e+05  6.430000e-02  6.430000e-02  1.524377e+09  1.458685e+09  2.028192e+14  2.028192e+11  2.000000e+06
543  2.276657e+05  6.430000e-02  6.430000e-02  1.458685e+09  1.396677e+09  2.032117e+14  2.032117e+11  2.000000e+06
544  2.147790e+05  6.430000e-02  6.430000e-02  1.396677e+09  1.338150e+09  2.035829e+14  2.035829e+11  2.000000e+06
545  2.026217e+05  6.430000e-02  6.430000e-02  1.338150e+09  1.282911e+09  2.039338e+14  2.039338e+11  2.000000e+06
546  1.911525e+05  6.430000e-02  6.430000e-02  1.282911e+09  1.230778e+09  2.042656e+14  2.042656e+11  2.000000e+06
547  1.803326e+05  6.430000e-02  6.430000e-02  1.230778e+09  1.181577e+09  2.045793e+14  2.045793e+11  2.000000e+06
548  1.701251e+05  6.430000e-02  6.430000e-02  1.181577e+09  1.135146e+09  2.048757e+14  2.048757e+11  2.000000e+06
549  1.604954e+05  6.430000e-02  6.430000e-02  1.135146e+09  1.091330e+09  2.051558e+14  2.051558e+11  2.000000e+06
550  1.514107e+05  6.430000e-02  6.430000e-02  1.091330e+09  1.049982e+09  2.054206e+14  2.054206e+11  2.000000e+06
551  1.428403e+05  6.430000e-02  6.430000e-02  1.049982e+09  1.010966e+09  2.056707e+14  2.056707e+11  2.000000e+06
552  1.347550e+05  6.430000e-02  6.430000e-02  1.010966e+09  9.741494e+08  2.059070e+14  2.059070e+11  2.000000e+06
553  1.271274e+05  6.430000e-02  6.430000e-02  9.741494e+08  9.394098e+08  2.061302e+14  2.061302e+11  2.000000e+06
554  1.199315e+05  6.430000e-02  6.430000e-02  9.394098e+08  9.066304e+08  2.063410e+14  2.063410e+11  2.000000e+06
555  1.131429e+05  6.430000e-02  6.430000e-02  9.066304e+08  8.757013e+08  2.065402e+14  2.065402e+11  2.000000e+06
556  1.067386e+05  6.430000e-02  6.430000e-02  8.757013e+08  8.465184e+08  2.067283e+14  2.067283e+11  2.000000e+06
557  1.006968e+05  6.430000e-02  6.430000e-02  8.465184e+08  8.189834e+08  2.069059e+14  2.069059e+11  2.000000e+06
558  9.499696e+04  6.430000e-02  6.430000e-02  8.189834e+08  7.930037e+08  2.070736e+14  2.070736e+11  2.000000e+06
559  8.961977e+04  6.430000e-02  6.430000e-02  7.930037e+08  7.684916e+08  2.072320e+14  2.072320e+11  2.000000e+06
560  8.454695e+04  6.430000e-02  6.430000e-02  7.684916e+08  7.453646e+08  2.073816e+14  2.073816e+11  2.000000e+06
561  7.976128e+04  6.430000e-02  6.430000e-02  7.453646e+08  7.235445e+08  2.075228e+14  2.075228e+11  2.000000e+06
562  7.524649e+04  6.430000e-02  6.430000e-02  7.235445e+08  7.029576e+08  2.076561e+14  2.076561e+11  2.000000e+06
563  7.098725e+04  6.430000e-02  6.430000e-02  7.029576e+08  6.835344e+08  2.077819e+14  2.077819e+11  2.000000e+06
564  6.696911e+04  6.430000e-02  6.430000e-02  6.835344e+08  6.652093e+08  2.079007e+14  2.079007e+11  2.000000e+06
565  6.317840e+04  6.430000e-02  6.430000e-02  6.652093e+08  6.479202e+08  2.080129e+14  2.080129e+11  2.000000e+06
566  5.960227e+04  6.430000e-02  6.430000e-02  6.479202e+08  6.316087e+08  2.081187e+14  2.081187e+11  2.000000e+06
567  5.622855e+04  6.430000e-02  6.430000e-02  6.316087e+08  6.162196e+08  2.082187e+14  2.082187e+11  2.000000e+06
568  5.304581e+04  6.430000e-02  6.430000e-02  6.162196e+08  6.017008e+08  2.083130e+14  2.083130e+11  2.000000e+06
569  5.004321e+04  6.430000e-02  6.430000e-02  6.017008e+08  5.880032e+08  2.084020e+14  2.084020e+11  2.000000e+06
570  4.721058e+04  6.430000e-02  6.430000e-02  5.880032e+08  5.750803e+08  2.084860e+14  2.084860e+11  2.000000e+06
571  4.453828e+04  6.430000e-02  6.430000e-02  5.750803e+08  5.628883e+08  2.085654e+14  2.085654e+11  2.000000e+06
572  4.201725e+04  6.430000e-02  6.430000e-02  5.628883e+08  5.513861e+08  2.086402e+14  2.086402e+11  2.000000e+06
573  3.963891e+04  6.430000e-02  6.430000e-02  5.513861e+08  5.405345e+08  2.087108e+14  2.087108e+11  2.000000e+06
574  3.739520e+04  6.430000e-02  6.430000e-02  5.405345e+08  5.302968e+08  2.087775e+14  2.087775e+11  2.000000e+06
575  3.527849e+04  6.430000e-02  6.430000e-02  5.302968e+08  5.206382e+08  2.088404e+14  2.088404e+11  2.000000e+06
576  3.328159e+04  6.430000e-02  6.430000e-02  5.206382e+08  5.115262e+08  2.088998e+14  2.088998e+11  2.000000e+06
577  3.139773e+04  6.430000e-02  6.430000e-02  5.115262e+08  5.029297e+08  2.089558e+14  2.089558e+11  2.000000e+06
578  2.962050e+04  6.430000e-02  6.430000e-02  5.029297e+08  4.948196e+08  2.090087e+14  2.090087e+11  2.000000e+06
579  2.794387e+04  6.430000e-02  6.430000e-02  4.948196e+08  4.871683e+08  2.090586e+14  2.090586e+11  2.000000e+06
580  2.636214e+04  6.430000e-02  6.430000e-02  4.871683e+08  4.799500e+08  2.091057e+14  2.091057e+11  2.000000e+06
581  2.486994e+04  6.430000e-02  6.430000e-02  4.799500e+08  4.731402e+08  2.091501e+14  2.091501e+11  2.000000e+06
582  2.346221e+04  6.430000e-02  6.430000e-02  4.731402e+08  4.667157e+08  2.091920e+14  2.091920e+11  2.000000e+06
583  2.213416e+04  6.430000e-02  6.430000e-02  4.667157e+08  4.606548e+08  2.092316e+14  2.092316e+11  2.000000e+06
584  2.088128e+04  6.430000e-02  6.430000e-02  4.606548e+08  4.549368e+08  2.092689e+14  2.092689e+11  2.000000e+06
585  1.969932e+04  6.430000e-02  6.430000e-02  4.549368e+08  4.495424e+08  2.093041e+14  2.093041e+11  2.000000e+06
586  1.858427e+04  6.430000e-02  6.430000e-02  4.495424e+08  4.444533e+08  2.093373e+14  2.093373e+11  2.000000e+06
587  1.753233e+04  6.430000e-02  6.430000e-02  4.444533e+08  4.396522e+08  2.093687e+14  2.093687e+11  2.000000e+06
588  1.653993e+04  6.430000e-02  6.430000e-02  4.396522e+08  4.351228e+08  2.093983e+14  2.093983e+11  2.000000e+06
589  1.560371e+04  6.430000e-02  6.430000e-02  4.351228e+08  4.308497e+08  2.094262e+14  2.094262e+11  2.000000e+06
590  1.472048e+04  6.430000e-02  6.430000e-02  4.308497e+08  4.268184e+08  2.094525e+14  2.094525e+11  2.000000e+06
591  1.388725e+04  6.430000e-02  6.430000e-02  4.268184e+08  4.230153e+08  2.094774e+14  2.094774e+11  2.000000e+06
592  1.310118e+04  6.430000e-02  6.430000e-02  4.230153e+08  4.194275e+08  2.095008e+14  2.095008e+11  2.000000e+06
593  1.235960e+04  6.430000e-02  6.430000e-02  4.194275e+08  4.160427e+08  2.095229e+14  2.095229e+11  2.000000e+06
594  1.166000e+04  6.430000e-02  6.430000e-02  4.160427e+08  4.128494e+08  2.095438e+14  2.095438e+11  2.000000e+06
595  1.100000e+04  6.430000e-02  6.430000e-02  4.128494e+08  4.098369e+08  2.095635e+14  2.095635e+11  2.000000e+06
596  1.100000e+04  6.430000e-02  6.430000e-02  4.098369e+08  4.068244e+08  2.095826e+14  2.095826e+11  2.000000e+06
597  1.100000e+04  6.430000e-02  6.430000e-02  4.068244e+08  4.038119e+08  2.096018e+14  2.096018e+11  2.000000e+06
598  1.100000e+04  6.430000e-02  6.430000e-02  4.038119e+08  4.007993e+08  2.096209e+14  2.096209e+11  2.000000e+06
599  1.100000e+04  6.430000e-02  6.430000e-02  4.007993e+08  3.977867e+08  2.096400e+14  2.096400e+11  2.000000e+06
600  1.100000e+04  6.430000e-02  6.430000e-02  3.977867e+08  3.947741e+08  2.096591e+14  2.096591e+11  2.000000e+06
601  1.100000e+04  6.430000e-02  6.430000e-02  3.947741e+08  3.917614e+08  2.096783e+14  2.096783e+11  2.000000e+06
602  1.100000e+04  6.430000e-02  6.430000e-02  3.917614e+08  3.887488e+08  2.096974e+14  2.096974e+11  2.000000e+06
603  1.100000e+04  6.430000e-02  6.430000e-02  3.887488e+08  3.857361e+08  2.097165e+14  2.097165e+11  2.000000e+06
604  1.100000e+04  6.430000e-02  6.430000e-02  3.857361e+08  3.827234e+08  2.097357e+14  2.097357e+11  2.000000e+06
605  1.100000e+04  6.430000e-02  6.430000e-02  3.827234e+08  3.797107e+08  2.097548e+14  2.097548e+11  2.000000e+06
606  1.100000e+04  6.430000e-02  6.430000e-02  3.797107e+08  3.766979e+08  2.098785e+14  2.098785e+11  1.999004e+06
607  1.100000e+04  6.430000e-02  6.430000e-02  3.766979e+08  3.736852e+08  2.106936e+14  2.106936e+11  1.991452e+06
608  1.100000e+04  6.430000e-02  6.430000e-02  3.736852e+08  3.706724e+08  2.123032e+14  2.123032e+11  1.976535e+06
609  1.100000e+04  6.430000e-02  6.430000e-02  3.706724e+08  3.676596e+08  2.147314e+14  2.147314e+11  1.954364e+06
610  1.100000e+04  6.430000e-02  6.430000e-02  3.676596e+08  3.646468e+08  2.180154e+14  2.180154e+11  1.925106e+06
611  1.100000e+04  6.430000e-02  6.430000e-02  3.646468e+08  3.616339e+08  2.222063e+14  2.222063e+11  1.888976e+06
612  1.100000e+04  6.430000e-02  6.430000e-02  3.616339e+08  3.586211e+08  2.273712e+14  2.273712e+11  1.846245e+06
613  1.100000e+04  6.430000e-02  6.430000e-02  3.586211e+08  3.556082e+08  2.335951e+14  2.335951e+11  1.797231e+06
614  1.100000e+04  6.430000e-02  6.430000e-02  3.556082e+08  3.525953e+08  2.409844e+14  2.409844e+11  1.742300e+06
615  1.100000e+04  6.430000e-02  6.430000e-02  3.525953e+08  3.495824e+08  2.496707e+14  2.496707e+11  1.681860e+06
616  1.100000e+04  6.430000e-02  6.430000e-02  3.495824e+08  3.465695e+08  2.598160e+14  2.598160e+11  1.616362e+06
617  1.100000e+04  6.430000e-02  6.430000e-02  3.465695e+08  3.435565e+08  2.716198e+14  2.716198e+11  1.546294e+06
618  1.100000e+04  6.430000e-02  6.430000e-02  3.435565e+08  3.405435e+08  2.853280e+14  2.853280e+11  1.472178e+06
619  1.100000e+04  6.430000e-02  6.430000e-02  3.405435e+08  3.375305e+08  3.012445e+14  3.012445e+11  1.394567e+06
620  1.100000e+04  6.430000e-02  6.430000e-02  3.375305e+08  3.345175e+08  3.197473e+14  3.197473e+11  1.314040e+06
621  1.100000e+04  6.430000e-02  6.430000e-02  3.345175e+08  3.315045e+08  3.413097e+14  3.413097e+11  1.231195e+06
622  1.100000e+04  6.430000e-02  6.430000e-02  3.315045e+08  3.284915e+08  3.665290e+14  3.665290e+11  1.146652e+06
623  1.100000e+04  6.430000e-02  6.430000e-02  3.284915e+08  3.254784e+08  3.961662e+14  3.961662e+11  1.061040e+06
624  1.100000e+04  6.430000e-02  6.430000e-02  3.254784e+08  3.224653e+08  4.312017e+14  4.312017e+11  9.749974e+05
625  1.100000e+04  6.430000e-02  6.430000e-02  3.224653e+08  3.194522e+08  4.729145e+14  4.729145e+11  8.891654e+05
626  1.100000e+04  6.430000e-02  6.430000e-02  3.194522e+08  3.164391e+08  5.229966e+14  5.229966e+11  8.041841e+05
627  1.100000e+04  6.430000e-02  6.430000e-02  3.164391e+08  3.134260e+08  5.837223e+14  5.837223e+11  7.206869e+05
628  1.100000e+04  6.430000e-02  6.430000e-02  3.134260e+08  3.104129e+08  6.582041e+14  6.582041e+11  6.392965e+05
629  1.100000e+04  6.430000e-02  6.430000e-02  3.104129e+08  3.073997e+08  7.507904e+14  7.507904e+11  5.606195e+05
630  1.100000e+04  6.430000e-02  6.430000e-02  3.073997e+08  3.043865e+08  8.676996e+14  8.676996e+11  4.852426e+05
631  1.100000e+04  6.430000e-02  6.430000e-02  3.043865e+08  3.013733e+08  1.018068e+15  1.018068e+12  4.137278e+05
632  1.100000e+04  6.430000e-02  6.430000e-02  3.013733e+08  2.983601e+08  1.215750e+15  1.215750e+12  3.466083e+05
633  1.100000e+04  6.430000e-02  6.430000e-02  2.983601e+08  2.953469e+08  1.482538e+15  1.482538e+12  2.843846e+05
634  1.100000e+04  6.430000e-02  6.430000e-02  2.953469e+08  2.923337e+08  1.854257e+15  1.854257e+12  2.275206e+05
635  1.100000e+04  6.430000e-02  6.430000e-02  2.923337e+08  2.893204e+08  2.392989e+15  2.392989e+12  1.764405e+05
636  1.100000e+04  6.430000e-02  6.430000e-02  2.893204e+08  2.863071e+08  3.213510e+15  3.213510e+12  1.315251e+05
637  1.100000e+04  6.430000e-02  6.430000e-02  2.863071e+08  2.832939e+08  4.545664e+15  4.545664e+12  9.310944e+04
638  1.100000e+04  6.430000e-02  6.430000e-02  2.832939e+08  2.802806e+08  6.897770e+15  6.897770e+12  6.147997e+04
639  1.100000e+04  6.430000e-02  6.430000e-02  2.802806e+08  2.772672e+08  1.153526e+16  1.153526e+13  3.687266e+04
640  1.100000e+04  6.430000e-02  6.430000e-02  2.772672e+08  2.742539e+08  2.195291e+16  2.195291e+13  1.947106e+04
641  1.100000e+04  6.430000e-02  6.430000e-02  2.742539e+08  2.712406e+08  4.587673e+16  4.587673e+13  9.405036e+03
642  1.100000e+04  6.430000e-02  6.430000e-02  2.712406e+08  2.682272e+08  4.851554e+16  3.480732e+16  6.673744e+03
643  1.100000e+04  6.430000e-02  6.430000e-02  2.682272e+08  2.652138e+08  5.030586e+16  3.717054e+16  6.671954e+03
644  1.100000e+04  6.430000e-02  6.430000e-02  2.652138e+08  2.622004e+08  5.209619e+16  3.953378e+16  6.670164e+03
645  1.100000e+04  6.430000e-02  6.430000e-02  2.622004e+08  2.591870e+08  5.388653e+16  4.189702e+16  6.668373e+03
646  1.100000e+04  6.430000e-02  6.430000e-02  2.591870e+08  2.561736e+08  5.571504e+16  4.451469e+16  6.666655e+03
647  1.100000e+04  6.430000e-02  6.430000e-02  2.561736e+08  2.531602e+08  5.766928e+16  4.797056e+16  6.665175e+03
648  1.100000e+04  6.430000e-02  6.430000e-02  2.531602e+08  2.501468e+08  5.962353e+16  5.142645e+16  6.663694e+03
649  1.100000e+04  6.430000e-02  6.430000e-02  2.501468e+08  2.471333e+08  6.157779e+16  5.488236e+16  6.662214e+03
650  1.100000e+04  6.430000e-02  6.430000e-02  2.471333e+08  2.441198e+08  6.353205e+16  5.833828e+16  6.660733e+03
651  1.100000e+04  6.430000e-02  6.430000e-02  2.441198e+08  2.411063e+08  6.563941e+16  6.292889e+16  6.659400e+03
652  1.100000e+04  6.430000e-02  6.430000e-02  2.411063e+08  2.380929e+08  6.789700e+16  6.863306e+16  6.658211e+03
653  1.100000e+04  6.430000e-02  6.430000e-02  2.380929e+08  2.350793e+08  7.015459e+16  7.433725e+16  6.657022e+03
654  1.100000e+04  6.430000e-02  6.430000e-02  2.350793e+08  2.320658e+08  7.241220e+16  8.004146e+16  6.655833e+03
655  1.100000e+04  6.430000e-02  6.430000e-02  2.320658e+08  2.290523e+08  7.466982e+16  8.574570e+16  6.654644e+03
656  1.100000e+04  6.430000e-02  6.430000e-02  2.290523e+08  2.260388e+08  7.692745e+16  9.144996e+16  6.653455e+03
657  1.100000e+04  6.430000e-02  6.430000e-02  2.260388e+08  2.230252e+08  7.918508e+16  9.715425e+16  6.652266e+03
658  1.100000e+04  6.430000e-02  6.430000e-02  2.230252e+08  2.200116e+08  8.169484e+16  1.065478e+17  6.651216e+03
659  1.100000e+04  6.430000e-02  6.430000e-02  2.200116e+08  2.169980e+08  8.427723e+16  1.170042e+17  6.650206e+03
660  1.100000e+04  6.430000e-02  6.430000e-02  2.169980e+08  2.139845e+08  8.685963e+16  1.274606e+17  6.649196e+03
661  1.100000e+04  6.430000e-02  6.430000e-02  2.139845e+08  2.109709e+08  8.944204e+16  1.379171e+17  6.648186e+03
662  1.100000e+04  6.430000e-02  6.430000e-02  2.109709e+08  2.079572e+08  9.202446e+16  1.483736e+17  6.647176e+03
663  1.100000e+04  6.430000e-02  6.430000e-02  2.079572e+08  2.049436e+08  9.460688e+16  1.588301e+17  6.646165e+03
664  1.100000e+04  6.430000e-02  6.430000e-02  2.049436e+08  2.019300e+08  9.718932e+16  1.692867e+17  6.645155e+03
665  1.100000e+04  6.430000e-02  6.430000e-02  2.019300e+08  1.989163e+08  9.977177e+16  1.797433e+17  6.644145e+03
666  1.100000e+04  6.430000e-02  6.430000e-02  1.989163e+08  1.959027e+08  1.023542e+17  1.901999e+17  6.643135e+03
667  1.100000e+04  6.430000e-02  6.430000e-02  1.959027e+08  1.928890e+08  1.048774e+17  2.106159e+17  6.642093e+03
668  1.100000e+04  6.430000e-02  6.430000e-02  1.928890e+08  1.898753e+08  1.073914e+17  2.325716e+17  6.641045e+03
669  1.100000e+04  6.430000e-02  6.430000e-02  1.898753e+08  1.868616e+08  1.099054e+17  2.545274e+17  6.639998e+03
670  1.100000e+04  6.430000e-02  6.430000e-02  1.868616e+08  1.838479e+08  1.124195e+17  2.764833e+17  6.638950e+03
671  1.100000e+04  6.430000e-02  6.430000e-02  1.838479e+08  1.808342e+08  1.149335e+17  2.984392e+17  6.637903e+03
672  1.100000e+04  6.430000e-02  6.430000e-02  1.808342e+08  1.778205e+08  1.174475e+17  3.203952e+17  6.636855e+03
673  1.100000e+04  6.430000e-02  6.430000e-02  1.778205e+08  1.748068e+08  1.199616e+17  3.423513e+17  6.635808e+03
674  1.100000e+04  6.430000e-02  6.430000e-02  1.748068e+08  1.717931e+08  1.224757e+17  3.643074e+17  6.634760e+03
675  1.100000e+04  6.430000e-02  6.430000e-02  1.717931e+08  1.687793e+08  1.249897e+17  3.862636e+17  6.633713e+03
676  1.100000e+04  6.430000e-02  6.430000e-02  1.687793e+08  1.657656e+08  1.272656e+17  4.154986e+17  6.632637e+03
677  1.100000e+04  6.430000e-02  6.430000e-02  1.657656e+08  1.627518e+08  1.290345e+17  4.602207e+17  6.631504e+03
678  1.100000e+04  6.430000e-02  6.430000e-02  1.627518e+08  1.597380e+08  1.308034e+17  5.049431e+17  6.630370e+03
679  1.100000e+04  6.430000e-02  6.430000e-02  1.597380e+08  1.567243e+08  1.325724e+17  5.496655e+17  6.629236e+03
680  1.100000e+04  6.430000e-02  6.430000e-02  1.567243e+08  1.537105e+08  1.343413e+17  5.943881e+17  6.628102e+03
681  1.100000e+04  6.430000e-02  6.430000e-02  1.537105e+08  1.506967e+08  1.361103e+17  6.391107e+17  6.626968e+03
682  1.100000e+04  6.430000e-02  6.430000e-02  1.506967e+08  1.476829e+08  1.378792e+17  6.838336e+17  6.625834e+03
683  1.100000e+04  6.430000e-02  6.430000e-02  1.476829e+08  1.446691e+08  1.396482e+17  7.285565e+17  6.624700e+03
684  1.100000e+04  6.430000e-02  6.430000e-02  1.446691e+08  1.416552e+08  1.414171e+17  7.732795e+17  6.623566e+03
685  1.100000e+04  6.430000e-02  6.430000e-02  1.416552e+08  1.386414e+08  1.423677e+17  8.445738e+17  6.622413e+03
686  1.100000e+04  6.430000e-02  6.430000e-02  1.386414e+08  1.356276e+08  1.425030e+17  9.423421e+17  6.621241e+03
687  1.100000e+04  6.430000e-02  6.430000e-02  1.356276e+08  1.326137e+08  1.426382e+17  1.040111e+18  6.620069e+03
688  1.100000e+04  6.430000e-02  6.430000e-02  1.326137e+08  1.295999e+08  1.427735e+17  1.137879e+18  6.618897e+03
689  1.100000e+04  6.430000e-02  6.430000e-02  1.295999e+08  1.265860e+08  1.429087e+17  1.235648e+18  6.617725e+03
690  1.100000e+04  6.430000e-02  6.430000e-02  1.265860e+08  1.235722e+08  1.430439e+17  1.333418e+18  6.616553e+03
691  1.100000e+04  6.430000e-02  6.430000e-02  1.235722e+08  1.205583e+08  1.431792e+17  1.431187e+18  6.615380e+03
692  1.100000e+04  6.430000e-02  6.430000e-02  1.205583e+08  1.175444e+08  1.433144e+17  1.528957e+18  6.614208e+03
693  1.100000e+04  6.430000e-02  6.430000e-02  1.175444e+08  1.145305e+08  1.434497e+17  1.626726e+18  6.613036e+03
694  1.100000e+04  6.430000e-02  6.430000e-02  1.145305e+08  1.115166e+08  1.435849e+17  1.724496e+18  6.611864e+03
695  1.100000e+04  6.430000e-02  6.430000e-02  1.115166e+08  1.085028e+08  1.437201e+17  1.822267e+18  6.610692e+03
696  1.100000e+04  6.430000e-02  6.430000e-02  1.085028e+08  1.054889e+08  1.440320e+17  1.960123e+18  6.609454e+03
697  1.100000e+04  6.430000e-02  6.430000e-02  1.054889e+08  1.024750e+08  1.445987e+17  2.155783e+18  6.608121e+03
698  1.100000e+04  6.430000e-02  6.430000e-02  1.024750e+08  9.946104e+07  1.451653e+17  2.351444e+18  6.606787e+03
699  1.100000e+04  6.430000e-02  6.430000e-02  9.946104e+07  9.644713e+07  1.457320e+17  2.547105e+18  6.605454e+03
700  1.100000e+04  6.430000e-02  6.430000e-02  9.644713e+07  9.343321e+07  1.462986e+17  2.742766e+18  6.604121e+03
701  1.100000e+04  6.430000e-02  6.430000e-02  9.343321e+07  9.041928e+07  1.468653e+17  2.938428e+18  6.602788e+03
702  1.100000e+04  6.430000e-02  6.430000e-02  9.041928e+07  8.740535e+07  1.474319e+17  3.134090e+18  6.601454e+03
703  1.100000e+04  6.430000e-02  6.430000e-02  8.740535e+07  8.439141e+07  1.479986e+17  3.329752e+18  6.600121e+03
704  1.100000e+04  6.430000e-02  6.430000e-02  8.439141e+07  8.137748e+07  1.485653e+17  3.525415e+18  6.598788e+03
705  1.100000e+04  6.430000e-02  6.430000e-02  8.137748e+07  7.836353e+07  1.503353e+17  3.782992e+18  6.596835e+03
706  1.100000e+04  6.430000e-02  6.430000e-02  7.836353e+07  7.534958e+07  1.538423e+17  4.129939e+18  6.593988e+03
707  1.100000e+04  6.430000e-02  6.430000e-02  7.534958e+07  7.233563e+07  1.573493e+17  4.476886e+18  6.591141e+03
708  1.100000e+04  6.430000e-02  6.430000e-02  7.233563e+07  6.932168e+07  1.608563e+17  4.823834e+18  6.588294e+03
709  1.100000e+04  6.430000e-02  6.430000e-02  6.932168e+07  6.630772e+07  1.643633e+17  5.170782e+18  6.585447e+03
710  1.100000e+04  6.430000e-02  6.430000e-02  6.630772e+07  6.329375e+07  1.678703e+17  5.517731e+18  6.582600e+03
711  1.100000e+04  6.430000e-02  6.430000e-02  6.329375e+07  6.027979e+07  1.713773e+17  5.864679e+18  6.579753e+03
712  1.100000e+04  6.430000e-02  6.430000e-02  6.027979e+07  5.726582e+07  1.748843e+17  6.211629e+18  6.576906e+03
713  1.100000e+04  6.430000e-02  6.430000e-02  5.726582e+07  5.425184e+07  1.784826e+17  6.720061e+18  6.571246e+03
714  1.100000e+04  6.430000e-02  6.430000e-02  5.425184e+07  5.123787e+07  1.821234e+17  7.303830e+18  6.564274e+03
715  1.100000e+04  6.430000e-02  6.430000e-02  5.123787e+07  4.822389e+07  1.857642e+17  7.887601e+18  6.557303e+03
716  1.100000e+04  6.430000e-02  6.430000e-02  4.822389e+07  4.520991e+07  1.894050e+17  8.471371e+18  6.550331e+03
717  1.100000e+04  6.430000e-02  6.430000e-02  4.520991e+07  4.219593e+07  1.930459e+17  9.055143e+18  6.543359e+03
718  1.100000e+04  6.430000e-02  6.430000e-02  4.219593e+07  3.918194e+07  1.966867e+17  9.638914e+18  6.536387e+03
719  1.100000e+04  6.430000e-02  6.430000e-02  3.918194e+07  3.616795e+07  2.001489e+17  1.028704e+19  6.527607e+03
720  1.100000e+04  6.430000e-02  6.430000e-02  3.616795e+07  3.315396e+07  2.030036e+17  1.115394e+19  6.512678e+03
721  1.100000e+04  6.430000e-02  6.430000e-02  3.315396e+07  3.013997e+07  2.058584e+17  1.202084e+19  6.497750e+03
722  1.100000e+04  6.430000e-02  6.430000e-02  3.013997e+07  2.712598e+07  2.087131e+17  1.288774e+19  6.482821e+03
723  1.100000e+04  6.430000e-02  6.430000e-02  2.712598e+07  2.411199e+07  2.102375e+17  1.387751e+19  6.464750e+03
724  1.100000e+04  6.430000e-02  6.430000e-02  2.411199e+07  2.109799e+07  2.098403e+17  1.504473e+19  6.442139e+03
725  1.100000e+04  6.430000e-02  6.430000e-02  2.109799e+07  1.808399e+07  2.094431e+17  1.621195e+19  6.419528e+03
726  1.100000e+04  6.430000e-02  6.430000e-02  1.808399e+07  1.507000e+07  2.087818e+17  1.742773e+19  6.396136e+03
727  1.100000e+04  6.430000e-02  6.430000e-02  1.507000e+07  1.205600e+07  2.064485e+17  1.895106e+19  6.367803e+03
728  1.100000e+04  6.430000e-02  6.430000e-02  1.205600e+07  9.041999e+06  2.041152e+17  2.047439e+19  6.339470e+03
729  1.100000e+04  6.430000e-02  6.430000e-02  9.041999e+06  6.028000e+06  2.014897e+17  2.205586e+19  6.310345e+03
730  1.100000e+04  6.430000e-02  6.430000e-02  6.028000e+06  3.014000e+06  1.970138e+17  2.400552e+19  6.276207e+03
731  1.100000e+04  6.430000e-02  6.430000e-02  3.014000e+06  1.602149e-06  1.925379e+17  2.595517e+19  6.242069e+03

[GHOSTS]
# tag      B_T          phi_g_Jpkg   ne_im3       nn_im3       T_K          T_e_factor
outer_0  6.430000e-02  1.602149e-06  1.925379e+17  2.595517e+19  6.242069e+03  1.000
outer_1  6.430000e-02  1.602149e-06  1.925379e+17  2.595517e+19  6.242069e+03  1.000
inner_0  6.430000e-02  0.000000e+00  1.925379e+17  2.595517e+19  6.242069e+03  1.000
inner_1  6.430000e-02  0.000000e+00  1.925379e+17  2.595517e+19  6.242069e+03  1.000
